Component 1 maximum area=0.37 [on 300x300]
Component type: Circle
---------------------------------------------------------------------------------------
--------------|------- Center-----|----- dimensions---------|----------------------
component| id|    X       |     Y      |  Width/a     | height/b |   hoop   |   Slope   
---------------------------------------------------------------------------------------
          1,    1,        123,        248,       50.5,       50.5,          0   ,          0
          1,    2,        114,        227,       50.5,       50.5,          0   ,          0
          1,    3,        162,         94,       50.5,       50.5,          0   ,          0
          1,    4,        135,         47,       50.5,       50.5,          0   ,          0
          1,    5,        132,         79,       50.5,       50.5,          0   ,          0
          1,    6,        121,         73,       50.5,       50.5,          0   ,          0
          1,    7,        228,        286,       50.5,       50.5,          0   ,          0
          1,    8,        165,         62,       50.5,       50.5,          0   ,          0
          1,    9,         14,        242,       50.5,       50.5,          0   ,          0
------------------------------------------------------------------------------
Component[1] Total Spheres = 9