Component 1 maximum area=0.37 [on 300x300]
Component type: Circle
---------------------------------------------------------------------------------------
--------------|------- Center-----|----- dimensions---------|----------------------
component| id|    X       |     Y      |  Width/a     | height/b |   hoop   |   Slope   
---------------------------------------------------------------------------------------
          1,    1,         32,         49,       50.5,       50.5,          0   ,          0
          1,    2,        265,        188,       50.5,       50.5,          0   ,          0
          1,    3,        231,          7,       50.5,       50.5,          0   ,          0
          1,    4,        150,        236,       50.5,       50.5,          0   ,          0
          1,    5,        221,         24,       50.5,       50.5,          0   ,          0
          1,    6,        260,         15,       50.5,       50.5,          0   ,          0
          1,    7,        246,         20,       50.5,       50.5,          0   ,          0
          1,    8,        221,         33,       50.5,       50.5,          0   ,          0
          1,    9,        112,        162,       50.5,       50.5,          0   ,          0
------------------------------------------------------------------------------
Component[1] Total Spheres = 9