Component 1 maximum area=0.37 [on 300x300]
Component type: Circle
---------------------------------------------------------------------------------------
--------------|------- Center-----|----- dimensions---------|----------------------
component| id|    X       |     Y      |  Width/a     | height/b |   hoop   |   Slope   
---------------------------------------------------------------------------------------
          1,    1,         75,         25,       50.5,       50.5,          0   ,          0
          1,    2,        109,         13,       50.5,       50.5,          0   ,          0
          1,    3,         96,         77,       50.5,       50.5,          0   ,          0
          1,    4,        194,        219,       50.5,       50.5,          0   ,          0
          1,    5,        112,        202,       50.5,       50.5,          0   ,          0
          1,    6,        145,        158,       50.5,       50.5,          0   ,          0
          1,    7,        144,        180,       50.5,       50.5,          0   ,          0
          1,    8,        103,          1,       50.5,       50.5,          0   ,          0
          1,    9,        231,         92,       50.5,       50.5,          0   ,          0
------------------------------------------------------------------------------
Component[1] Total Spheres = 9