Component 1 maximum area=0.37 [on 300x300]
Component type: Circle
---------------------------------------------------------------------------------------
--------------|------- Center-----|----- dimensions---------|----------------------
component| id|    X       |     Y      |  Width/a     | height/b |   hoop   |   Slope   
---------------------------------------------------------------------------------------
          1,    1,        155,        228,       50.5,       50.5,          0   ,          0
          1,    2,        285,         47,       50.5,       50.5,          0   ,          0
          1,    3,        131,        241,       50.5,       50.5,          0   ,          0
          1,    4,         94,        261,       50.5,       50.5,          0   ,          0
          1,    5,        290,          2,       50.5,       50.5,          0   ,          0
          1,    6,        246,        108,       50.5,       50.5,          0   ,          0
          1,    7,         57,         16,       50.5,       50.5,          0   ,          0
          1,    8,        100,        250,       50.5,       50.5,          0   ,          0
          1,    9,        238,        298,       50.5,       50.5,          0   ,          0
------------------------------------------------------------------------------
Component[1] Total Spheres = 9