Component 1 maximum area=0.43 [on 300x300]
Component type: Circle
---------------------------------------------------------------------------------------
--------------|------- Center-----|----- dimensions---------|----------------------
component| id|    X       |     Y      |  Width/a     | height/b |   hoop   |   Slope   
---------------------------------------------------------------------------------------
          1,    1,        141,          0,       50.5,       50.5,          0   ,          0
          1,    2,        146,         31,       50.5,       50.5,          0   ,          0
          1,    3,        262,        239,       50.5,       50.5,          0   ,          0
          1,    4,        153,        226,       50.5,       50.5,          0   ,          0
          1,    5,        293,        157,       50.5,       50.5,          0   ,          0
          1,    6,        129,        202,       50.5,       50.5,          0   ,          0
          1,    7,        254,         84,       50.5,       50.5,          0   ,          0
          1,    8,        261,        253,       50.5,       50.5,          0   ,          0
          1,    9,        137,        279,       50.5,       50.5,          0   ,          0
------------------------------------------------------------------------------
Component[1] Total Spheres = 9