Component 1 maximum area=0.43 [on 300x300]
Component type: Circle
---------------------------------------------------------------------------------------
--------------|------- Center-----|----- dimensions---------|----------------------
component| id|    X       |     Y      |  Width/a     | height/b |   hoop   |   Slope   
---------------------------------------------------------------------------------------
          1,    1,        132,         45,       50.5,       50.5,          0   ,          0
          1,    2,        133,         34,       50.5,       50.5,          0   ,          0
          1,    3,        239,        277,       50.5,       50.5,          0   ,          0
          1,    4,        175,        243,       50.5,       50.5,          0   ,          0
          1,    5,        126,        299,       50.5,       50.5,          0   ,          0
          1,    6,        102,         72,       50.5,       50.5,          0   ,          0
          1,    7,        161,        223,       50.5,       50.5,          0   ,          0
          1,    8,          8,         30,       50.5,       50.5,          0   ,          0
          1,    9,        290,        279,       50.5,       50.5,          0   ,          0
          1,   10,         83,        204,       50.5,       50.5,          0   ,          0
------------------------------------------------------------------------------
Component[1] Total Spheres = 10