Component 1 maximum area=0.43 [on 300x300]
Component type: Circle
---------------------------------------------------------------------------------------
--------------|------- Center-----|----- dimensions---------|----------------------
component| id|    X       |     Y      |  Width/a     | height/b |   hoop   |   Slope   
---------------------------------------------------------------------------------------
          1,    1,        283,        226,       50.5,       50.5,          0   ,          0
          1,    2,         22,        288,       50.5,       50.5,          0   ,          0
          1,    3,        281,         10,       50.5,       50.5,          0   ,          0
          1,    4,         43,         18,       50.5,       50.5,          0   ,          0
          1,    5,        155,        269,       50.5,       50.5,          0   ,          0
          1,    6,        141,        185,       50.5,       50.5,          0   ,          0
          1,    7,        157,        139,       50.5,       50.5,          0   ,          0
          1,    8,         31,          1,       50.5,       50.5,          0   ,          0
          1,    9,         22,         44,       50.5,       50.5,          0   ,          0
------------------------------------------------------------------------------
Component[1] Total Spheres = 9