Component 1 maximum area=0.43 [on 300x300]
Component type: Circle
---------------------------------------------------------------------------------------
--------------|------- Center-----|----- dimensions---------|----------------------
component| id|    X       |     Y      |  Width/a     | height/b |   hoop   |   Slope   
---------------------------------------------------------------------------------------
          1,    1,         65,        215,       50.5,       50.5,          0   ,          0
          1,    2,        264,        292,       50.5,       50.5,          0   ,          0
          1,    3,        226,         60,       50.5,       50.5,          0   ,          0
          1,    4,         90,        222,       50.5,       50.5,          0   ,          0
          1,    5,        124,        267,       50.5,       50.5,          0   ,          0
          1,    6,         19,         90,       50.5,       50.5,          0   ,          0
          1,    7,         86,        224,       50.5,       50.5,          0   ,          0
          1,    8,        282,         78,       50.5,       50.5,          0   ,          0
          1,    9,        134,        110,       50.5,       50.5,          0   ,          0
------------------------------------------------------------------------------
Component[1] Total Spheres = 9