Component 1 maximum area=0.43 [on 300x300]
Component type: Circle
---------------------------------------------------------------------------------------
--------------|------- Center-----|----- dimensions---------|----------------------
component| id|    X       |     Y      |  Width/a     | height/b |   hoop   |   Slope   
---------------------------------------------------------------------------------------
          1,    1,         24,         56,       50.5,       50.5,          0   ,          0
          1,    2,         44,        253,       50.5,       50.5,          0   ,          0
          1,    3,         79,        267,       50.5,       50.5,          0   ,          0
          1,    4,        281,        162,       50.5,       50.5,          0   ,          0
          1,    5,        201,         92,       50.5,       50.5,          0   ,          0
          1,    6,        256,        149,       50.5,       50.5,          0   ,          0
          1,    7,         30,        239,       50.5,       50.5,          0   ,          0
          1,    8,        222,         71,       50.5,       50.5,          0   ,          0
          1,    9,         42,        290,       50.5,       50.5,          0   ,          0
          1,   10,         13,         51,       50.5,       50.5,          0   ,          0
          1,   11,         42,         92,       50.5,       50.5,          0   ,          0
------------------------------------------------------------------------------
Component[1] Total Spheres = 11