Component 1 maximum area=0.43 [on 300x300]
Component type: Circle
---------------------------------------------------------------------------------------
--------------|------- Center-----|----- dimensions---------|----------------------
component| id|    X       |     Y      |  Width/a     | height/b |   hoop   |   Slope   
---------------------------------------------------------------------------------------
          1,    1,         42,        245,       50.5,       50.5,          0   ,          0
          1,    2,        296,        113,       50.5,       50.5,          0   ,          0
          1,    3,        275,        120,       50.5,       50.5,          0   ,          0
          1,    4,         91,        238,       50.5,       50.5,          0   ,          0
          1,    5,         40,        207,       50.5,       50.5,          0   ,          0
          1,    6,        122,        235,       50.5,       50.5,          0   ,          0
          1,    7,         21,        295,       50.5,       50.5,          0   ,          0
          1,    8,        201,        164,       50.5,       50.5,          0   ,          0
          1,    9,        151,        232,       50.5,       50.5,          0   ,          0
          1,   10,         95,         98,       50.5,       50.5,          0   ,          0
------------------------------------------------------------------------------
Component[1] Total Spheres = 10