Component 1 maximum area=0.43 [on 300x300]
Component type: Circle
---------------------------------------------------------------------------------------
--------------|------- Center-----|----- dimensions---------|----------------------
component| id|    X       |     Y      |  Width/a     | height/b |   hoop   |   Slope   
---------------------------------------------------------------------------------------
          1,    1,        165,         38,       50.5,       50.5,          0   ,          0
          1,    2,         96,        171,       50.5,       50.5,          0   ,          0
          1,    3,        155,        264,       50.5,       50.5,          0   ,          0
          1,    4,        147,        260,       50.5,       50.5,          0   ,          0
          1,    5,        151,         18,       50.5,       50.5,          0   ,          0
          1,    6,        276,        231,       50.5,       50.5,          0   ,          0
          1,    7,        264,        199,       50.5,       50.5,          0   ,          0
          1,    8,         62,        178,       50.5,       50.5,          0   ,          0
          1,    9,         94,        113,       50.5,       50.5,          0   ,          0
------------------------------------------------------------------------------
Component[1] Total Spheres = 9