Component 1 maximum area=0.43 [on 300x300]
Component type: Circle
---------------------------------------------------------------------------------------
--------------|------- Center-----|----- dimensions---------|----------------------
component| id|    X       |     Y      |  Width/a     | height/b |   hoop   |   Slope   
---------------------------------------------------------------------------------------
          1,    1,        106,        112,       50.5,       50.5,          0   ,          0
          1,    2,        145,        136,       50.5,       50.5,          0   ,          0
          1,    3,        152,        114,       50.5,       50.5,          0   ,          0
          1,    4,         89,         12,       50.5,       50.5,          0   ,          0
          1,    5,        121,        222,       50.5,       50.5,          0   ,          0
          1,    6,        102,        184,       50.5,       50.5,          0   ,          0
          1,    7,        249,        265,       50.5,       50.5,          0   ,          0
          1,    8,          1,          6,       50.5,       50.5,          0   ,          0
          1,    9,        169,        125,       50.5,       50.5,          0   ,          0
------------------------------------------------------------------------------
Component[1] Total Spheres = 9