Component 1 maximum area=0.43 [on 300x300]
Component type: Circle
---------------------------------------------------------------------------------------
--------------|------- Center-----|----- dimensions---------|----------------------
component| id|    X       |     Y      |  Width/a     | height/b |   hoop   |   Slope   
---------------------------------------------------------------------------------------
          1,    1,        199,        163,       50.5,       50.5,          0   ,          0
          1,    2,        229,        228,       50.5,       50.5,          0   ,          0
          1,    3,        281,         36,       50.5,       50.5,          0   ,          0
          1,    4,         14,        192,       50.5,       50.5,          0   ,          0
          1,    5,        199,        266,       50.5,       50.5,          0   ,          0
          1,    6,        160,        211,       50.5,       50.5,          0   ,          0
          1,    7,        201,        232,       50.5,       50.5,          0   ,          0
          1,    8,          4,         20,       50.5,       50.5,          0   ,          0
          1,    9,        201,         19,       50.5,       50.5,          0   ,          0
------------------------------------------------------------------------------
Component[1] Total Spheres = 9