Component 1 maximum area=0.43 [on 300x300]
Component type: Circle
---------------------------------------------------------------------------------------
--------------|------- Center-----|----- dimensions---------|----------------------
component| id|    X       |     Y      |  Width/a     | height/b |   hoop   |   Slope   
---------------------------------------------------------------------------------------
          1,    1,        283,         44,       50.5,       50.5,          0   ,          0
          1,    2,        167,         42,       50.5,       50.5,          0   ,          0
          1,    3,        185,         90,       50.5,       50.5,          0   ,          0
          1,    4,         53,        170,       50.5,       50.5,          0   ,          0
          1,    5,        259,          8,       50.5,       50.5,          0   ,          0
          1,    6,        183,         89,       50.5,       50.5,          0   ,          0
          1,    7,         31,          4,       50.5,       50.5,          0   ,          0
          1,    8,        144,        167,       50.5,       50.5,          0   ,          0
          1,    9,        232,         63,       50.5,       50.5,          0   ,          0
------------------------------------------------------------------------------
Component[1] Total Spheres = 9