Component 1 maximum area=0.43 [on 300x300]
Component type: Circle
---------------------------------------------------------------------------------------
--------------|------- Center-----|----- dimensions---------|----------------------
component| id|    X       |     Y      |  Width/a     | height/b |   hoop   |   Slope   
---------------------------------------------------------------------------------------
          1,    1,        268,        259,       50.5,       50.5,          0   ,          0
          1,    2,        232,        225,       50.5,       50.5,          0   ,          0
          1,    3,        206,        180,       50.5,       50.5,          0   ,          0
          1,    4,        144,         99,       50.5,       50.5,          0   ,          0
          1,    5,        274,        283,       50.5,       50.5,          0   ,          0
          1,    6,        216,        202,       50.5,       50.5,          0   ,          0
          1,    7,        119,        158,       50.5,       50.5,          0   ,          0
          1,    8,         86,        131,       50.5,       50.5,          0   ,          0
          1,    9,        162,        103,       50.5,       50.5,          0   ,          0
          1,   10,         58,        194,       50.5,       50.5,          0   ,          0
------------------------------------------------------------------------------
Component[1] Total Spheres = 10