Component 1 maximum area=0.43 [on 300x300]
Component type: Circle
---------------------------------------------------------------------------------------
--------------|------- Center-----|----- dimensions---------|----------------------
component| id|    X       |     Y      |  Width/a     | height/b |   hoop   |   Slope   
---------------------------------------------------------------------------------------
          1,    1,         81,         54,       50.5,       50.5,          0   ,          0
          1,    2,        228,        110,       50.5,       50.5,          0   ,          0
          1,    3,        227,         17,       50.5,       50.5,          0   ,          0
          1,    4,        289,         51,       50.5,       50.5,          0   ,          0
          1,    5,         87,        292,       50.5,       50.5,          0   ,          0
          1,    6,        261,         32,       50.5,       50.5,          0   ,          0
          1,    7,        102,          2,       50.5,       50.5,          0   ,          0
          1,    8,        298,        106,       50.5,       50.5,          0   ,          0
          1,    9,        196,         12,       50.5,       50.5,          0   ,          0
          1,   10,        218,         25,       50.5,       50.5,          0   ,          0
          1,   11,        137,        262,       50.5,       50.5,          0   ,          0
------------------------------------------------------------------------------
Component[1] Total Spheres = 11