Component 1 maximum area=0.43 [on 300x300]
Component type: Circle
---------------------------------------------------------------------------------------
--------------|------- Center-----|----- dimensions---------|----------------------
component| id|    X       |     Y      |  Width/a     | height/b |   hoop   |   Slope   
---------------------------------------------------------------------------------------
          1,    1,          6,        179,       50.5,       50.5,          0   ,          0
          1,    2,         68,         54,       50.5,       50.5,          0   ,          0
          1,    3,         88,         18,       50.5,       50.5,          0   ,          0
          1,    4,        227,         57,       50.5,       50.5,          0   ,          0
          1,    5,        295,         67,       50.5,       50.5,          0   ,          0
          1,    6,         15,        122,       50.5,       50.5,          0   ,          0
          1,    7,        101,        283,       50.5,       50.5,          0   ,          0
          1,    8,          2,         69,       50.5,       50.5,          0   ,          0
          1,    9,        147,        204,       50.5,       50.5,          0   ,          0
------------------------------------------------------------------------------
Component[1] Total Spheres = 9