Component 1 maximum area=0.43 [on 300x300]
Component type: Circle
---------------------------------------------------------------------------------------
--------------|------- Center-----|----- dimensions---------|----------------------
component| id|    X       |     Y      |  Width/a     | height/b |   hoop   |   Slope   
---------------------------------------------------------------------------------------
          1,    1,         41,        270,       50.5,       50.5,          0   ,          0
          1,    2,        198,         94,       50.5,       50.5,          0   ,          0
          1,    3,        299,        204,       50.5,       50.5,          0   ,          0
          1,    4,        125,          1,       50.5,       50.5,          0   ,          0
          1,    5,        110,        106,       50.5,       50.5,          0   ,          0
          1,    6,        298,        228,       50.5,       50.5,          0   ,          0
          1,    7,        213,        115,       50.5,       50.5,          0   ,          0
          1,    8,        105,         57,       50.5,       50.5,          0   ,          0
          1,    9,         27,         21,       50.5,       50.5,          0   ,          0
------------------------------------------------------------------------------
Component[1] Total Spheres = 9