Component 1 maximum area=0.43 [on 300x300]
Component type: Circle
---------------------------------------------------------------------------------------
--------------|------- Center-----|----- dimensions---------|----------------------
component| id|    X       |     Y      |  Width/a     | height/b |   hoop   |   Slope   
---------------------------------------------------------------------------------------
          1,    1,        204,         59,       50.5,       50.5,          0   ,          0
          1,    2,        216,         52,       50.5,       50.5,          0   ,          0
          1,    3,        197,        154,       50.5,       50.5,          0   ,          0
          1,    4,        126,          6,       50.5,       50.5,          0   ,          0
          1,    5,          9,        146,       50.5,       50.5,          0   ,          0
          1,    6,        251,         44,       50.5,       50.5,          0   ,          0
          1,    7,        233,        211,       50.5,       50.5,          0   ,          0
          1,    8,        191,         93,       50.5,       50.5,          0   ,          0
          1,    9,         25,        255,       50.5,       50.5,          0   ,          0
------------------------------------------------------------------------------
Component[1] Total Spheres = 9