Rerclolation 2d
Version 1.6 Cluster Analysis - Electric, Thermal properties - Mechanical properties calculation in progress...Report starting: Thu Jul 18 12:40:02 2024

---------------------------------------------------------------------------------------------------
Inputs
|#  ;%Weights;%Spec. Weights;X Dimension;Y Dimension;Type;Size type;      Area;hoop Dist
   0;      0.3;              1;       1e-08;       1e-08;    4;         3;        0.3;        0
   1;      0.7;              1;       1e-08;       1e-08;    2;         0;        0.7;        0
Pixels Per minimum Size:30
Factor [pixelsPerMinimumCircle / minimumSize]:3e+09
Maximum Dimension:1e-08
Minimum Dimension:1e-08
Grid size =[100x100]
Total iterations: 300
---------------------------------------------------------------------------------------------------
Realiazation No;Percolate Y[1]/N[0]; Process Time; Setup Time   ;% Area Comp[0]  ;% Area Comp[1];Electric Conductivity; Thermal Conductivity; Young Modulus; Poisson Ratio ;Total Conductive Paths;Mean Real Path Length;Current Electric Conductivity
      1;                  1;     0.001;          0.001            ;1            ;0;   4.84869883;   4.84869883;118336.84461804;   0.03786779;  10.00000000; 161.90000000;   0.02062409
      2;                  1;0.00100000;     0.00100000            ;1.00000000            ;0.00000000;   6.26194785;   6.26194785;95709.41834356;   0.03062701;   8.00000000; 164.12500000;   0.01277558
      3;                  1;0.00100000;     0.00100000            ;1.00000000            ;0.00000000;   6.28776503;   6.28776503;96584.63933763;   0.03090708;   8.00000000; 157.37500000;   0.01272312
      4;                  1;0.00100000;     0.00000000            ;1.00000000            ;0.00000000;   6.50538206;   6.50538206;80850.29877613;   0.02587210;   7.00000000; 165.42857143;   0.01076032
      5;                  1;0.00100000;     0.00000000            ;1.00000000            ;0.00000000;   6.07380998;   6.07380998;97592.52605964;   0.03122961;   8.00000000; 168.37500000;   0.01317130
      6;                  1;0.00100000;     0.00100000            ;1.00000000            ;0.00000000;   5.96881925;   5.96881925;93881.26929219;   0.03004201;   8.00000000; 164.62500000;   0.01340299
      7;                  1;0.00000000;     0.00100000            ;1.00000000            ;0.00000000;  10.19373412;  10.19373412;62988.63556885;   0.02015636;   5.00000000; 174.60000000;   0.00490497
      8;                  1;0.00100000;     0.00000000            ;1.00000000            ;0.00000000;   5.95714094;   5.95714094;94896.54369627;   0.03036689;   8.00000000; 158.50000000;   0.01342926
      9;                  1;0.00100000;     0.00000000            ;1.00000000            ;0.00000000;   6.64872678;   6.64872678;94396.64408225;   0.03020693;   8.00000000; 166.12500000;   0.01203238
     10;                  1;0.00100000;     0.00000000            ;1.00000000            ;0.00000000;   5.91428930;   5.91428930;108630.57571725;   0.03476178;   9.00000000; 168.55555556;   0.01521738
     11;                  1;0.00000000;     0.00100000            ;1.00000000            ;0.00000000;   6.18506674;   6.18506674;98315.27037870;   0.03146089;   8.00000000; 167.62500000;   0.01293438
     12;                  1;0.00000000;     0.00100000            ;1.00000000            ;0.00000000;   6.63647236;   6.63647236;94549.03563813;   0.03025569;   8.00000000; 162.87500000;   0.01205460
     13;                  1;0.00100000;     0.00000000            ;1.00000000            ;0.00000000;   6.19954317;   6.19954317;96265.64426911;   0.03080501;   8.00000000; 162.50000000;   0.01290418
     14;                  1;0.00100000;     0.00000000            ;1.00000000            ;0.00000000;   6.17780689;   6.17780689;98324.18029018;   0.03146374;   8.00000000; 170.50000000;   0.01294958
     15;                  1;0.00100000;     0.00000000            ;1.00000000            ;0.00000000;   5.84579265;   5.84579265;106608.88523285;   0.03411484;   9.00000000; 164.88888889;   0.01539569
     16;                  1;0.00100000;     0.00100000            ;1.00000000            ;0.00000000;   6.05214478;   6.05214478;83598.68013096;   0.02675158;   7.00000000; 155.42857143;   0.01156615
     17;                  1;0.00100000;     0.00100000            ;1.00000000            ;0.00000000;   5.16797717;   5.16797717;91729.56948781;   0.02935346;   8.00000000; 154.87500000;   0.01547994
     18;                  1;0.00100000;     0.00100000            ;1.00000000            ;0.00000000;   6.65872186;   6.65872186;92580.62682654;   0.02962580;   8.00000000; 169.62500000;   0.01201432
     19;                  1;0.00100000;     0.00100000            ;1.00000000            ;0.00000000;   5.49638138;   5.49638138;121293.28947190;   0.03881385;  10.00000000; 169.70000000;   0.01819379
     20;                  1;0.00100000;     0.00100000            ;1.00000000            ;0.00000000;   6.42406297;   6.42406297;109495.31117018;   0.03503850;   9.00000000; 167.55555556;   0.01400983
     21;                  1;0.00100000;     0.00100000            ;1.00000000            ;0.00000000;   5.43627227;   5.43627227;106463.90757234;   0.03406845;   9.00000000; 166.55555556;   0.01655546
     22;                  1;0.00100000;     0.00100000            ;1.00000000            ;0.00000000;   6.03644266;   6.03644266;97073.79472219;   0.03106361;   8.00000000; 168.25000000;   0.01325284
     23;                  1;0.00000000;     0.00100000            ;1.00000000            ;0.00000000;   6.67722260;   6.67722260;100351.46325639;   0.03211247;   8.00000000; 165.87500000;   0.01198103
     24;                  1;0.00000000;     0.00100000            ;1.00000000            ;0.00000000;  10.58433031;  10.58433031;61319.42518477;   0.01962222;   5.00000000; 175.40000000;   0.00472396
     25;                  1;0.00100000;     0.00000000            ;1.00000000            ;0.00000000;   7.06111341;   7.06111341;97422.30569177;   0.03117514;   8.00000000; 167.75000000;   0.01132966
     26;                  1;0.00100000;     0.00000000            ;1.00000000            ;0.00000000;   6.90184493;   6.90184493;92325.40728897;   0.02954413;   8.00000000; 172.00000000;   0.01159110
     27;                  1;0.00100000;     0.00100000            ;1.00000000            ;0.00000000;   7.04326951;   7.04326951;82304.94601655;   0.02633758;   7.00000000; 160.14285714;   0.00993857
     28;                  1;0.00100000;     0.00100000            ;1.00000000            ;0.00000000;   6.62277252;   6.62277252;97566.54597934;   0.03122129;   8.00000000; 174.12500000;   0.01207953
     29;                  1;0.00000000;     0.00100000            ;1.00000000            ;0.00000000;   7.10128381;   7.10128381;82178.31063155;   0.02629706;   7.00000000; 167.42857143;   0.00985737
     30;                  1;0.00100000;     0.00000000            ;1.00000000            ;0.00000000;   6.61078942;   6.61078942;92449.72114905;   0.02958391;   8.00000000; 170.62500000;   0.01210143
     31;                  1;0.00100000;     0.00000000            ;1.00000000            ;0.00000000;   6.78483536;   6.78483536;83757.33187665;   0.02680235;   7.00000000; 161.57142857;   0.01031713
     32;                  1;0.00100000;     0.00000000            ;1.00000000            ;0.00000000;   5.42112010;   5.42112010;106683.61029301;   0.03413875;   9.00000000; 160.88888889;   0.01660174
     33;                  1;0.00000000;     0.00100000            ;1.00000000            ;0.00000000;   6.01869654;   6.01869654;95510.56591752;   0.03056338;   8.00000000; 166.75000000;   0.01329191
     34;                  1;0.00100000;     0.00000000            ;1.00000000            ;0.00000000;   5.62900653;   5.62900653;94634.53491491;   0.03028305;   8.00000000; 155.75000000;   0.01421210
     35;                  1;0.00100000;     0.00000000            ;1.00000000            ;0.00000000;   5.38506484;   5.38506484;95118.96882912;   0.03043807;   8.00000000; 155.00000000;   0.01485590
     36;                  1;0.00100000;     0.00100000            ;1.00000000            ;0.00000000;   6.30792480;   6.30792480;108472.71487529;   0.03471127;   9.00000000; 173.00000000;   0.01426777
     37;                  1;0.00100000;     0.00100000            ;1.00000000            ;0.00000000;   7.03581630;   7.03581630;84857.33806220;   0.02715435;   7.00000000; 157.85714286;   0.00994909
     38;                  1;0.00000000;     0.00100000            ;1.00000000            ;0.00000000;   5.40048504;   5.40048504;95645.20978153;   0.03060647;   8.00000000; 152.50000000;   0.01481348
     39;                  1;0.00100000;     0.00000000            ;1.00000000            ;0.00000000;   8.49748363;   8.49748363;71685.15531355;   0.02293925;   6.00000000; 192.66666667;   0.00706091
     40;                  1;0.00200000;     0.00000000            ;1.00000000            ;0.00000000;   5.92076507;   5.92076507;109005.68909162;   0.03488182;   9.00000000; 163.44444444;   0.01520074
     41;                  1;0.00100000;     0.00000000            ;1.00000000            ;0.00000000;   6.98717834;   6.98717834;93531.96015687;   0.02993023;   8.00000000; 169.37500000;   0.01144954
     42;                  1;0.00100000;     0.00000000            ;1.00000000            ;0.00000000;   5.01250452;   5.01250452;107104.32049330;   0.03427338;   9.00000000; 160.44444444;   0.01795510
     43;                  1;0.00100000;     0.00100000            ;1.00000000            ;0.00000000;  11.52560780;  11.52560780;59363.30473402;   0.01899626;   5.00000000; 189.40000000;   0.00433817
     44;                  1;0.00100000;     0.00100000            ;1.00000000            ;0.00000000;   5.39933160;   5.39933160;108667.14579897;   0.03477349;   9.00000000; 159.11111111;   0.01666873
     45;                  1;0.00100000;     0.00100000            ;1.00000000            ;0.00000000;   7.17073969;   7.17073969;69361.29740313;   0.02219561;   6.00000000; 160.16666667;   0.00836734
     46;                  1;0.00100000;     0.00100000            ;1.00000000            ;0.00000000;   4.72683291;   4.72683291;142747.53228306;   0.04567921;  12.00000000; 164.25000000;   0.02538698
     47;                  1;0.00100000;     0.00000000            ;1.00000000            ;0.00000000;   6.74715081;   6.74715081;91857.01070192;   0.02939424;   8.00000000; 176.12500000;   0.01185686
     48;                  1;0.00000000;     0.00100000            ;1.00000000            ;0.00000000;   5.73909537;   5.73909537;91506.20098769;   0.02928198;   8.00000000; 165.37500000;   0.01393948
     49;                  1;0.00100000;     0.00000000            ;1.00000000            ;0.00000000;   8.28707401;   8.28707401;82370.92326029;   0.02635869;   7.00000000; 188.00000000;   0.00844689
     50;                  1;0.00100000;     0.00000000            ;1.00000000            ;0.00000000;   7.42093850;   7.42093850;81652.49876008;   0.02612880;   7.00000000; 174.57142857;   0.00943277
     51;                  1;0.00100000;     0.00000000            ;1.00000000            ;0.00000000;   5.76077815;   5.76077815;95600.12086822;   0.03059204;   8.00000000; 159.75000000;   0.01388701
     52;                  1;0.00100000;     0.00000000            ;1.00000000            ;0.00000000;   6.98728196;   6.98728196;71702.53071884;   0.02294481;   6.00000000; 158.33333333;   0.00858703
     53;                  1;0.00100000;     0.00100000            ;1.00000000            ;0.00000000;   6.42583190;   6.42583190;86317.34474009;   0.02762155;   7.00000000; 157.28571429;   0.01089353
     54;                  1;0.00100000;     0.00100000            ;1.00000000            ;0.00000000;   7.07945519;   7.07945519;96709.34821116;   0.03094699;   8.00000000; 169.37500000;   0.01130030
     55;                  1;0.00100000;     0.00100000            ;1.00000000            ;0.00000000;   7.12478366;   7.12478366;94739.43661852;   0.03031662;   8.00000000; 179.62500000;   0.01122841
     56;                  1;0.00100000;     0.00000000            ;1.00000000            ;0.00000000;   6.61894481;   6.61894481;91454.59061355;   0.02926547;   8.00000000; 177.87500000;   0.01208652
     57;                  1;0.00100000;     0.00000000            ;1.00000000            ;0.00000000;   8.72213506;   8.72213506;66198.15467159;   0.02118341;   6.00000000; 180.16666667;   0.00687905
     58;                  1;0.00100000;     0.00100000            ;1.00000000            ;0.00000000;   5.06574231;   5.06574231;120066.94191745;   0.03842142;  10.00000000; 163.60000000;   0.01974044
     59;                  1;0.00000000;     0.00100000            ;1.00000000            ;0.00000000;   7.42915631;   7.42915631;82198.96070247;   0.02630367;   7.00000000; 162.28571429;   0.00942234
     60;                  1;0.00100000;     0.00000000            ;1.00000000            ;0.00000000;   4.78675931;   4.78675931;118149.02186568;   0.03780769;  10.00000000; 155.10000000;   0.02089096
     61;                  1;0.00000000;     0.00100000            ;1.00000000            ;0.00000000;   5.99669746;   5.99669746;95401.39658994;   0.03052845;   8.00000000; 163.62500000;   0.01334068
     62;                  1;0.00100000;     0.00000000            ;1.00000000            ;0.00000000;   6.86121772;   6.86121772;82936.80586663;   0.02653978;   7.00000000; 153.28571429;   0.01020227
     63;                  1;0.00100000;     0.00000000            ;1.00000000            ;0.00000000;   5.47992905;   5.47992905;107577.40669623;   0.03442477;   9.00000000; 161.55555556;   0.01642357
     64;                  1;0.00100000;     0.00000000            ;1.00000000            ;0.00000000;   3.94712200;   3.94712200;130274.00661740;   0.04168768;  11.00000000; 154.09090909;   0.02786841
     65;                  1;0.00100000;     0.00000000            ;1.00000000            ;0.00000000;   5.60215564;   5.60215564;95384.99343529;   0.03052320;   8.00000000; 155.12500000;   0.01428022
     66;                  1;0.00100000;     0.00100000            ;1.00000000            ;0.00000000;   5.55890915;   5.55890915;82952.28690992;   0.02654473;   7.00000000; 153.57142857;   0.01259240
     67;                  1;0.00100000;     0.00100000            ;1.00000000            ;0.00000000;   5.08609373;   5.08609373;106495.10737963;   0.03407843;   9.00000000; 162.55555556;   0.01769531
     68;                  1;0.00000000;     0.00100000            ;1.00000000            ;0.00000000;   5.01303600;   5.01303600;118225.23102592;   0.03783207;  10.00000000; 161.20000000;   0.01994799
     69;                  1;0.00100000;     0.00000000            ;1.00000000            ;0.00000000;   7.60958697;   7.60958697;82412.52288437;   0.02637201;   7.00000000; 167.28571429;   0.00919892
     70;                  1;0.00000000;     0.00100000            ;1.00000000            ;0.00000000;   6.41890930;   6.41890930;93202.59214830;   0.02982483;   8.00000000; 177.00000000;   0.01246318
     71;                  1;0.00000000;     0.00100000            ;1.00000000            ;0.00000000;   7.11962643;   7.11962643;93014.03545732;   0.02976449;   8.00000000; 185.62500000;   0.01123654
     72;                  1;0.00100000;     0.00100000            ;1.00000000            ;0.00000000;   6.12191211;   6.12191211;82362.00802997;   0.02635584;   7.00000000; 154.28571429;   0.01143434
     73;                  1;0.00100000;     0.00100000            ;1.00000000            ;0.00000000;   4.25682033;   4.25682033;117317.50084486;   0.03754160;  10.00000000; 154.00000000;   0.02349171
     74;                  1;0.00000000;     0.00100000            ;1.00000000            ;0.00000000;   6.72294811;   6.72294811;93506.59447731;   0.02992211;   8.00000000; 173.50000000;   0.01189954
     75;                  1;0.00100000;     0.00000000            ;1.00000000            ;0.00000000;   7.76673963;   7.76673963;70000.56644294;   0.02240018;   6.00000000; 168.00000000;   0.00772525
     76;                  1;0.00100000;     0.00000000            ;1.00000000            ;0.00000000;   6.52903104;   6.52903104;97866.16490791;   0.03131717;   8.00000000; 162.12500000;   0.01225297
     77;                  1;0.00100000;     0.00100000            ;1.00000000            ;0.00000000;   9.06818898;   9.06818898;69595.60146883;   0.02227059;   6.00000000; 184.00000000;   0.00661654
     78;                  1;0.00100000;     0.00100000            ;1.00000000            ;0.00000000;   5.08222259;   5.08222259;120435.42984480;   0.03853934;  10.00000000; 159.10000000;   0.01967643
     79;                  1;0.00100000;     0.00100000            ;1.00000000            ;0.00000000;   7.44181227;   7.44181227;82709.36742949;   0.02646700;   7.00000000; 177.14285714;   0.00940631
     80;                  1;0.00100000;     0.00100000            ;1.00000000            ;0.00000000;   5.17021358;   5.17021358;134966.34503762;   0.04318923;  11.00000000; 165.09090909;   0.02127572
     81;                  1;0.00100000;     0.00000000            ;1.00000000            ;0.00000000;   7.27076164;   7.27076164;83847.69476410;   0.02683126;   7.00000000; 176.42857143;   0.00962760
     82;                  1;0.00100000;     0.00000000            ;1.00000000            ;0.00000000;   5.20913220;   5.20913220;119042.84637833;   0.03809371;  10.00000000; 164.80000000;   0.01919706
     83;                  1;0.00100000;     0.00000000            ;1.00000000            ;0.00000000;   8.47781750;   8.47781750;71042.88989952;   0.02273372;   6.00000000; 159.16666667;   0.00707729
     84;                  1;0.00100000;     0.00100000            ;1.00000000            ;0.00000000;   6.35330596;   6.35330596;82643.23854528;   0.02644584;   7.00000000; 170.28571429;   0.01101789
     85;                  1;0.00100000;     0.00100000            ;1.00000000            ;0.00000000;   4.59999219;   4.59999219;117614.22897344;   0.03763655;  10.00000000; 161.70000000;   0.02173917
     86;                  1;0.00100000;     0.00100000            ;1.00000000            ;0.00000000;   5.55677371;   5.55677371;110627.63567226;   0.03540084;   9.00000000; 172.00000000;   0.01619645
     87;                  1;0.00100000;     0.00100000            ;1.00000000            ;0.00000000;   7.18065386;   7.18065386;81057.17982265;   0.02593830;   7.00000000; 162.57142857;   0.00974842
     88;                  1;0.00100000;     0.00100000            ;1.00000000            ;0.00000000;   5.44997868;   5.44997868;104799.64061341;   0.03353588;   9.00000000; 161.00000000;   0.01651383
     89;                  1;0.00000000;     0.00200000            ;1.00000000            ;0.00000000;   6.80158318;   6.80158318;81600.24987700;   0.02611208;   7.00000000; 164.28571429;   0.01029172
     90;                  1;0.00100000;     0.00100000            ;1.00000000            ;0.00000000;   5.02499150;   5.02499150;109386.63246711;   0.03500372;   9.00000000; 155.22222222;   0.01791048
     91;                  1;0.00100000;     0.00000000            ;1.00000000            ;0.00000000;   5.82148753;   5.82148753;93640.86725563;   0.02996508;   8.00000000; 159.37500000;   0.01374219
     92;                  1;0.00100000;     0.00000000            ;1.00000000            ;0.00000000;   7.13374088;   7.13374088;95726.42226181;   0.03063245;   8.00000000; 173.25000000;   0.01121431
     93;                  1;0.00100000;     0.00000000            ;1.00000000            ;0.00000000;  10.70437484;  10.70437484;59002.66704625;   0.01888085;   5.00000000; 179.40000000;   0.00467099
     94;                  1;0.00100000;     0.00100000            ;1.00000000            ;0.00000000;   6.80970403;   6.80970403;84032.97668225;   0.02689055;   7.00000000; 166.14285714;   0.01027945
     95;                  1;0.00100000;     0.00000000            ;1.00000000            ;0.00000000;   7.96633969;   7.96633969;69831.98706081;   0.02234624;   6.00000000; 184.83333333;   0.00753169
     96;                  1;0.00100000;     0.00100000            ;1.00000000            ;0.00000000;   6.21194624;   6.21194624;82007.13696053;   0.02624228;   7.00000000; 158.57142857;   0.01126861
     97;                  1;0.00100000;     0.00100000            ;1.00000000            ;0.00000000;   5.28913830;   5.28913830;120768.37977150;   0.03864588;  10.00000000; 162.40000000;   0.01890667
     98;                  1;0.00100000;     0.00000000            ;1.00000000            ;0.00000000;   4.98708406;   4.98708406;118377.35097394;   0.03788075;  10.00000000; 160.70000000;   0.02005180
     99;                  1;0.00100000;     0.00000000            ;1.00000000            ;0.00000000;   5.60161637;   5.60161637;92937.14099418;   0.02973988;   8.00000000; 157.00000000;   0.01428159
    100;                  1;0.00100000;     0.00000000            ;1.00000000            ;0.00000000;   5.47673925;   5.47673925;107238.64456747;   0.03431637;   9.00000000; 165.11111111;   0.01643314
    101;                  1;0.00100000;     0.00100000            ;1.00000000            ;0.00000000;   7.86172506;   7.86172506;83402.81289486;   0.02668890;   7.00000000; 173.14285714;   0.00890390
    102;                  1;0.00100000;     0.00100000            ;1.00000000            ;0.00000000;   5.85012413;   5.85012413;105146.45620478;   0.03364687;   9.00000000; 169.88888889;   0.01538429
    103;                  1;0.00100000;     0.00100000            ;1.00000000            ;0.00000000;   4.50636516;   4.50636516;127855.19793080;   0.04091366;  11.00000000; 159.90909091;   0.02440992
    104;                  1;0.00100000;     0.00100000            ;1.00000000            ;0.00000000;   5.25148699;   5.25148699;102968.14170347;   0.03294980;   9.00000000; 162.77777778;   0.01713800
    105;                  1;0.00100000;     0.00100000            ;1.00000000            ;0.00000000;   5.48499171;   5.48499171;118607.29215778;   0.03795433;  10.00000000; 171.90000000;   0.01823157
    106;                  1;0.00100000;     0.00100000            ;1.00000000            ;0.00000000;   5.29727561;   5.29727561;94409.69904405;   0.03021110;   8.00000000; 153.37500000;   0.01510210
    107;                  1;0.00000000;     0.00100000            ;1.00000000            ;0.00000000;   7.77995528;   7.77995528;83327.84958543;   0.02666491;   7.00000000; 174.42857143;   0.00899748
    108;                  1;0.00100000;     0.00100000            ;1.00000000            ;0.00000000;   6.49784496;   6.49784496;81761.38684176;   0.02616364;   7.00000000; 164.57142857;   0.01077280
    109;                  1;0.00100000;     0.00100000            ;1.00000000            ;0.00000000;   4.77037738;   4.77037738;121448.27413000;   0.03886345;  10.00000000; 157.30000000;   0.02096270
    110;                  1;0.00000000;     0.00100000            ;1.00000000            ;0.00000000;  12.92478213;  12.92478213;47607.37504580;   0.01523436;   4.00000000; 177.25000000;   0.00309483
    111;                  1;0.00100000;     0.00000000            ;1.00000000            ;0.00000000;   7.21575692;   7.21575692;97160.42532638;   0.03109134;   8.00000000; 176.37500000;   0.01108685
    112;                  1;0.00100000;     0.00000000            ;1.00000000            ;0.00000000;   4.68548043;   4.68548043;117916.90512513;   0.03773341;  10.00000000; 158.20000000;   0.02134253
    113;                  1;0.00100000;     0.00100000            ;1.00000000            ;0.00000000;   5.72058470;   5.72058470;108431.83318333;   0.03469819;   9.00000000; 169.00000000;   0.01573266
    114;                  1;0.00100000;     0.00100000            ;1.00000000            ;0.00000000;   5.42430392;   5.42430392;120590.69605166;   0.03858902;  10.00000000; 171.10000000;   0.01843555
    115;                  1;0.00100000;     0.00100000            ;1.00000000            ;0.00000000;   7.03279409;   7.03279409;71279.83875638;   0.02280955;   6.00000000; 161.83333333;   0.00853146
    116;                  1;0.00100000;     0.00100000            ;1.00000000            ;0.00000000;   5.19556255;   5.19556255;105365.93903523;   0.03371710;   9.00000000; 163.00000000;   0.01732247
    117;                  1;0.00100000;     0.00100000            ;1.00000000            ;0.00000000;   6.70628719;   6.70628719;93984.42807086;   0.03007502;   8.00000000; 180.37500000;   0.01192910
    118;                  1;0.00100000;     0.00100000            ;1.00000000            ;0.00000000;   6.42250610;   6.42250610;95347.59617023;   0.03051123;   8.00000000; 167.12500000;   0.01245620
    119;                  1;0.00100000;     0.00100000            ;1.00000000            ;0.00000000;   6.73909689;   6.73909689;96658.91921168;   0.03093085;   8.00000000; 170.25000000;   0.01187103
    120;                  1;0.00100000;     0.00100000            ;1.00000000            ;0.00000000;   4.65741000;   4.65741000;134098.87091551;   0.04291164;  11.00000000; 158.72727273;   0.02361828
    121;                  1;0.00100000;     0.00100000            ;1.00000000            ;0.00000000;   4.96595685;   4.96595685;107251.96095904;   0.03432063;   9.00000000; 156.88888889;   0.01812340
    122;                  1;0.00100000;     0.00100000            ;1.00000000            ;0.00000000;   6.15563985;   6.15563985;108715.18924197;   0.03478886;   9.00000000; 167.33333333;   0.01462074
    123;                  1;0.00100000;     0.00000000            ;1.00000000            ;0.00000000;   5.51191111;   5.51191111;82837.80650465;   0.02650810;   7.00000000; 154.71428571;   0.01269977
    124;                  1;0.00100000;     0.00000000            ;1.00000000            ;0.00000000;   5.10729965;   5.10729965;117589.58147163;   0.03762867;  10.00000000; 165.10000000;   0.01957982
    125;                  1;0.00100000;     0.00000000            ;1.00000000            ;0.00000000;   7.97370789;   7.97370789;58515.08735460;   0.01872483;   5.00000000; 167.40000000;   0.00627061
    126;                  1;0.00100000;     0.00100000            ;1.00000000            ;0.00000000;   6.22036722;   6.22036722;93829.08247349;   0.03002531;   8.00000000; 164.75000000;   0.01286098
    127;                  1;0.00100000;     0.00100000            ;1.00000000            ;0.00000000;   6.72405057;   6.72405057;94810.53259502;   0.03033937;   8.00000000; 172.87500000;   0.01189759
    128;                  1;0.00100000;     0.00100000            ;1.00000000            ;0.00000000;   8.38304608;   8.38304608;70740.54499509;   0.02263697;   6.00000000; 173.00000000;   0.00715730
    129;                  1;0.00100000;     0.00100000            ;1.00000000            ;0.00000000;   6.10299172;   6.10299172;97298.09045764;   0.03113539;   8.00000000; 167.00000000;   0.01310833
    130;                  1;0.00100000;     0.00100000            ;1.00000000            ;0.00000000;   6.04316157;   6.04316157;109706.20827586;   0.03510599;   9.00000000; 163.00000000;   0.01489287
    131;                  1;0.00100000;     0.00000000            ;1.00000000            ;0.00000000;   5.58105129;   5.58105129;111243.61989469;   0.03559796;  10.00000000; 172.80000000;   0.01791777
    132;                  1;0.00100000;     0.00000000            ;1.00000000            ;0.00000000;   5.79754387;   5.79754387;109096.87966827;   0.03491100;   9.00000000; 158.22222222;   0.01552382
    133;                  1;0.00100000;     0.00000000            ;1.00000000            ;0.00000000;   3.67534100;   3.67534100;140706.83693096;   0.04502619;  12.00000000; 147.16666667;   0.03265003
    134;                  1;0.00100000;     0.00000000            ;1.00000000            ;0.00000000;   4.82716382;   4.82716382;133009.98730329;   0.04256319;  11.00000000; 157.09090909;   0.02278771
    135;                  1;0.00100000;     0.00000000            ;1.00000000            ;0.00000000;   4.74858233;   4.74858233;105145.95383565;   0.03364670;   9.00000000; 146.55555556;   0.01895303
    136;                  1;0.00100000;     0.00000000            ;1.00000000            ;0.00000000;  10.73418445;  10.73418445;57261.37795360;   0.01832364;   5.00000000; 187.40000000;   0.00465802
    137;                  1;0.00100000;     0.00100000            ;1.00000000            ;0.00000000;   5.40763877;   5.40763877;105350.12377210;   0.03371204;   9.00000000; 157.66666667;   0.01664312
    138;                  1;0.00000000;     0.00100000            ;1.00000000            ;0.00000000;   6.59986950;   6.59986950;81226.47586204;   0.02599247;   7.00000000; 164.85714286;   0.01060627
    139;                  1;0.00100000;     0.00100000            ;1.00000000            ;0.00000000;   6.12289856;   6.12289856;83703.24759190;   0.02678504;   7.00000000; 161.42857143;   0.01143249
    140;                  1;0.00100000;     0.00000000            ;1.00000000            ;0.00000000;   4.90162571;   4.90162571;118261.75098116;   0.03784376;  10.00000000; 157.70000000;   0.02040139
    141;                  1;0.00000000;     0.00100000            ;1.00000000            ;0.00000000;   4.76179642;   4.76179642;120682.36996430;   0.03861836;  10.00000000; 158.60000000;   0.02100048
    142;                  1;0.00000000;     0.00100000            ;1.00000000            ;0.00000000;   8.09734242;   8.09734242;72475.06834922;   0.02319202;   6.00000000; 167.83333333;   0.00740984
    143;                  1;0.00100000;     0.00100000            ;1.00000000            ;0.00000000;   5.75767229;   5.75767229;106660.07798139;   0.03413122;   9.00000000; 166.66666667;   0.01563132
    144;                  1;0.00100000;     0.00100000            ;1.00000000            ;0.00000000;   5.06276187;   5.06276187;118358.33205084;   0.03787467;  10.00000000; 160.10000000;   0.01975206
    145;                  1;0.00100000;     0.00100000            ;1.00000000            ;0.00000000;   6.48931133;   6.48931133;94836.27107330;   0.03034761;   8.00000000; 172.75000000;   0.01232796
    146;                  1;0.00100000;     0.00100000            ;1.00000000            ;0.00000000;   8.01068671;   8.01068671;85862.81725416;   0.02747610;   7.00000000; 182.85714286;   0.00873833
    147;                  1;0.00100000;     0.00100000            ;1.00000000            ;0.00000000;   5.81541652;   5.81541652;81392.54277847;   0.02604561;   7.00000000; 160.85714286;   0.01203697
    148;                  1;0.00100000;     0.00100000            ;1.00000000            ;0.00000000;   6.24144139;   6.24144139;83936.49041038;   0.02685968;   7.00000000; 161.00000000;   0.01121536
    149;                  1;0.00100000;     0.00000000            ;1.00000000            ;0.00000000;   5.88765245;   5.88765245;95702.25997543;   0.03062472;   8.00000000; 160.62500000;   0.01358776
    150;                  1;0.00100000;     0.00100000            ;1.00000000            ;0.00000000;   3.85747307;   3.85747307;128858.34898914;   0.04123467;  11.00000000; 147.27272727;   0.02851608
    151;                  1;0.00100000;     0.00000000            ;1.00000000            ;0.00000000;   4.34581746;   4.34581746;132327.99291644;   0.04234496;  11.00000000; 153.18181818;   0.02531169
    152;                  1;0.00100000;     0.00000000            ;1.00000000            ;0.00000000;   7.54784872;   7.54784872;71043.56770177;   0.02273394;   6.00000000; 152.66666667;   0.00794928
    153;                  1;0.00100000;     0.00000000            ;1.00000000            ;0.00000000;   5.12550192;   5.12550192;104906.91413532;   0.03357021;   9.00000000; 158.22222222;   0.01755926
    154;                  1;0.00100000;     0.00100000            ;1.00000000            ;0.00000000;   5.21669228;   5.21669228;106936.01173581;   0.03421952;   9.00000000; 164.77777778;   0.01725231
    155;                  1;0.00100000;     0.00100000            ;1.00000000            ;0.00000000;   8.16696543;   8.16696543;71056.64475146;   0.02273813;   6.00000000; 168.00000000;   0.00734667
    156;                  1;0.00000000;     0.00100000            ;1.00000000            ;0.00000000;   7.31115371;   7.31115371;69673.07505259;   0.02229538;   6.00000000; 164.16666667;   0.00820664
    157;                  1;0.00100000;     0.00100000            ;1.00000000            ;0.00000000;   5.38645760;   5.38645760;104921.09173096;   0.03357475;   9.00000000; 161.66666667;   0.01670857
    158;                  1;0.00100000;     0.00100000            ;1.00000000            ;0.00000000;   6.30396382;   6.30396382;107762.02101493;   0.03448385;   9.00000000; 173.00000000;   0.01427673
    159;                  1;0.00100000;     0.00100000            ;1.00000000            ;0.00000000;   5.71570104;   5.71570104;121207.75640671;   0.03878648;  10.00000000; 169.20000000;   0.01749567
    160;                  1;0.00100000;     0.00100000            ;1.00000000            ;0.00000000;   6.74852521;   6.74852521;95650.66407159;   0.03060821;   8.00000000; 175.37500000;   0.01185444
    161;                  1;0.00100000;     0.00100000            ;1.00000000            ;0.00000000;   9.21409069;   9.21409069;70949.24227107;   0.02270376;   6.00000000; 180.50000000;   0.00651177
    162;                  1;0.00100000;     0.00000000            ;1.00000000            ;0.00000000;   6.66792038;   6.66792038;96813.88971949;   0.03098044;   8.00000000; 172.62500000;   0.01199774
    163;                  1;0.00100000;     0.00000000            ;1.00000000            ;0.00000000;   8.32223893;   8.32223893;59872.82767298;   0.01915930;   5.00000000; 161.00000000;   0.00600800
    164;                  1;0.00100000;     0.00000000            ;1.00000000            ;0.00000000;   6.87699379;   6.87699379;83851.78517542;   0.02683257;   7.00000000; 166.42857143;   0.01017887
    165;                  1;0.00200000;     0.00000000            ;1.00000000            ;0.00000000;   7.45843402;   7.45843402;82164.24153354;   0.02629256;   7.00000000; 170.85714286;   0.00938535
    166;                  1;0.00100000;     0.00000000            ;1.00000000            ;0.00000000;   7.67518826;   7.67518826;85665.98195968;   0.02741311;   7.00000000; 164.42857143;   0.00912030
    167;                  1;0.00100000;     0.00000000            ;1.00000000            ;0.00000000;   5.76547206;   5.76547206;96514.93326916;   0.03088478;   8.00000000; 159.37500000;   0.01387571
    168;                  1;0.00100000;     0.00000000            ;1.00000000            ;0.00000000;  10.39484626;  10.39484626;58638.37161713;   0.01876428;   5.00000000; 168.80000000;   0.00481008
    169;                  1;0.00100000;     0.00000000            ;1.00000000            ;0.00000000;   7.38872063;   7.38872063;83685.46513451;   0.02677935;   7.00000000; 175.57142857;   0.00947390
    170;                  1;0.00100000;     0.00000000            ;1.00000000            ;0.00000000;   4.55172394;   4.55172394;115461.59152653;   0.03694771;  10.00000000; 155.10000000;   0.02196970
    171;                  1;0.00100000;     0.00000000            ;1.00000000            ;0.00000000;   7.13937761;   7.13937761;97108.84162517;   0.03107483;   8.00000000; 172.75000000;   0.01120546
    172;                  1;0.00000000;     0.00100000            ;1.00000000            ;0.00000000;   7.15852764;   7.15852764;82647.16827375;   0.02644709;   7.00000000; 173.28571429;   0.00977855
    173;                  1;0.00100000;     0.00100000            ;1.00000000            ;0.00000000;   6.89764610;   6.89764610;80656.57081466;   0.02581010;   7.00000000; 174.42857143;   0.01014839
    174;                  1;0.00100000;     0.00100000            ;1.00000000            ;0.00000000;   8.94568604;   8.94568604;72786.98532012;   0.02329183;   6.00000000; 158.16666667;   0.00670714
    175;                  1;0.00000000;     0.00100000            ;1.00000000            ;0.00000000;   6.42807004;   6.42807004;81346.19829675;   0.02603078;   7.00000000; 157.85714286;   0.01088974
    176;                  1;0.00100000;     0.00100000            ;1.00000000            ;0.00000000;   5.56431204;   5.56431204;104970.03654581;   0.03359041;   9.00000000; 166.11111111;   0.01617451
    177;                  1;0.00100000;     0.00100000            ;1.00000000            ;0.00000000;   6.60923575;   6.60923575;95470.60618245;   0.03055059;   8.00000000; 170.00000000;   0.01210427
    178;                  1;0.00100000;     0.00000000            ;1.00000000            ;0.00000000;   6.71582594;   6.71582594;84408.52786077;   0.02701073;   7.00000000; 163.57142857;   0.01042314
    179;                  1;0.00100000;     0.00100000            ;1.00000000            ;0.00000000;   5.42955979;   5.42955979;106365.39844186;   0.03403693;   9.00000000; 164.66666667;   0.01657593
    180;                  1;0.00100000;     0.00100000            ;1.00000000            ;0.00000000;   7.73688082;   7.73688082;82073.58567369;   0.02626355;   7.00000000; 164.00000000;   0.00904757
    181;                  1;0.00100000;     0.00100000            ;1.00000000            ;0.00000000;   6.44623173;   6.44623173;94573.27028068;   0.03026345;   8.00000000; 173.12500000;   0.01241035
    182;                  1;0.00200000;     0.00000000            ;1.00000000            ;0.00000000;   4.44156672;   4.44156672;146560.20399281;   0.04689926;  12.00000000; 159.58333333;   0.02701749
    183;                  1;0.00100000;     0.00100000            ;1.00000000            ;0.00000000;   5.48372741;   5.48372741;109716.51469015;   0.03510928;   9.00000000; 159.44444444;   0.01641219
    184;                  1;0.00100000;     0.00100000            ;1.00000000            ;0.00000000;   4.25907657;   4.25907657;119278.74451349;   0.03816920;  10.00000000; 149.60000000;   0.02347927
    185;                  1;0.00100000;     0.00100000            ;1.00000000            ;0.00000000;   4.76918513;   4.76918513;118182.57479949;   0.03781842;  10.00000000; 152.30000000;   0.02096794
    186;                  1;0.00100000;     0.00000000            ;1.00000000            ;0.00000000;  11.36858157;  11.36858157;59262.15465731;   0.01896389;   5.00000000; 176.40000000;   0.00439809
    187;                  1;0.00100000;     0.00000000            ;1.00000000            ;0.00000000;   6.77663304;   6.77663304;96845.96843343;   0.03099071;   8.00000000; 175.75000000;   0.01180527
    188;                  1;0.00100000;     0.00000000            ;1.00000000            ;0.00000000;   7.80061987;   7.80061987;69863.56743198;   0.02235634;   6.00000000; 182.50000000;   0.00769170
    189;                  1;0.00100000;     0.00000000            ;1.00000000            ;0.00000000;   8.72598385;   8.72598385;81495.02132815;   0.02607841;   7.00000000; 183.00000000;   0.00802202
    190;                  1;0.00100000;     0.00000000            ;1.00000000            ;0.00000000;   8.13543125;   8.13543125;84705.79398694;   0.02710585;   7.00000000; 170.28571429;   0.00860434
    191;                  1;0.00100000;     0.00100000            ;1.00000000            ;0.00000000;   5.41377478;   5.41377478;118587.11778199;   0.03794788;  10.00000000; 169.70000000;   0.01847140
    192;                  1;0.00100000;     0.00100000            ;1.00000000            ;0.00000000;   7.31984418;   7.31984418;83834.02480924;   0.02682689;   7.00000000; 165.85714286;   0.00956305
    193;                  1;0.00000000;     0.00100000            ;1.00000000            ;0.00000000;   5.54977128;   5.54977128;96967.13525616;   0.03102948;   8.00000000; 152.87500000;   0.01441501
    194;                  1;0.00100000;     0.00100000            ;1.00000000            ;0.00000000;   7.47223103;   7.47223103;69872.39005546;   0.02235916;   6.00000000; 163.33333333;   0.00802973
    195;                  1;0.00100000;     0.00100000            ;1.00000000            ;0.00000000;   5.48659758;   5.48659758;108574.75923380;   0.03474392;   9.00000000; 156.66666667;   0.01640361
    196;                  1;0.00100000;     0.00100000            ;1.00000000            ;0.00000000;   7.63750596;   7.63750596;81166.48696529;   0.02597328;   7.00000000; 181.57142857;   0.00916530
    197;                  1;0.00100000;     0.00100000            ;1.00000000            ;0.00000000;   7.02961289;   7.02961289;83333.51077987;   0.02666672;   7.00000000; 172.00000000;   0.00995787
    198;                  1;0.00100000;     0.00100000            ;1.00000000            ;0.00000000;   4.52644065;   4.52644065;116100.64266516;   0.03715220;  10.00000000; 159.00000000;   0.02209241
    199;                  1;0.00100000;     0.00000000            ;1.00000000            ;0.00000000;   6.91544567;   6.91544567;96501.89944084;   0.03088061;   8.00000000; 170.37500000;   0.01156831
    200;                  1;0.00100000;     0.00100000            ;1.00000000            ;0.00000000;   6.12809289;   6.12809289;81116.28913556;   0.02595721;   7.00000000; 156.14285714;   0.01142280
    201;                  1;0.00100000;     0.00100000            ;1.00000000            ;0.00000000;   7.62427248;   7.62427248;95894.39554077;   0.03068621;   8.00000000; 173.50000000;   0.01049280
    202;                  1;0.00100000;     0.00100000            ;1.00000000            ;0.00000000;   5.02451555;   5.02451555;107619.28037756;   0.03443817;   9.00000000; 150.66666667;   0.01791217
    203;                  1;0.00100000;     0.00000000            ;1.00000000            ;0.00000000;   6.50337560;   6.50337560;94853.30585313;   0.03035306;   8.00000000; 168.00000000;   0.01230130
    204;                  1;0.00100000;     0.00000000            ;1.00000000            ;0.00000000;   6.56701105;   6.56701105;111377.02118672;   0.03564065;   9.00000000; 171.77777778;   0.01370487
    205;                  1;0.00100000;     0.00100000            ;1.00000000            ;0.00000000;   5.78636374;   5.78636374;107606.60663572;   0.03443411;   9.00000000; 168.22222222;   0.01555381
    206;                  1;0.00100000;     0.00100000            ;1.00000000            ;0.00000000;   9.37049605;   9.37049605;71076.46767180;   0.02274447;   6.00000000; 174.83333333;   0.00640308
    207;                  1;0.00000000;     0.00100000            ;1.00000000            ;0.00000000;   6.13072940;   6.13072940;93088.37862134;   0.02978828;   8.00000000; 161.37500000;   0.01304902
    208;                  1;0.00000000;     0.00100000            ;1.00000000            ;0.00000000;   7.04719852;   7.04719852;93697.09798288;   0.02998307;   8.00000000; 177.37500000;   0.01135203
    209;                  1;0.00100000;     0.00000000            ;1.00000000            ;0.00000000;   7.21858379;   7.21858379;69490.39704248;   0.02223693;   6.00000000; 168.00000000;   0.00831188
    210;                  1;0.00100000;     0.00000000            ;1.00000000            ;0.00000000;   6.66861342;   6.66861342;94974.76329206;   0.03039192;   8.00000000; 175.75000000;   0.01199650
    211;                  1;0.00100000;     0.00000000            ;1.00000000            ;0.00000000;   8.66082045;   8.66082045;70531.29012475;   0.02257001;   6.00000000; 169.50000000;   0.00692775
    212;                  1;0.00100000;     0.00100000            ;1.00000000            ;0.00000000;   7.79547140;   7.79547140;83569.94047449;   0.02674238;   7.00000000; 165.42857143;   0.00897957
    213;                  1;0.00100000;     0.00100000            ;1.00000000            ;0.00000000;   5.85905837;   5.85905837;95845.69791302;   0.03067062;   8.00000000; 158.62500000;   0.01365407
    214;                  1;0.00100000;     0.00100000            ;1.00000000            ;0.00000000;   4.68208026;   4.68208026;104519.60606432;   0.03344627;   9.00000000; 156.00000000;   0.01922222
    215;                  1;0.00100000;     0.00100000            ;1.00000000            ;0.00000000;   4.78056461;   4.78056461;106355.28264056;   0.03403369;   9.00000000; 156.22222222;   0.01882623
    216;                  1;0.00100000;     0.00100000            ;1.00000000            ;0.00000000;   7.20861393;   7.20861393;97120.70548816;   0.03107863;   8.00000000; 185.50000000;   0.01109783
    217;                  1;0.00100000;     0.00100000            ;1.00000000            ;0.00000000;   6.49888582;   6.49888582;98614.02473920;   0.03155649;   8.00000000; 162.37500000;   0.01230980
    218;                  1;0.00100000;     0.00100000            ;1.00000000            ;0.00000000;   5.86408282;   5.86408282;108899.52381905;   0.03484785;   9.00000000; 165.33333333;   0.01534767
    219;                  1;0.00000000;     0.00100000            ;1.00000000            ;0.00000000;   8.23929260;   8.23929260;81858.23674407;   0.02619464;   7.00000000; 187.00000000;   0.00849588
    220;                  1;0.00000000;     0.00100000            ;1.00000000            ;0.00000000;   7.06719416;   7.06719416;82072.05474174;   0.02626306;   7.00000000; 168.14285714;   0.00990492
    221;                  1;0.00000000;     0.00100000            ;1.00000000            ;0.00000000;   8.52272266;   8.52272266;70026.25088267;   0.02240840;   6.00000000; 172.50000000;   0.00704000
    222;                  1;0.00100000;     0.00100000            ;1.00000000            ;0.00000000;   5.46516143;   5.46516143;121286.65090172;   0.03881173;  10.00000000; 162.20000000;   0.01829772
    223;                  1;0.00100000;     0.00100000            ;1.00000000            ;0.00000000;   4.06396245;   4.06396245;128868.27077175;   0.04123785;  11.00000000; 158.54545455;   0.02706718
    224;                  1;0.00100000;     0.00100000            ;1.00000000            ;0.00000000;   5.65170618;   5.65170618;94436.56337781;   0.03021970;   8.00000000; 161.37500000;   0.01415502
    225;                  1;0.00100000;     0.00100000            ;1.00000000            ;0.00000000;   6.33147508;   6.33147508;107061.39480157;   0.03425965;   9.00000000; 179.88888889;   0.01421470
    226;                  1;0.00100000;     0.00100000            ;1.00000000            ;0.00000000;   6.30321228;   6.30321228;95915.28572375;   0.03069289;   8.00000000; 155.87500000;   0.01269194
    227;                  1;0.00100000;     0.00100000            ;1.00000000            ;0.00000000;   4.48296340;   4.48296340;144365.38737178;   0.04619692;  12.00000000; 153.91666667;   0.02676801
    228;                  1;0.00000000;     0.00100000            ;1.00000000            ;0.00000000;   8.73450795;   8.73450795;71072.47236565;   0.02274319;   6.00000000; 178.50000000;   0.00686931
    229;                  1;0.00100000;     0.00100000            ;1.00000000            ;0.00000000;   7.34780301;   7.34780301;85909.41470115;   0.02749101;   7.00000000; 168.71428571;   0.00952666
    230;                  1;0.00100000;     0.00000000            ;1.00000000            ;0.00000000;   6.03747198;   6.03747198;94222.48242074;   0.03015119;   8.00000000; 164.50000000;   0.01325058
    231;                  1;0.00100000;     0.00000000            ;1.00000000            ;0.00000000;   7.61239205;   7.61239205;92018.11622441;   0.02944580;   8.00000000; 177.50000000;   0.01050918
    232;                  1;0.00100000;     0.00000000            ;1.00000000            ;0.00000000;   5.25413519;   5.25413519;92640.25421093;   0.02964488;   8.00000000; 156.37500000;   0.01522610
    233;                  1;0.00100000;     0.00100000            ;1.00000000            ;0.00000000;   4.99044607;   4.99044607;120861.38723063;   0.03867564;  10.00000000; 158.50000000;   0.02003829
    234;                  1;0.00100000;     0.00100000            ;1.00000000            ;0.00000000;   6.09645064;   6.09645064;95166.70824581;   0.03045335;   8.00000000; 155.25000000;   0.01312239
    235;                  1;0.00100000;     0.00100000            ;1.00000000            ;0.00000000;   6.11395815;   6.11395815;94573.93136066;   0.03026366;   8.00000000; 160.12500000;   0.01308481
    236;                  1;0.00100000;     0.00100000            ;1.00000000            ;0.00000000;   4.11149049;   4.11149049;142430.83288148;   0.04557787;  12.00000000; 156.25000000;   0.02918650
    237;                  1;0.00100000;     0.00000000            ;1.00000000            ;0.00000000;   8.34843990;   8.34843990;70020.68557842;   0.02240662;   6.00000000; 178.16666667;   0.00718697
    238;                  1;0.00100000;     0.00000000            ;1.00000000            ;0.00000000;   5.58309289;   5.58309289;110132.38975099;   0.03524236;   9.00000000; 161.22222222;   0.01612010
    239;                  1;0.00100000;     0.00000000            ;1.00000000            ;0.00000000;   4.84321865;   4.84321865;106904.52914894;   0.03420945;   9.00000000; 157.66666667;   0.01858268
    240;                  1;0.00100000;     0.00100000            ;1.00000000            ;0.00000000;   6.90249287;   6.90249287;95137.96148040;   0.03044415;   8.00000000; 178.37500000;   0.01159002
    241;                  1;0.00100000;     0.00100000            ;1.00000000            ;0.00000000;   5.56498617;   5.56498617;96473.99106713;   0.03087168;   8.00000000; 153.37500000;   0.01437560
    242;                  1;0.00100000;     0.00100000            ;1.00000000            ;0.00000000;   6.26648021;   6.26648021;96476.10691920;   0.03087235;   8.00000000; 159.00000000;   0.01276634
    243;                  1;0.00100000;     0.00100000            ;1.00000000            ;0.00000000;   5.53125561;   5.53125561;116428.40266344;   0.03725709;  10.00000000; 166.70000000;   0.01807908
    244;                  1;0.00100000;     0.00000000            ;1.00000000            ;0.00000000;   9.81998128;   9.81998128;56931.75637160;   0.01821816;   5.00000000; 181.00000000;   0.00509166
    245;                  1;0.00100000;     0.00000000            ;1.00000000            ;0.00000000;   5.50330438;   5.50330438;92545.08145021;   0.02961443;   8.00000000; 160.12500000;   0.01453672
    246;                  1;0.00100000;     0.00000000            ;1.00000000            ;0.00000000;   6.97310279;   6.97310279;96586.89519346;   0.03090781;   8.00000000; 171.87500000;   0.01147265
    247;                  1;0.00100000;     0.00000000            ;1.00000000            ;0.00000000;   4.65131305;   4.65131305;121161.05550967;   0.03877154;  10.00000000; 151.90000000;   0.02149931
    248;                  1;0.00100000;     0.00000000            ;1.00000000            ;0.00000000;   6.43376303;   6.43376303;93598.12692969;   0.02995140;   8.00000000; 164.87500000;   0.01243440
    249;                  1;0.00100000;     0.00100000            ;1.00000000            ;0.00000000;  10.07480361;  10.07480361;56046.82349708;   0.01793498;   5.00000000; 181.80000000;   0.00496288
    250;                  1;0.00000000;     0.00100000            ;1.00000000            ;0.00000000;   9.99677751;   9.99677751;58591.55521347;   0.01874930;   5.00000000; 178.40000000;   0.00500161
    251;                  1;0.00100000;     0.00000000            ;1.00000000            ;0.00000000;   5.69016701;   5.69016701;95506.83023808;   0.03056218;   8.00000000; 160.62500000;   0.01405934
    252;                  1;0.00100000;     0.00000000            ;1.00000000            ;0.00000000;   5.98063202;   5.98063202;108807.59968706;   0.03481843;   9.00000000; 170.00000000;   0.01504858
    253;                  1;0.00100000;     0.00000000            ;1.00000000            ;0.00000000;   5.69270082;   5.69270082;108410.88897577;   0.03469148;   9.00000000; 165.00000000;   0.01580972
    254;                  1;0.00100000;     0.00000000            ;1.00000000            ;0.00000000;   8.47851636;   8.47851636;58406.66163540;   0.01869013;   5.00000000; 166.00000000;   0.00589726
    255;                  1;0.00100000;     0.00100000            ;1.00000000            ;0.00000000;  10.02166845;  10.02166845;59913.65186816;   0.01917237;   5.00000000; 163.20000000;   0.00498919
    256;                  1;0.00100000;     0.00100000            ;1.00000000            ;0.00000000;   5.68447611;   5.68447611;106351.55671724;   0.03403250;   9.00000000; 165.11111111;   0.01583259
    257;                  1;0.00000000;     0.00100000            ;1.00000000            ;0.00000000;   5.53352577;   5.53352577;94513.28707904;   0.03024425;   8.00000000; 157.87500000;   0.01445733
    258;                  1;0.00100000;     0.00000000            ;1.00000000            ;0.00000000;   7.56819601;   7.56819601;69217.63196389;   0.02214964;   6.00000000; 159.33333333;   0.00792791
    259;                  1;0.00100000;     0.00100000            ;1.00000000            ;0.00000000;   5.16557929;   5.16557929;108568.63889434;   0.03474196;   9.00000000; 156.88888889;   0.01742302
    260;                  1;0.00100000;     0.00000000            ;1.00000000            ;0.00000000;   5.08762205;   5.08762205;92838.46354645;   0.02970831;   8.00000000; 160.37500000;   0.01572444
    261;                  1;0.00100000;     0.00100000            ;1.00000000            ;0.00000000;   5.01233556;   5.01233556;105619.03324226;   0.03379809;   9.00000000; 156.33333333;   0.01795570
    262;                  1;0.00100000;     0.00100000            ;1.00000000            ;0.00000000;  10.86431679;  10.86431679;67229.30337446;   0.02151338;   6.00000000; 203.33333333;   0.00552267
    263;                  1;0.00100000;     0.00100000            ;1.00000000            ;0.00000000;   5.26377657;   5.26377657;93082.64441392;   0.02978645;   8.00000000; 160.50000000;   0.01519821
    264;                  1;0.00000000;     0.00100000            ;1.00000000            ;0.00000000;   6.87810727;   6.87810727;82114.13631503;   0.02627652;   7.00000000; 151.85714286;   0.01017722
    265;                  1;0.00100000;     0.00000000            ;1.00000000            ;0.00000000;   8.90238089;   8.90238089;73555.08443689;   0.02353763;   6.00000000; 172.66666667;   0.00673977
    266;                  1;0.00100000;     0.00000000            ;1.00000000            ;0.00000000;   7.68480054;   7.68480054;70984.16923042;   0.02271493;   6.00000000; 159.83333333;   0.00780762
    267;                  1;0.00100000;     0.00100000            ;1.00000000            ;0.00000000;   4.23852503;   4.23852503;141589.53148815;   0.04530865;  12.00000000; 156.16666667;   0.02831174
    268;                  1;0.00100000;     0.00000000            ;1.00000000            ;0.00000000;   6.53208050;   6.53208050;95338.46072609;   0.03050831;   8.00000000; 174.00000000;   0.01224725
    269;                  1;0.00100000;     0.00000000            ;1.00000000            ;0.00000000;   6.09713644;   6.09713644;83816.50900299;   0.02682128;   7.00000000; 154.00000000;   0.01148080
    270;                  1;0.00100000;     0.00000000            ;1.00000000            ;0.00000000;   6.00357922;   6.00357922;107458.74249416;   0.03438680;   9.00000000; 171.55555556;   0.01499106
    271;                  1;0.00100000;     0.00000000            ;1.00000000            ;0.00000000;   5.66635490;   5.66635490;106231.92734733;   0.03399422;   9.00000000; 166.88888889;   0.01588323
    272;                  1;0.00100000;     0.00000000            ;1.00000000            ;0.00000000;   5.26482754;   5.26482754;107316.23238579;   0.03434119;   9.00000000; 154.66666667;   0.01709458
    273;                  1;0.00100000;     0.00100000            ;1.00000000            ;0.00000000;   5.14612376;   5.14612376;103382.55456193;   0.03308242;   9.00000000; 166.22222222;   0.01748889
    274;                  1;0.00100000;     0.00100000            ;1.00000000            ;0.00000000;   5.39201448;   5.39201448;118373.16384286;   0.03787941;  10.00000000; 163.10000000;   0.01854594
    275;                  1;0.00100000;     0.00000000            ;1.00000000            ;0.00000000;   8.31497044;   8.31497044;69631.34590096;   0.02228203;   6.00000000; 170.66666667;   0.00721590
    276;                  1;0.00100000;     0.00100000            ;1.00000000            ;0.00000000;   5.23411888;   5.23411888;105575.14291006;   0.03378404;   9.00000000; 156.33333333;   0.01719487
    277;                  1;0.00100000;     0.00100000            ;1.00000000            ;0.00000000;   5.74498278;   5.74498278;94091.34710429;   0.03010923;   8.00000000; 146.50000000;   0.01392519
    278;                  1;0.00100000;     0.00100000            ;1.00000000            ;0.00000000;   5.01081015;   5.01081015;116501.58225829;   0.03728051;  10.00000000; 158.60000000;   0.01995685
    279;                  1;0.00100000;     0.00100000            ;1.00000000            ;0.00000000;   6.53364731;   6.53364731;93626.91363377;   0.02996061;   8.00000000; 171.12500000;   0.01224431
    280;                  1;0.00000000;     0.00100000            ;1.00000000            ;0.00000000;   7.34028896;   7.34028896;68978.64391220;   0.02207317;   6.00000000; 168.33333333;   0.00817407
    281;                  1;0.00100000;     0.00000000            ;1.00000000            ;0.00000000;   5.78097014;   5.78097014;108982.33400773;   0.03487435;   9.00000000; 164.44444444;   0.01556832
    282;                  1;0.00100000;     0.00000000            ;1.00000000            ;0.00000000;   4.66067081;   4.66067081;107005.49639427;   0.03424176;   9.00000000; 154.44444444;   0.01931052
    283;                  1;0.00100000;     0.00100000            ;1.00000000            ;0.00000000;   5.00581139;   5.00581139;116701.16598619;   0.03734437;  10.00000000; 167.20000000;   0.01997678
    284;                  1;0.00000000;     0.00100000            ;1.00000000            ;0.00000000;   5.24598196;   5.24598196;105550.35239981;   0.03377611;   9.00000000; 162.22222222;   0.01715599
    285;                  1;0.00000000;     0.00100000            ;1.00000000            ;0.00000000;   5.43699417;   5.43699417;119097.55988423;   0.03811122;  10.00000000; 162.80000000;   0.01839252
    286;                  1;0.00100000;     0.00100000            ;1.00000000            ;0.00000000;   8.76660242;   8.76660242;72075.81055674;   0.02306426;   6.00000000; 169.66666667;   0.00684416
    287;                  1;0.00100000;     0.00100000            ;1.00000000            ;0.00000000;   8.28451522;   8.28451522;78106.83447344;   0.02499419;   7.00000000; 189.42857143;   0.00844950
    288;                  1;0.00100000;     0.00100000            ;1.00000000            ;0.00000000;   5.16954773;   5.16954773;119392.65639413;   0.03820565;  10.00000000; 160.00000000;   0.01934405
    289;                  1;0.00100000;     0.00100000            ;1.00000000            ;0.00000000;   7.09603198;   7.09603198;81112.39202695;   0.02595596;   7.00000000; 170.57142857;   0.00986467
    290;                  1;0.00100000;     0.00100000            ;1.00000000            ;0.00000000;   5.43452502;   5.43452502;95104.23171516;   0.03043335;   8.00000000; 153.75000000;   0.01472070
    291;                  1;0.00000000;     0.00100000            ;1.00000000            ;0.00000000;   6.24888967;   6.24888967;93600.82384522;   0.02995226;   8.00000000; 169.62500000;   0.01280227
    292;                  1;0.00000000;     0.00100000            ;1.00000000            ;0.00000000;   6.15447716;   6.15447716;91175.71323696;   0.02917623;   8.00000000; 169.12500000;   0.01299867
    293;                  1;0.00100000;     0.00000000            ;1.00000000            ;0.00000000;   4.99882871;   4.99882871;121278.37317510;   0.03880908;  10.00000000; 158.90000000;   0.02000469
    294;                  1;0.00100000;     0.00100000            ;1.00000000            ;0.00000000;   4.63812976;   4.63812976;132526.84043783;   0.04240859;  11.00000000; 158.09090909;   0.02371646
    295;                  1;0.00000000;     0.00100000            ;1.00000000            ;0.00000000;   6.43649779;   6.43649779;96136.81084146;   0.03076378;   8.00000000; 159.12500000;   0.01242912
    296;                  1;0.00100000;     0.00000000            ;1.00000000            ;0.00000000;   6.72403480;   6.72403480;84947.50173341;   0.02718320;   7.00000000; 159.57142857;   0.01041042
    297;                  1;0.00100000;     0.00000000            ;1.00000000            ;0.00000000;   5.37749057;   5.37749057;94704.14405227;   0.03030533;   8.00000000; 155.00000000;   0.01487683
    298;                  1;0.00100000;     0.00000000            ;1.00000000            ;0.00000000;   5.22414753;   5.22414753;105366.26117195;   0.03371720;   9.00000000; 164.88888889;   0.01722769
    299;                  1;0.00100000;     0.00100000            ;1.00000000            ;0.00000000;   6.87971725;   6.87971725;96020.84837821;   0.03072667;   8.00000000; 176.87500000;   0.01162838
    300;                  1;0.00100000;     0.00100000            ;1.00000000            ;0.00000000;   5.93597705;   5.93597705;94755.84040086;   0.03032187;   8.00000000; 161.12500000;   0.01347714
---------------------------------------------------------------------------------------------------
Mean Percolation=1.00000000
Mean Processing Time=0.00087667
Mean set up time=0.00062333
Mean correlation Length=0.00000000
Mean Area of component[0]=0.00000000
Mean Area of component[1]=0.00000000
