Component 1 maximum area=0.39 [on 300x300]
Component type: Circle
---------------------------------------------------------------------------------------
--------------|------- Center-----|----- dimensions---------|----------------------
component| id|    X       |     Y      |  Width/a     | height/b |   hoop   |   Slope   
---------------------------------------------------------------------------------------
          1,    1,         47,        213,       50.5,       50.5,          0   ,          0
          1,    2,         61,        263,       50.5,       50.5,          0   ,          0
          1,    3,        205,          9,       50.5,       50.5,          0   ,          0
          1,    4,        196,         32,       50.5,       50.5,          0   ,          0
          1,    5,        198,         15,       50.5,       50.5,          0   ,          0
          1,    6,        233,         88,       50.5,       50.5,          0   ,          0
          1,    7,        246,        108,       50.5,       50.5,          0   ,          0
          1,    8,        112,        289,       50.5,       50.5,          0   ,          0
          1,    9,         60,        230,       50.5,       50.5,          0   ,          0
          1,   10,        162,         90,       50.5,       50.5,          0   ,          0
------------------------------------------------------------------------------
Component[1] Total Spheres = 10