Component 1 maximum area=0.44 [on 300x300]
Component type: Circle
---------------------------------------------------------------------------------------
--------------|------- Center-----|----- dimensions---------|----------------------
component| id|    X       |     Y      |  Width/a     | height/b |   hoop   |   Slope   
---------------------------------------------------------------------------------------
          1,    1,        179,        252,       50.5,       50.5,          0   ,          0
          1,    2,        167,         63,       50.5,       50.5,          0   ,          0
          1,    3,        242,         52,       50.5,       50.5,          0   ,          0
          1,    4,        191,         13,       50.5,       50.5,          0   ,          0
          1,    5,        226,         90,       50.5,       50.5,          0   ,          0
          1,    6,         47,        275,       50.5,       50.5,          0   ,          0
          1,    7,        190,        267,       50.5,       50.5,          0   ,          0
          1,    8,        178,         42,       50.5,       50.5,          0   ,          0
          1,    9,         93,        293,       50.5,       50.5,          0   ,          0
          1,   10,        267,        168,       50.5,       50.5,          0   ,          0
------------------------------------------------------------------------------
Component[1] Total Spheres = 10