Component 1 maximum area=0.44 [on 300x300]
Component type: Circle
---------------------------------------------------------------------------------------
--------------|------- Center-----|----- dimensions---------|----------------------
component| id|    X       |     Y      |  Width/a     | height/b |   hoop   |   Slope   
---------------------------------------------------------------------------------------
          1,    1,        193,        108,       50.5,       50.5,          0   ,          0
          1,    2,        232,        178,       50.5,       50.5,          0   ,          0
          1,    3,        110,        261,       50.5,       50.5,          0   ,          0
          1,    4,        173,        286,       50.5,       50.5,          0   ,          0
          1,    5,        165,        259,       50.5,       50.5,          0   ,          0
          1,    6,        225,        235,       50.5,       50.5,          0   ,          0
          1,    7,        222,        217,       50.5,       50.5,          0   ,          0
          1,    8,        253,        288,       50.5,       50.5,          0   ,          0
          1,    9,        264,         46,       50.5,       50.5,          0   ,          0
------------------------------------------------------------------------------
Component[1] Total Spheres = 9