Component 1 maximum area=0.44 [on 300x300]
Component type: Circle
---------------------------------------------------------------------------------------
--------------|------- Center-----|----- dimensions---------|----------------------
component| id|    X       |     Y      |  Width/a     | height/b |   hoop   |   Slope   
---------------------------------------------------------------------------------------
          1,    1,         78,        251,       50.5,       50.5,          0   ,          0
          1,    2,        143,        165,       50.5,       50.5,          0   ,          0
          1,    3,         20,        272,       50.5,       50.5,          0   ,          0
          1,    4,        299,        217,       50.5,       50.5,          0   ,          0
          1,    5,         74,        125,       50.5,       50.5,          0   ,          0
          1,    6,        270,        284,       50.5,       50.5,          0   ,          0
          1,    7,         58,        149,       50.5,       50.5,          0   ,          0
          1,    8,        250,        237,       50.5,       50.5,          0   ,          0
          1,    9,        113,        186,       50.5,       50.5,          0   ,          0
------------------------------------------------------------------------------
Component[1] Total Spheres = 9