Component 1 maximum area=0.44 [on 300x300]
Component type: Circle
---------------------------------------------------------------------------------------
--------------|------- Center-----|----- dimensions---------|----------------------
component| id|    X       |     Y      |  Width/a     | height/b |   hoop   |   Slope   
---------------------------------------------------------------------------------------
          1,    1,        202,        257,       50.5,       50.5,          0   ,          0
          1,    2,        285,         21,       50.5,       50.5,          0   ,          0
          1,    3,        247,         15,       50.5,       50.5,          0   ,          0
          1,    4,        233,        265,       50.5,       50.5,          0   ,          0
          1,    5,        151,        287,       50.5,       50.5,          0   ,          0
          1,    6,        131,         15,       50.5,       50.5,          0   ,          0
          1,    7,         30,        155,       50.5,       50.5,          0   ,          0
          1,    8,        107,        267,       50.5,       50.5,          0   ,          0
          1,    9,        156,        120,       50.5,       50.5,          0   ,          0
------------------------------------------------------------------------------
Component[1] Total Spheres = 9