Component 1 maximum area=0.44 [on 300x300]
Component type: Circle
---------------------------------------------------------------------------------------
--------------|------- Center-----|----- dimensions---------|----------------------
component| id|    X       |     Y      |  Width/a     | height/b |   hoop   |   Slope   
---------------------------------------------------------------------------------------
          1,    1,         19,         88,       50.5,       50.5,          0   ,          0
          1,    2,         16,        125,       50.5,       50.5,          0   ,          0
          1,    3,        253,         38,       50.5,       50.5,          0   ,          0
          1,    4,        161,         37,       50.5,       50.5,          0   ,          0
          1,    5,         62,        144,       50.5,       50.5,          0   ,          0
          1,    6,        252,         21,       50.5,       50.5,          0   ,          0
          1,    7,         16,        147,       50.5,       50.5,          0   ,          0
          1,    8,        131,        224,       50.5,       50.5,          0   ,          0
          1,    9,        186,          8,       50.5,       50.5,          0   ,          0
          1,   10,        123,        219,       50.5,       50.5,          0   ,          0
          1,   11,         62,         70,       50.5,       50.5,          0   ,          0
------------------------------------------------------------------------------
Component[1] Total Spheres = 11