Component 1 maximum area=0.44 [on 300x300]
Component type: Circle
---------------------------------------------------------------------------------------
--------------|------- Center-----|----- dimensions---------|----------------------
component| id|    X       |     Y      |  Width/a     | height/b |   hoop   |   Slope   
---------------------------------------------------------------------------------------
          1,    1,        166,         89,       50.5,       50.5,          0   ,          0
          1,    2,        264,        105,       50.5,       50.5,          0   ,          0
          1,    3,         69,        267,       50.5,       50.5,          0   ,          0
          1,    4,        200,         22,       50.5,       50.5,          0   ,          0
          1,    5,        238,        121,       50.5,       50.5,          0   ,          0
          1,    6,        208,         68,       50.5,       50.5,          0   ,          0
          1,    7,        145,         33,       50.5,       50.5,          0   ,          0
          1,    8,         40,        249,       50.5,       50.5,          0   ,          0
          1,    9,        208,        242,       50.5,       50.5,          0   ,          0
------------------------------------------------------------------------------
Component[1] Total Spheres = 9