Component 1 maximum area=0.44 [on 300x300]
Component type: Circle
---------------------------------------------------------------------------------------
--------------|------- Center-----|----- dimensions---------|----------------------
component| id|    X       |     Y      |  Width/a     | height/b |   hoop   |   Slope   
---------------------------------------------------------------------------------------
          1,    1,        299,         36,       50.5,       50.5,          0   ,          0
          1,    2,         91,        208,       50.5,       50.5,          0   ,          0
          1,    3,         22,         25,       50.5,       50.5,          0   ,          0
          1,    4,        266,        213,       50.5,       50.5,          0   ,          0
          1,    5,        103,        110,       50.5,       50.5,          0   ,          0
          1,    6,        280,        254,       50.5,       50.5,          0   ,          0
          1,    7,        247,        184,       50.5,       50.5,          0   ,          0
          1,    8,        296,        222,       50.5,       50.5,          0   ,          0
          1,    9,        227,        108,       50.5,       50.5,          0   ,          0
------------------------------------------------------------------------------
Component[1] Total Spheres = 9