Component 1 maximum area=0.44 [on 300x300]
Component type: Circle
---------------------------------------------------------------------------------------
--------------|------- Center-----|----- dimensions---------|----------------------
component| id|    X       |     Y      |  Width/a     | height/b |   hoop   |   Slope   
---------------------------------------------------------------------------------------
          1,    1,         34,        269,       50.5,       50.5,          0   ,          0
          1,    2,        130,        277,       50.5,       50.5,          0   ,          0
          1,    3,        235,        207,       50.5,       50.5,          0   ,          0
          1,    4,        167,        121,       50.5,       50.5,          0   ,          0
          1,    5,         43,        205,       50.5,       50.5,          0   ,          0
          1,    6,        196,        224,       50.5,       50.5,          0   ,          0
          1,    7,         32,        256,       50.5,       50.5,          0   ,          0
          1,    8,        181,        167,       50.5,       50.5,          0   ,          0
          1,    9,        205,        217,       50.5,       50.5,          0   ,          0
          1,   10,        105,         98,       50.5,       50.5,          0   ,          0
------------------------------------------------------------------------------
Component[1] Total Spheres = 10