Component 1 maximum area=0.44 [on 300x300]
Component type: Circle
---------------------------------------------------------------------------------------
--------------|------- Center-----|----- dimensions---------|----------------------
component| id|    X       |     Y      |  Width/a     | height/b |   hoop   |   Slope   
---------------------------------------------------------------------------------------
          1,    1,         13,        125,       50.5,       50.5,          0   ,          0
          1,    2,        295,        285,       50.5,       50.5,          0   ,          0
          1,    3,        223,          2,       50.5,       50.5,          0   ,          0
          1,    4,          9,        298,       50.5,       50.5,          0   ,          0
          1,    5,        285,         92,       50.5,       50.5,          0   ,          0
          1,    6,        225,        105,       50.5,       50.5,          0   ,          0
          1,    7,         16,        145,       50.5,       50.5,          0   ,          0
          1,    8,        281,         89,       50.5,       50.5,          0   ,          0
          1,    9,         93,          6,       50.5,       50.5,          0   ,          0
          1,   10,        248,         57,       50.5,       50.5,          0   ,          0
          1,   11,        160,        202,       50.5,       50.5,          0   ,          0
------------------------------------------------------------------------------
Component[1] Total Spheres = 11