Component 1 maximum area=0.44 [on 300x300]
Component type: Circle
---------------------------------------------------------------------------------------
--------------|------- Center-----|----- dimensions---------|----------------------
component| id|    X       |     Y      |  Width/a     | height/b |   hoop   |   Slope   
---------------------------------------------------------------------------------------
          1,    1,        266,          8,       50.5,       50.5,          0   ,          0
          1,    2,        211,         33,       50.5,       50.5,          0   ,          0
          1,    3,        226,         23,       50.5,       50.5,          0   ,          0
          1,    4,         45,        246,       50.5,       50.5,          0   ,          0
          1,    5,        162,         65,       50.5,       50.5,          0   ,          0
          1,    6,        103,         28,       50.5,       50.5,          0   ,          0
          1,    7,        157,         61,       50.5,       50.5,          0   ,          0
          1,    8,        219,        261,       50.5,       50.5,          0   ,          0
          1,    9,         45,        128,       50.5,       50.5,          0   ,          0
------------------------------------------------------------------------------
Component[1] Total Spheres = 9