Component 1 maximum area=0.44 [on 300x300]
Component type: Circle
---------------------------------------------------------------------------------------
--------------|------- Center-----|----- dimensions---------|----------------------
component| id|    X       |     Y      |  Width/a     | height/b |   hoop   |   Slope   
---------------------------------------------------------------------------------------
          1,    1,        193,         15,       50.5,       50.5,          0   ,          0
          1,    2,        281,        108,       50.5,       50.5,          0   ,          0
          1,    3,         63,        275,       50.5,       50.5,          0   ,          0
          1,    4,         50,        205,       50.5,       50.5,          0   ,          0
          1,    5,         56,        204,       50.5,       50.5,          0   ,          0
          1,    6,         58,         69,       50.5,       50.5,          0   ,          0
          1,    7,        149,          1,       50.5,       50.5,          0   ,          0
          1,    8,         44,        189,       50.5,       50.5,          0   ,          0
          1,    9,        194,         20,       50.5,       50.5,          0   ,          0
          1,   10,         51,         81,       50.5,       50.5,          0   ,          0
          1,   11,        103,        275,       50.5,       50.5,          0   ,          0
------------------------------------------------------------------------------
Component[1] Total Spheres = 11