Component 1 maximum area=0.44 [on 300x300]
Component type: Circle
---------------------------------------------------------------------------------------
--------------|------- Center-----|----- dimensions---------|----------------------
component| id|    X       |     Y      |  Width/a     | height/b |   hoop   |   Slope   
---------------------------------------------------------------------------------------
          1,    1,        147,        136,       50.5,       50.5,          0   ,          0
          1,    2,        290,        219,       50.5,       50.5,          0   ,          0
          1,    3,        282,        148,       50.5,       50.5,          0   ,          0
          1,    4,        219,        108,       50.5,       50.5,          0   ,          0
          1,    5,        259,        138,       50.5,       50.5,          0   ,          0
          1,    6,        260,        217,       50.5,       50.5,          0   ,          0
          1,    7,        166,        279,       50.5,       50.5,          0   ,          0
          1,    8,        234,         53,       50.5,       50.5,          0   ,          0
          1,    9,         27,        107,       50.5,       50.5,          0   ,          0
------------------------------------------------------------------------------
Component[1] Total Spheres = 9