Component 1 maximum area=0.44 [on 300x300]
Component type: Circle
---------------------------------------------------------------------------------------
--------------|------- Center-----|----- dimensions---------|----------------------
component| id|    X       |     Y      |  Width/a     | height/b |   hoop   |   Slope   
---------------------------------------------------------------------------------------
          1,    1,        283,         34,       50.5,       50.5,          0   ,          0
          1,    2,         99,         22,       50.5,       50.5,          0   ,          0
          1,    3,         17,         46,       50.5,       50.5,          0   ,          0
          1,    4,         70,        281,       50.5,       50.5,          0   ,          0
          1,    5,        147,         30,       50.5,       50.5,          0   ,          0
          1,    6,        106,        231,       50.5,       50.5,          0   ,          0
          1,    7,        295,        228,       50.5,       50.5,          0   ,          0
          1,    8,        117,        294,       50.5,       50.5,          0   ,          0
          1,    9,        264,        294,       50.5,       50.5,          0   ,          0
------------------------------------------------------------------------------
Component[1] Total Spheres = 9