Component 1 maximum area=0.44 [on 300x300]
Component type: Circle
---------------------------------------------------------------------------------------
--------------|------- Center-----|----- dimensions---------|----------------------
component| id|    X       |     Y      |  Width/a     | height/b |   hoop   |   Slope   
---------------------------------------------------------------------------------------
          1,    1,        113,        137,       50.5,       50.5,          0   ,          0
          1,    2,        128,        286,       50.5,       50.5,          0   ,          0
          1,    3,        143,        122,       50.5,       50.5,          0   ,          0
          1,    4,        256,         77,       50.5,       50.5,          0   ,          0
          1,    5,         21,        152,       50.5,       50.5,          0   ,          0
          1,    6,        173,        176,       50.5,       50.5,          0   ,          0
          1,    7,         76,        174,       50.5,       50.5,          0   ,          0
          1,    8,         41,        169,       50.5,       50.5,          0   ,          0
          1,    9,        265,         26,       50.5,       50.5,          0   ,          0
------------------------------------------------------------------------------
Component[1] Total Spheres = 9