Component 1 maximum area=0.44 [on 300x300]
Component type: Circle
---------------------------------------------------------------------------------------
--------------|------- Center-----|----- dimensions---------|----------------------
component| id|    X       |     Y      |  Width/a     | height/b |   hoop   |   Slope   
---------------------------------------------------------------------------------------
          1,    1,         10,        161,       50.5,       50.5,          0   ,          0
          1,    2,        130,         91,       50.5,       50.5,          0   ,          0
          1,    3,          1,        275,       50.5,       50.5,          0   ,          0
          1,    4,        157,        269,       50.5,       50.5,          0   ,          0
          1,    5,        190,        291,       50.5,       50.5,          0   ,          0
          1,    6,        147,         64,       50.5,       50.5,          0   ,          0
          1,    7,        143,        277,       50.5,       50.5,          0   ,          0
          1,    8,        256,        291,       50.5,       50.5,          0   ,          0
          1,    9,        298,        144,       50.5,       50.5,          0   ,          0
          1,   10,        192,         77,       50.5,       50.5,          0   ,          0
------------------------------------------------------------------------------
Component[1] Total Spheres = 10