Component 1 maximum area=0.44 [on 300x300]
Component type: Circle
---------------------------------------------------------------------------------------
--------------|------- Center-----|----- dimensions---------|----------------------
component| id|    X       |     Y      |  Width/a     | height/b |   hoop   |   Slope   
---------------------------------------------------------------------------------------
          1,    1,        259,         17,       50.5,       50.5,          0   ,          0
          1,    2,         93,         37,       50.5,       50.5,          0   ,          0
          1,    3,        112,          9,       50.5,       50.5,          0   ,          0
          1,    4,        242,        280,       50.5,       50.5,          0   ,          0
          1,    5,         59,        108,       50.5,       50.5,          0   ,          0
          1,    6,         78,         72,       50.5,       50.5,          0   ,          0
          1,    7,        214,         12,       50.5,       50.5,          0   ,          0
          1,    8,         44,        222,       50.5,       50.5,          0   ,          0
          1,    9,        276,         42,       50.5,       50.5,          0   ,          0
------------------------------------------------------------------------------
Component[1] Total Spheres = 9