Component 1 maximum area=0.44 [on 300x300]
Component type: Circle
---------------------------------------------------------------------------------------
--------------|------- Center-----|----- dimensions---------|----------------------
component| id|    X       |     Y      |  Width/a     | height/b |   hoop   |   Slope   
---------------------------------------------------------------------------------------
          1,    1,        210,        248,       50.5,       50.5,          0   ,          0
          1,    2,        262,        178,       50.5,       50.5,          0   ,          0
          1,    3,        149,        242,       50.5,       50.5,          0   ,          0
          1,    4,        187,        277,       50.5,       50.5,          0   ,          0
          1,    5,        249,        279,       50.5,       50.5,          0   ,          0
          1,    6,         27,         24,       50.5,       50.5,          0   ,          0
          1,    7,        203,        227,       50.5,       50.5,          0   ,          0
          1,    8,         74,        101,       50.5,       50.5,          0   ,          0
          1,    9,        116,         87,       50.5,       50.5,          0   ,          0
------------------------------------------------------------------------------
Component[1] Total Spheres = 9