Component 1 maximum area=0.44 [on 300x300]
Component type: Circle
---------------------------------------------------------------------------------------
--------------|------- Center-----|----- dimensions---------|----------------------
component| id|    X       |     Y      |  Width/a     | height/b |   hoop   |   Slope   
---------------------------------------------------------------------------------------
          1,    1,        233,        179,       50.5,       50.5,          0   ,          0
          1,    2,        291,        107,       50.5,       50.5,          0   ,          0
          1,    3,         35,         63,       50.5,       50.5,          0   ,          0
          1,    4,        286,         37,       50.5,       50.5,          0   ,          0
          1,    5,        286,         90,       50.5,       50.5,          0   ,          0
          1,    6,        137,        165,       50.5,       50.5,          0   ,          0
          1,    7,        142,        159,       50.5,       50.5,          0   ,          0
          1,    8,         68,         13,       50.5,       50.5,          0   ,          0
          1,    9,         24,        123,       50.5,       50.5,          0   ,          0
------------------------------------------------------------------------------
Component[1] Total Spheres = 9