Component 1 maximum area=0.44 [on 300x300]
Component type: Circle
---------------------------------------------------------------------------------------
--------------|------- Center-----|----- dimensions---------|----------------------
component| id|    X       |     Y      |  Width/a     | height/b |   hoop   |   Slope   
---------------------------------------------------------------------------------------
          1,    1,        180,        139,       50.5,       50.5,          0   ,          0
          1,    2,         18,         20,       50.5,       50.5,          0   ,          0
          1,    3,        204,        152,       50.5,       50.5,          0   ,          0
          1,    4,        203,        158,       50.5,       50.5,          0   ,          0
          1,    5,        242,         38,       50.5,       50.5,          0   ,          0
          1,    6,        222,        204,       50.5,       50.5,          0   ,          0
          1,    7,          9,        270,       50.5,       50.5,          0   ,          0
          1,    8,        279,        229,       50.5,       50.5,          0   ,          0
          1,    9,        217,        246,       50.5,       50.5,          0   ,          0
          1,   10,         99,        261,       50.5,       50.5,          0   ,          0
------------------------------------------------------------------------------
Component[1] Total Spheres = 10