Component 1 maximum area=0.44 [on 300x300]
Component type: Circle
---------------------------------------------------------------------------------------
--------------|------- Center-----|----- dimensions---------|----------------------
component| id|    X       |     Y      |  Width/a     | height/b |   hoop   |   Slope   
---------------------------------------------------------------------------------------
          1,    1,        155,        266,       50.5,       50.5,          0   ,          0
          1,    2,        127,          5,       50.5,       50.5,          0   ,          0
          1,    3,        293,        271,       50.5,       50.5,          0   ,          0
          1,    4,         68,        188,       50.5,       50.5,          0   ,          0
          1,    5,        102,         78,       50.5,       50.5,          0   ,          0
          1,    6,         84,        237,       50.5,       50.5,          0   ,          0
          1,    7,        125,        220,       50.5,       50.5,          0   ,          0
          1,    8,         93,         87,       50.5,       50.5,          0   ,          0
          1,    9,         22,        249,       50.5,       50.5,          0   ,          0
------------------------------------------------------------------------------
Component[1] Total Spheres = 9