Component 1 maximum area=0.44 [on 300x300]
Component type: Circle
---------------------------------------------------------------------------------------
--------------|------- Center-----|----- dimensions---------|----------------------
component| id|    X       |     Y      |  Width/a     | height/b |   hoop   |   Slope   
---------------------------------------------------------------------------------------
          1,    1,        106,        192,       50.5,       50.5,          0   ,          0
          1,    2,        162,        208,       50.5,       50.5,          0   ,          0
          1,    3,         34,        137,       50.5,       50.5,          0   ,          0
          1,    4,         55,        208,       50.5,       50.5,          0   ,          0
          1,    5,        205,         14,       50.5,       50.5,          0   ,          0
          1,    6,        282,        206,       50.5,       50.5,          0   ,          0
          1,    7,        191,         25,       50.5,       50.5,          0   ,          0
          1,    8,        153,        198,       50.5,       50.5,          0   ,          0
          1,    9,          2,        188,       50.5,       50.5,          0   ,          0
          1,   10,         64,        181,       50.5,       50.5,          0   ,          0
          1,   11,        225,        127,       50.5,       50.5,          0   ,          0
------------------------------------------------------------------------------
Component[1] Total Spheres = 11