Component 1 maximum area=0.44 [on 300x300]
Component type: Circle
---------------------------------------------------------------------------------------
--------------|------- Center-----|----- dimensions---------|----------------------
component| id|    X       |     Y      |  Width/a     | height/b |   hoop   |   Slope   
---------------------------------------------------------------------------------------
          1,    1,        152,        140,       50.5,       50.5,          0   ,          0
          1,    2,        210,        199,       50.5,       50.5,          0   ,          0
          1,    3,         91,        239,       50.5,       50.5,          0   ,          0
          1,    4,        107,        286,       50.5,       50.5,          0   ,          0
          1,    5,        236,        170,       50.5,       50.5,          0   ,          0
          1,    6,        138,        185,       50.5,       50.5,          0   ,          0
          1,    7,        109,        274,       50.5,       50.5,          0   ,          0
          1,    8,        292,        287,       50.5,       50.5,          0   ,          0
          1,    9,         41,        243,       50.5,       50.5,          0   ,          0
          1,   10,         39,        283,       50.5,       50.5,          0   ,          0
------------------------------------------------------------------------------
Component[1] Total Spheres = 10