Component 1 maximum area=0.44 [on 300x300]
Component type: Circle
---------------------------------------------------------------------------------------
--------------|------- Center-----|----- dimensions---------|----------------------
component| id|    X       |     Y      |  Width/a     | height/b |   hoop   |   Slope   
---------------------------------------------------------------------------------------
          1,    1,         41,         19,       50.5,       50.5,          0   ,          0
          1,    2,        296,         32,       50.5,       50.5,          0   ,          0
          1,    3,        232,          5,       50.5,       50.5,          0   ,          0
          1,    4,        203,        288,       50.5,       50.5,          0   ,          0
          1,    5,        296,         19,       50.5,       50.5,          0   ,          0
          1,    6,        105,         10,       50.5,       50.5,          0   ,          0
          1,    7,        101,         67,       50.5,       50.5,          0   ,          0
          1,    8,        296,        185,       50.5,       50.5,          0   ,          0
          1,    9,         72,         15,       50.5,       50.5,          0   ,          0
          1,   10,         98,         65,       50.5,       50.5,          0   ,          0
          1,   11,         27,         50,       50.5,       50.5,          0   ,          0
          1,   12,         23,        218,       50.5,       50.5,          0   ,          0
          1,   13,        276,         29,       50.5,       50.5,          0   ,          0
          1,   14,         69,         58,       50.5,       50.5,          0   ,          0
------------------------------------------------------------------------------
Component[1] Total Spheres = 14