Component 1 maximum area=0.44 [on 300x300]
Component type: Circle
---------------------------------------------------------------------------------------
--------------|------- Center-----|----- dimensions---------|----------------------
component| id|    X       |     Y      |  Width/a     | height/b |   hoop   |   Slope   
---------------------------------------------------------------------------------------
          1,    1,        293,        209,       50.5,       50.5,          0   ,          0
          1,    2,        197,        147,       50.5,       50.5,          0   ,          0
          1,    3,        160,          9,       50.5,       50.5,          0   ,          0
          1,    4,        292,         51,       50.5,       50.5,          0   ,          0
          1,    5,         13,         80,       50.5,       50.5,          0   ,          0
          1,    6,        190,        104,       50.5,       50.5,          0   ,          0
          1,    7,        195,        295,       50.5,       50.5,          0   ,          0
          1,    8,        169,        150,       50.5,       50.5,          0   ,          0
          1,    9,         11,         65,       50.5,       50.5,          0   ,          0
------------------------------------------------------------------------------
Component[1] Total Spheres = 9