Component 1 maximum area=0.44 [on 300x300]
Component type: Circle
---------------------------------------------------------------------------------------
--------------|------- Center-----|----- dimensions---------|----------------------
component| id|    X       |     Y      |  Width/a     | height/b |   hoop   |   Slope   
---------------------------------------------------------------------------------------
          1,    1,        134,        162,       50.5,       50.5,          0   ,          0
          1,    2,         59,        189,       50.5,       50.5,          0   ,          0
          1,    3,        135,        155,       50.5,       50.5,          0   ,          0
          1,    4,         94,         57,       50.5,       50.5,          0   ,          0
          1,    5,        117,         15,       50.5,       50.5,          0   ,          0
          1,    6,        249,         45,       50.5,       50.5,          0   ,          0
          1,    7,        193,         49,       50.5,       50.5,          0   ,          0
          1,    8,        202,         46,       50.5,       50.5,          0   ,          0
          1,    9,        108,        153,       50.5,       50.5,          0   ,          0
------------------------------------------------------------------------------
Component[1] Total Spheres = 9