Component 1 maximum area=0.44 [on 300x300]
Component type: Circle
---------------------------------------------------------------------------------------
--------------|------- Center-----|----- dimensions---------|----------------------
component| id|    X       |     Y      |  Width/a     | height/b |   hoop   |   Slope   
---------------------------------------------------------------------------------------
          1,    1,        151,        113,       50.5,       50.5,          0   ,          0
          1,    2,        225,         89,       50.5,       50.5,          0   ,          0
          1,    3,        189,         74,       50.5,       50.5,          0   ,          0
          1,    4,          7,        149,       50.5,       50.5,          0   ,          0
          1,    5,        259,        244,       50.5,       50.5,          0   ,          0
          1,    6,        123,         65,       50.5,       50.5,          0   ,          0
          1,    7,         10,         39,       50.5,       50.5,          0   ,          0
          1,    8,         15,         24,       50.5,       50.5,          0   ,          0
          1,    9,        282,        223,       50.5,       50.5,          0   ,          0
------------------------------------------------------------------------------
Component[1] Total Spheres = 9