Component 1 maximum area=0.44 [on 300x300]
Component type: Circle
---------------------------------------------------------------------------------------
--------------|------- Center-----|----- dimensions---------|----------------------
component| id|    X       |     Y      |  Width/a     | height/b |   hoop   |   Slope   
---------------------------------------------------------------------------------------
          1,    1,         86,         69,       50.5,       50.5,          0   ,          0
          1,    2,        257,        288,       50.5,       50.5,          0   ,          0
          1,    3,         96,         84,       50.5,       50.5,          0   ,          0
          1,    4,         91,        101,       50.5,       50.5,          0   ,          0
          1,    5,        169,        168,       50.5,       50.5,          0   ,          0
          1,    6,         72,         97,       50.5,       50.5,          0   ,          0
          1,    7,        144,        166,       50.5,       50.5,          0   ,          0
          1,    8,        239,        292,       50.5,       50.5,          0   ,          0
          1,    9,        272,        200,       50.5,       50.5,          0   ,          0
          1,   10,         81,          7,       50.5,       50.5,          0   ,          0
          1,   11,         80,         52,       50.5,       50.5,          0   ,          0
          1,   12,        207,        145,       50.5,       50.5,          0   ,          0
------------------------------------------------------------------------------
Component[1] Total Spheres = 12