Component 1 maximum area=0.44 [on 300x300]
Component type: Circle
---------------------------------------------------------------------------------------
--------------|------- Center-----|----- dimensions---------|----------------------
component| id|    X       |     Y      |  Width/a     | height/b |   hoop   |   Slope   
---------------------------------------------------------------------------------------
          1,    1,        151,         91,       50.5,       50.5,          0   ,          0
          1,    2,          2,        238,       50.5,       50.5,          0   ,          0
          1,    3,        131,         75,       50.5,       50.5,          0   ,          0
          1,    4,        178,        142,       50.5,       50.5,          0   ,          0
          1,    5,         45,         22,       50.5,       50.5,          0   ,          0
          1,    6,         30,         30,       50.5,       50.5,          0   ,          0
          1,    7,        255,          6,       50.5,       50.5,          0   ,          0
          1,    8,        106,        171,       50.5,       50.5,          0   ,          0
          1,    9,        143,         52,       50.5,       50.5,          0   ,          0
------------------------------------------------------------------------------
Component[1] Total Spheres = 9