Component 1 maximum area=0.46 [on 300x300]
Component type: Circle
---------------------------------------------------------------------------------------
--------------|------- Center-----|----- dimensions---------|----------------------
component| id|    X       |     Y      |  Width/a     | height/b |   hoop   |   Slope   
---------------------------------------------------------------------------------------
          1,    1,        274,        129,       50.5,       50.5,          0   ,          0
          1,    2,         36,         37,       50.5,       50.5,          0   ,          0
          1,    3,          8,        289,       50.5,       50.5,          0   ,          0
          1,    4,          2,        261,       50.5,       50.5,          0   ,          0
          1,    5,         53,         87,       50.5,       50.5,          0   ,          0
          1,    6,        213,         61,       50.5,       50.5,          0   ,          0
          1,    7,        178,         44,       50.5,       50.5,          0   ,          0
          1,    8,        118,         47,       50.5,       50.5,          0   ,          0
          1,    9,          5,        186,       50.5,       50.5,          0   ,          0
------------------------------------------------------------------------------
Component[1] Total Spheres = 9