Component 1 maximum area=0.46 [on 300x300]
Component type: Circle
---------------------------------------------------------------------------------------
--------------|------- Center-----|----- dimensions---------|----------------------
component| id|    X       |     Y      |  Width/a     | height/b |   hoop   |   Slope   
---------------------------------------------------------------------------------------
          1,    1,        271,        220,       50.5,       50.5,          0   ,          0
          1,    2,          6,         52,       50.5,       50.5,          0   ,          0
          1,    3,        176,        297,       50.5,       50.5,          0   ,          0
          1,    4,        242,        216,       50.5,       50.5,          0   ,          0
          1,    5,          8,        249,       50.5,       50.5,          0   ,          0
          1,    6,         96,        216,       50.5,       50.5,          0   ,          0
          1,    7,        292,        249,       50.5,       50.5,          0   ,          0
          1,    8,         75,          5,       50.5,       50.5,          0   ,          0
          1,    9,        162,         10,       50.5,       50.5,          0   ,          0
          1,   10,         90,         57,       50.5,       50.5,          0   ,          0
------------------------------------------------------------------------------
Component[1] Total Spheres = 10