Component 1 maximum area=0.46 [on 300x300]
Component type: Circle
---------------------------------------------------------------------------------------
--------------|------- Center-----|----- dimensions---------|----------------------
component| id|    X       |     Y      |  Width/a     | height/b |   hoop   |   Slope   
---------------------------------------------------------------------------------------
          1,    1,        176,        147,       50.5,       50.5,          0   ,          0
          1,    2,        178,        202,       50.5,       50.5,          0   ,          0
          1,    3,        223,        203,       50.5,       50.5,          0   ,          0
          1,    4,        157,        117,       50.5,       50.5,          0   ,          0
          1,    5,         71,        288,       50.5,       50.5,          0   ,          0
          1,    6,        120,         49,       50.5,       50.5,          0   ,          0
          1,    7,        147,         95,       50.5,       50.5,          0   ,          0
          1,    8,         37,         59,       50.5,       50.5,          0   ,          0
          1,    9,        291,        225,       50.5,       50.5,          0   ,          0
------------------------------------------------------------------------------
Component[1] Total Spheres = 9