Component 1 maximum area=0.46 [on 300x300]
Component type: Circle
---------------------------------------------------------------------------------------
--------------|------- Center-----|----- dimensions---------|----------------------
component| id|    X       |     Y      |  Width/a     | height/b |   hoop   |   Slope   
---------------------------------------------------------------------------------------
          1,    1,        209,        115,       50.5,       50.5,          0   ,          0
          1,    2,         72,         32,       50.5,       50.5,          0   ,          0
          1,    3,        209,        139,       50.5,       50.5,          0   ,          0
          1,    4,         43,        179,       50.5,       50.5,          0   ,          0
          1,    5,         29,          5,       50.5,       50.5,          0   ,          0
          1,    6,          2,        173,       50.5,       50.5,          0   ,          0
          1,    7,         11,        145,       50.5,       50.5,          0   ,          0
          1,    8,         18,         59,       50.5,       50.5,          0   ,          0
          1,    9,        127,         52,       50.5,       50.5,          0   ,          0
          1,   10,        155,        284,       50.5,       50.5,          0   ,          0
------------------------------------------------------------------------------
Component[1] Total Spheres = 10