Component 1 maximum area=0.46 [on 300x300]
Component type: Circle
---------------------------------------------------------------------------------------
--------------|------- Center-----|----- dimensions---------|----------------------
component| id|    X       |     Y      |  Width/a     | height/b |   hoop   |   Slope   
---------------------------------------------------------------------------------------
          1,    1,        179,        187,       50.5,       50.5,          0   ,          0
          1,    2,        214,        229,       50.5,       50.5,          0   ,          0
          1,    3,        173,        220,       50.5,       50.5,          0   ,          0
          1,    4,         30,        270,       50.5,       50.5,          0   ,          0
          1,    5,        176,         88,       50.5,       50.5,          0   ,          0
          1,    6,        172,         88,       50.5,       50.5,          0   ,          0
          1,    7,         21,        220,       50.5,       50.5,          0   ,          0
          1,    8,        219,        240,       50.5,       50.5,          0   ,          0
          1,    9,        185,        244,       50.5,       50.5,          0   ,          0
          1,   10,         87,        208,       50.5,       50.5,          0   ,          0
          1,   11,        230,        152,       50.5,       50.5,          0   ,          0
------------------------------------------------------------------------------
Component[1] Total Spheres = 11