Component 1 maximum area=0.46 [on 300x300]
Component type: Circle
---------------------------------------------------------------------------------------
--------------|------- Center-----|----- dimensions---------|----------------------
component| id|    X       |     Y      |  Width/a     | height/b |   hoop   |   Slope   
---------------------------------------------------------------------------------------
          1,    1,         26,        209,       50.5,       50.5,          0   ,          0
          1,    2,         99,        121,       50.5,       50.5,          0   ,          0
          1,    3,          0,        243,       50.5,       50.5,          0   ,          0
          1,    4,        178,         81,       50.5,       50.5,          0   ,          0
          1,    5,        129,        272,       50.5,       50.5,          0   ,          0
          1,    6,        191,         96,       50.5,       50.5,          0   ,          0
          1,    7,        196,        287,       50.5,       50.5,          0   ,          0
          1,    8,         66,        124,       50.5,       50.5,          0   ,          0
          1,    9,        127,        214,       50.5,       50.5,          0   ,          0
------------------------------------------------------------------------------
Component[1] Total Spheres = 9