Component 1 maximum area=0.46 [on 300x300]
Component type: Circle
---------------------------------------------------------------------------------------
--------------|------- Center-----|----- dimensions---------|----------------------
component| id|    X       |     Y      |  Width/a     | height/b |   hoop   |   Slope   
---------------------------------------------------------------------------------------
          1,    1,        216,        250,       50.5,       50.5,          0   ,          0
          1,    2,        243,         92,       50.5,       50.5,          0   ,          0
          1,    3,        192,        264,       50.5,       50.5,          0   ,          0
          1,    4,        133,        156,       50.5,       50.5,          0   ,          0
          1,    5,         44,        242,       50.5,       50.5,          0   ,          0
          1,    6,        249,        283,       50.5,       50.5,          0   ,          0
          1,    7,         57,        289,       50.5,       50.5,          0   ,          0
          1,    8,        252,         94,       50.5,       50.5,          0   ,          0
          1,    9,        240,         61,       50.5,       50.5,          0   ,          0
------------------------------------------------------------------------------
Component[1] Total Spheres = 9