Component 1 maximum area=0.46 [on 300x300]
Component type: Circle
---------------------------------------------------------------------------------------
--------------|------- Center-----|----- dimensions---------|----------------------
component| id|    X       |     Y      |  Width/a     | height/b |   hoop   |   Slope   
---------------------------------------------------------------------------------------
          1,    1,         88,        240,       50.5,       50.5,          0   ,          0
          1,    2,         62,        164,       50.5,       50.5,          0   ,          0
          1,    3,        128,        160,       50.5,       50.5,          0   ,          0
          1,    4,        167,         99,       50.5,       50.5,          0   ,          0
          1,    5,          5,        221,       50.5,       50.5,          0   ,          0
          1,    6,         11,         17,       50.5,       50.5,          0   ,          0
          1,    7,         76,        210,       50.5,       50.5,          0   ,          0
          1,    8,         74,         12,       50.5,       50.5,          0   ,          0
          1,    9,        165,        194,       50.5,       50.5,          0   ,          0
------------------------------------------------------------------------------
Component[1] Total Spheres = 9