Component 1 maximum area=0.46 [on 300x300]
Component type: Circle
---------------------------------------------------------------------------------------
--------------|------- Center-----|----- dimensions---------|----------------------
component| id|    X       |     Y      |  Width/a     | height/b |   hoop   |   Slope   
---------------------------------------------------------------------------------------
          1,    1,         14,        135,       50.5,       50.5,          0   ,          0
          1,    2,         40,        150,       50.5,       50.5,          0   ,          0
          1,    3,         43,         93,       50.5,       50.5,          0   ,          0
          1,    4,        233,        230,       50.5,       50.5,          0   ,          0
          1,    5,        207,        253,       50.5,       50.5,          0   ,          0
          1,    6,         45,        178,       50.5,       50.5,          0   ,          0
          1,    7,        186,        259,       50.5,       50.5,          0   ,          0
          1,    8,        192,        153,       50.5,       50.5,          0   ,          0
          1,    9,        100,        232,       50.5,       50.5,          0   ,          0
------------------------------------------------------------------------------
Component[1] Total Spheres = 9