Component 1 maximum area=0.46 [on 300x300]
Component type: Circle
---------------------------------------------------------------------------------------
--------------|------- Center-----|----- dimensions---------|----------------------
component| id|    X       |     Y      |  Width/a     | height/b |   hoop   |   Slope   
---------------------------------------------------------------------------------------
          1,    1,         11,        152,       50.5,       50.5,          0   ,          0
          1,    2,        200,        104,       50.5,       50.5,          0   ,          0
          1,    3,        132,        164,       50.5,       50.5,          0   ,          0
          1,    4,        100,        244,       50.5,       50.5,          0   ,          0
          1,    5,         81,        153,       50.5,       50.5,          0   ,          0
          1,    6,        134,        216,       50.5,       50.5,          0   ,          0
          1,    7,        232,         30,       50.5,       50.5,          0   ,          0
          1,    8,        128,        234,       50.5,       50.5,          0   ,          0
          1,    9,        187,        267,       50.5,       50.5,          0   ,          0
------------------------------------------------------------------------------
Component[1] Total Spheres = 9