Component 1 maximum area=0.46 [on 300x300]
Component type: Circle
---------------------------------------------------------------------------------------
--------------|------- Center-----|----- dimensions---------|----------------------
component| id|    X       |     Y      |  Width/a     | height/b |   hoop   |   Slope   
---------------------------------------------------------------------------------------
          1,    1,        176,        123,       50.5,       50.5,          0   ,          0
          1,    2,        287,         91,       50.5,       50.5,          0   ,          0
          1,    3,        242,         91,       50.5,       50.5,          0   ,          0
          1,    4,         58,        120,       50.5,       50.5,          0   ,          0
          1,    5,        235,        143,       50.5,       50.5,          0   ,          0
          1,    6,         68,        293,       50.5,       50.5,          0   ,          0
          1,    7,        298,        144,       50.5,       50.5,          0   ,          0
          1,    8,        169,         13,       50.5,       50.5,          0   ,          0
          1,    9,         62,        160,       50.5,       50.5,          0   ,          0
------------------------------------------------------------------------------
Component[1] Total Spheres = 9