Component 1 maximum area=0.46 [on 300x300]
Component type: Circle
---------------------------------------------------------------------------------------
--------------|------- Center-----|----- dimensions---------|----------------------
component| id|    X       |     Y      |  Width/a     | height/b |   hoop   |   Slope   
---------------------------------------------------------------------------------------
          1,    1,        124,        172,       50.5,       50.5,          0   ,          0
          1,    2,        116,        184,       50.5,       50.5,          0   ,          0
          1,    3,         71,        258,       50.5,       50.5,          0   ,          0
          1,    4,        284,         74,       50.5,       50.5,          0   ,          0
          1,    5,        106,          4,       50.5,       50.5,          0   ,          0
          1,    6,        207,        199,       50.5,       50.5,          0   ,          0
          1,    7,         89,        139,       50.5,       50.5,          0   ,          0
          1,    8,        272,         87,       50.5,       50.5,          0   ,          0
          1,    9,         44,         42,       50.5,       50.5,          0   ,          0
------------------------------------------------------------------------------
Component[1] Total Spheres = 9