Component 1 maximum area=0.46 [on 300x300]
Component type: Circle
---------------------------------------------------------------------------------------
--------------|------- Center-----|----- dimensions---------|----------------------
component| id|    X       |     Y      |  Width/a     | height/b |   hoop   |   Slope   
---------------------------------------------------------------------------------------
          1,    1,        209,        102,       50.5,       50.5,          0   ,          0
          1,    2,         41,        251,       50.5,       50.5,          0   ,          0
          1,    3,         48,        212,       50.5,       50.5,          0   ,          0
          1,    4,         15,        246,       50.5,       50.5,          0   ,          0
          1,    5,        121,        191,       50.5,       50.5,          0   ,          0
          1,    6,         56,         61,       50.5,       50.5,          0   ,          0
          1,    7,        134,          2,       50.5,       50.5,          0   ,          0
          1,    8,         91,        215,       50.5,       50.5,          0   ,          0
          1,    9,        228,         98,       50.5,       50.5,          0   ,          0
------------------------------------------------------------------------------
Component[1] Total Spheres = 9