Component 1 maximum area=0.46 [on 300x300]
Component type: Circle
---------------------------------------------------------------------------------------
--------------|------- Center-----|----- dimensions---------|----------------------
component| id|    X       |     Y      |  Width/a     | height/b |   hoop   |   Slope   
---------------------------------------------------------------------------------------
          1,    1,        124,        175,       50.5,       50.5,          0   ,          0
          1,    2,        194,         48,       50.5,       50.5,          0   ,          0
          1,    3,        221,         77,       50.5,       50.5,          0   ,          0
          1,    4,        228,         99,       50.5,       50.5,          0   ,          0
          1,    5,        254,         98,       50.5,       50.5,          0   ,          0
          1,    6,         19,        234,       50.5,       50.5,          0   ,          0
          1,    7,        196,        227,       50.5,       50.5,          0   ,          0
          1,    8,        128,        198,       50.5,       50.5,          0   ,          0
          1,    9,         26,        193,       50.5,       50.5,          0   ,          0
------------------------------------------------------------------------------
Component[1] Total Spheres = 9