Component 1 maximum area=0.46 [on 300x300]
Component type: Circle
---------------------------------------------------------------------------------------
--------------|------- Center-----|----- dimensions---------|----------------------
component| id|    X       |     Y      |  Width/a     | height/b |   hoop   |   Slope   
---------------------------------------------------------------------------------------
          1,    1,         75,        276,       50.5,       50.5,          0   ,          0
          1,    2,         97,        155,       50.5,       50.5,          0   ,          0
          1,    3,        105,        181,       50.5,       50.5,          0   ,          0
          1,    4,         47,         30,       50.5,       50.5,          0   ,          0
          1,    5,         62,        255,       50.5,       50.5,          0   ,          0
          1,    6,        185,        210,       50.5,       50.5,          0   ,          0
          1,    7,        125,        281,       50.5,       50.5,          0   ,          0
          1,    8,        135,        206,       50.5,       50.5,          0   ,          0
          1,    9,        105,        168,       50.5,       50.5,          0   ,          0
          1,   10,        111,        231,       50.5,       50.5,          0   ,          0
          1,   11,        263,         11,       50.5,       50.5,          0   ,          0
          1,   12,         27,        278,       50.5,       50.5,          0   ,          0
------------------------------------------------------------------------------
Component[1] Total Spheres = 12