Component 1 maximum area=0.46 [on 300x300]
Component type: Circle
---------------------------------------------------------------------------------------
--------------|------- Center-----|----- dimensions---------|----------------------
component| id|    X       |     Y      |  Width/a     | height/b |   hoop   |   Slope   
---------------------------------------------------------------------------------------
          1,    1,        187,        199,       50.5,       50.5,          0   ,          0
          1,    2,         90,        209,       50.5,       50.5,          0   ,          0
          1,    3,         51,        147,       50.5,       50.5,          0   ,          0
          1,    4,        249,         91,       50.5,       50.5,          0   ,          0
          1,    5,        160,        181,       50.5,       50.5,          0   ,          0
          1,    6,        293,         68,       50.5,       50.5,          0   ,          0
          1,    7,        241,        105,       50.5,       50.5,          0   ,          0
          1,    8,        217,        211,       50.5,       50.5,          0   ,          0
          1,    9,         50,         32,       50.5,       50.5,          0   ,          0
------------------------------------------------------------------------------
Component[1] Total Spheres = 9