Component 1 maximum area=0.46 [on 300x300]
Component type: Circle
---------------------------------------------------------------------------------------
--------------|------- Center-----|----- dimensions---------|----------------------
component| id|    X       |     Y      |  Width/a     | height/b |   hoop   |   Slope   
---------------------------------------------------------------------------------------
          1,    1,        263,        277,       50.5,       50.5,          0   ,          0
          1,    2,          8,        114,       50.5,       50.5,          0   ,          0
          1,    3,        119,        192,       50.5,       50.5,          0   ,          0
          1,    4,        260,         23,       50.5,       50.5,          0   ,          0
          1,    5,        104,        186,       50.5,       50.5,          0   ,          0
          1,    6,        115,        162,       50.5,       50.5,          0   ,          0
          1,    7,        269,         86,       50.5,       50.5,          0   ,          0
          1,    8,        204,        215,       50.5,       50.5,          0   ,          0
          1,    9,        285,        270,       50.5,       50.5,          0   ,          0
          1,   10,        226,         68,       50.5,       50.5,          0   ,          0
------------------------------------------------------------------------------
Component[1] Total Spheres = 10