Component 1 maximum area=0.46 [on 300x300]
Component type: Circle
---------------------------------------------------------------------------------------
--------------|------- Center-----|----- dimensions---------|----------------------
component| id|    X       |     Y      |  Width/a     | height/b |   hoop   |   Slope   
---------------------------------------------------------------------------------------
          1,    1,        279,        229,       50.5,       50.5,          0   ,          0
          1,    2,        253,         18,       50.5,       50.5,          0   ,          0
          1,    3,        274,         43,       50.5,       50.5,          0   ,          0
          1,    4,        280,        263,       50.5,       50.5,          0   ,          0
          1,    5,        213,         17,       50.5,       50.5,          0   ,          0
          1,    6,        294,        166,       50.5,       50.5,          0   ,          0
          1,    7,         88,        246,       50.5,       50.5,          0   ,          0
          1,    8,         78,        216,       50.5,       50.5,          0   ,          0
          1,    9,        283,        158,       50.5,       50.5,          0   ,          0
          1,   10,        279,         57,       50.5,       50.5,          0   ,          0
          1,   11,        218,         47,       50.5,       50.5,          0   ,          0
          1,   12,        232,        123,       50.5,       50.5,          0   ,          0
          1,   13,         62,        201,       50.5,       50.5,          0   ,          0
------------------------------------------------------------------------------
Component[1] Total Spheres = 13