Component 1 maximum area=0.46 [on 300x300]
Component type: Circle
---------------------------------------------------------------------------------------
--------------|------- Center-----|----- dimensions---------|----------------------
component| id|    X       |     Y      |  Width/a     | height/b |   hoop   |   Slope   
---------------------------------------------------------------------------------------
          1,    1,         86,        131,       50.5,       50.5,          0   ,          0
          1,    2,        116,        251,       50.5,       50.5,          0   ,          0
          1,    3,        140,        233,       50.5,       50.5,          0   ,          0
          1,    4,        274,        187,       50.5,       50.5,          0   ,          0
          1,    5,         99,        274,       50.5,       50.5,          0   ,          0
          1,    6,        108,        104,       50.5,       50.5,          0   ,          0
          1,    7,        288,        169,       50.5,       50.5,          0   ,          0
          1,    8,        225,        265,       50.5,       50.5,          0   ,          0
          1,    9,        280,        293,       50.5,       50.5,          0   ,          0
          1,   10,         91,        203,       50.5,       50.5,          0   ,          0
------------------------------------------------------------------------------
Component[1] Total Spheres = 10