Component 1 maximum area=0.46 [on 300x300]
Component type: Circle
---------------------------------------------------------------------------------------
--------------|------- Center-----|----- dimensions---------|----------------------
component| id|    X       |     Y      |  Width/a     | height/b |   hoop   |   Slope   
---------------------------------------------------------------------------------------
          1,    1,        270,        191,       50.5,       50.5,          0   ,          0
          1,    2,        234,        132,       50.5,       50.5,          0   ,          0
          1,    3,        199,        156,       50.5,       50.5,          0   ,          0
          1,    4,        189,         69,       50.5,       50.5,          0   ,          0
          1,    5,        171,         88,       50.5,       50.5,          0   ,          0
          1,    6,        191,        198,       50.5,       50.5,          0   ,          0
          1,    7,        232,        175,       50.5,       50.5,          0   ,          0
          1,    8,        228,        185,       50.5,       50.5,          0   ,          0
          1,    9,        239,        230,       50.5,       50.5,          0   ,          0
          1,   10,        100,        241,       50.5,       50.5,          0   ,          0
          1,   11,        125,        129,       50.5,       50.5,          0   ,          0
------------------------------------------------------------------------------
Component[1] Total Spheres = 11