Component 1 maximum area=0.46 [on 300x300]
Component type: Circle
---------------------------------------------------------------------------------------
--------------|------- Center-----|----- dimensions---------|----------------------
component| id|    X       |     Y      |  Width/a     | height/b |   hoop   |   Slope   
---------------------------------------------------------------------------------------
          1,    1,        120,        233,       50.5,       50.5,          0   ,          0
          1,    2,         96,        193,       50.5,       50.5,          0   ,          0
          1,    3,         77,        112,       50.5,       50.5,          0   ,          0
          1,    4,         85,        172,       50.5,       50.5,          0   ,          0
          1,    5,        275,        202,       50.5,       50.5,          0   ,          0
          1,    6,        114,        295,       50.5,       50.5,          0   ,          0
          1,    7,        111,        126,       50.5,       50.5,          0   ,          0
          1,    8,        268,         19,       50.5,       50.5,          0   ,          0
          1,    9,         76,        129,       50.5,       50.5,          0   ,          0
          1,   10,        242,         20,       50.5,       50.5,          0   ,          0
          1,   11,         47,        146,       50.5,       50.5,          0   ,          0
          1,   12,         91,        274,       50.5,       50.5,          0   ,          0
------------------------------------------------------------------------------
Component[1] Total Spheres = 12