Component 1 maximum area=0.46 [on 300x300]
Component type: Circle
---------------------------------------------------------------------------------------
--------------|------- Center-----|----- dimensions---------|----------------------
component| id|    X       |     Y      |  Width/a     | height/b |   hoop   |   Slope   
---------------------------------------------------------------------------------------
          1,    1,         63,         87,       50.5,       50.5,          0   ,          0
          1,    2,        104,         88,       50.5,       50.5,          0   ,          0
          1,    3,        114,        229,       50.5,       50.5,          0   ,          0
          1,    4,         92,        204,       50.5,       50.5,          0   ,          0
          1,    5,        106,        241,       50.5,       50.5,          0   ,          0
          1,    6,        162,         28,       50.5,       50.5,          0   ,          0
          1,    7,        287,        133,       50.5,       50.5,          0   ,          0
          1,    8,         86,        161,       50.5,       50.5,          0   ,          0
          1,    9,        180,        196,       50.5,       50.5,          0   ,          0
------------------------------------------------------------------------------
Component[1] Total Spheres = 9