Component 1 maximum area=0.46 [on 300x300]
Component type: Circle
---------------------------------------------------------------------------------------
--------------|------- Center-----|----- dimensions---------|----------------------
component| id|    X       |     Y      |  Width/a     | height/b |   hoop   |   Slope   
---------------------------------------------------------------------------------------
          1,    1,        277,        271,       50.5,       50.5,          0   ,          0
          1,    2,          4,        181,       50.5,       50.5,          0   ,          0
          1,    3,        265,        206,       50.5,       50.5,          0   ,          0
          1,    4,        137,        164,       50.5,       50.5,          0   ,          0
          1,    5,        276,         10,       50.5,       50.5,          0   ,          0
          1,    6,        278,        248,       50.5,       50.5,          0   ,          0
          1,    7,          7,        280,       50.5,       50.5,          0   ,          0
          1,    8,         64,         42,       50.5,       50.5,          0   ,          0
          1,    9,        265,        191,       50.5,       50.5,          0   ,          0
          1,   10,         33,         74,       50.5,       50.5,          0   ,          0
------------------------------------------------------------------------------
Component[1] Total Spheres = 10