Component 1 maximum area=0.46 [on 300x300]
Component type: Circle
---------------------------------------------------------------------------------------
--------------|------- Center-----|----- dimensions---------|----------------------
component| id|    X       |     Y      |  Width/a     | height/b |   hoop   |   Slope   
---------------------------------------------------------------------------------------
          1,    1,         61,        265,       50.5,       50.5,          0   ,          0
          1,    2,         16,         70,       50.5,       50.5,          0   ,          0
          1,    3,        274,        254,       50.5,       50.5,          0   ,          0
          1,    4,        123,         27,       50.5,       50.5,          0   ,          0
          1,    5,         81,        225,       50.5,       50.5,          0   ,          0
          1,    6,        120,        283,       50.5,       50.5,          0   ,          0
          1,    7,         64,         49,       50.5,       50.5,          0   ,          0
          1,    8,        197,        291,       50.5,       50.5,          0   ,          0
          1,    9,        175,         96,       50.5,       50.5,          0   ,          0
------------------------------------------------------------------------------
Component[1] Total Spheres = 9