Component 1 maximum area=0.46 [on 300x300]
Component type: Circle
---------------------------------------------------------------------------------------
--------------|------- Center-----|----- dimensions---------|----------------------
component| id|    X       |     Y      |  Width/a     | height/b |   hoop   |   Slope   
---------------------------------------------------------------------------------------
          1,    1,         84,         81,       50.5,       50.5,          0   ,          0
          1,    2,         24,         93,       50.5,       50.5,          0   ,          0
          1,    3,        286,         90,       50.5,       50.5,          0   ,          0
          1,    4,        171,        153,       50.5,       50.5,          0   ,          0
          1,    5,          3,        213,       50.5,       50.5,          0   ,          0
          1,    6,         15,        244,       50.5,       50.5,          0   ,          0
          1,    7,         22,        222,       50.5,       50.5,          0   ,          0
          1,    8,        161,        232,       50.5,       50.5,          0   ,          0
          1,    9,         24,        204,       50.5,       50.5,          0   ,          0
------------------------------------------------------------------------------
Component[1] Total Spheres = 9