Component 1 maximum area=0.46 [on 300x300]
Component type: Circle
---------------------------------------------------------------------------------------
--------------|------- Center-----|----- dimensions---------|----------------------
component| id|    X       |     Y      |  Width/a     | height/b |   hoop   |   Slope   
---------------------------------------------------------------------------------------
          1,    1,        118,        196,       50.5,       50.5,          0   ,          0
          1,    2,         51,        280,       50.5,       50.5,          0   ,          0
          1,    3,        154,        262,       50.5,       50.5,          0   ,          0
          1,    4,        283,        251,       50.5,       50.5,          0   ,          0
          1,    5,        206,        281,       50.5,       50.5,          0   ,          0
          1,    6,        203,        244,       50.5,       50.5,          0   ,          0
          1,    7,        148,         83,       50.5,       50.5,          0   ,          0
          1,    8,        286,        278,       50.5,       50.5,          0   ,          0
          1,    9,         81,        132,       50.5,       50.5,          0   ,          0
------------------------------------------------------------------------------
Component[1] Total Spheres = 9