Component 1 maximum area=0.46 [on 300x300]
Component type: Circle
---------------------------------------------------------------------------------------
--------------|------- Center-----|----- dimensions---------|----------------------
component| id|    X       |     Y      |  Width/a     | height/b |   hoop   |   Slope   
---------------------------------------------------------------------------------------
          1,    1,        184,        259,       50.5,       50.5,          0   ,          0
          1,    2,        173,        236,       50.5,       50.5,          0   ,          0
          1,    3,        220,         82,       50.5,       50.5,          0   ,          0
          1,    4,         58,        246,       50.5,       50.5,          0   ,          0
          1,    5,        141,        143,       50.5,       50.5,          0   ,          0
          1,    6,        107,        283,       50.5,       50.5,          0   ,          0
          1,    7,        296,          7,       50.5,       50.5,          0   ,          0
          1,    8,        156,        246,       50.5,       50.5,          0   ,          0
          1,    9,         60,        218,       50.5,       50.5,          0   ,          0
------------------------------------------------------------------------------
Component[1] Total Spheres = 9