Component 1 maximum area=0.46 [on 300x300]
Component type: Circle
---------------------------------------------------------------------------------------
--------------|------- Center-----|----- dimensions---------|----------------------
component| id|    X       |     Y      |  Width/a     | height/b |   hoop   |   Slope   
---------------------------------------------------------------------------------------
          1,    1,        214,         96,       50.5,       50.5,          0   ,          0
          1,    2,        270,        209,       50.5,       50.5,          0   ,          0
          1,    3,        266,         67,       50.5,       50.5,          0   ,          0
          1,    4,         16,         33,       50.5,       50.5,          0   ,          0
          1,    5,        137,        251,       50.5,       50.5,          0   ,          0
          1,    6,         55,         73,       50.5,       50.5,          0   ,          0
          1,    7,        245,         58,       50.5,       50.5,          0   ,          0
          1,    8,        269,         26,       50.5,       50.5,          0   ,          0
          1,    9,        279,        137,       50.5,       50.5,          0   ,          0
------------------------------------------------------------------------------
Component[1] Total Spheres = 9