Component 1 maximum area=0.46 [on 300x300]
Component type: Circle
---------------------------------------------------------------------------------------
--------------|------- Center-----|----- dimensions---------|----------------------
component| id|    X       |     Y      |  Width/a     | height/b |   hoop   |   Slope   
---------------------------------------------------------------------------------------
          1,    1,        160,        271,       50.5,       50.5,          0   ,          0
          1,    2,        262,         93,       50.5,       50.5,          0   ,          0
          1,    3,        142,        299,       50.5,       50.5,          0   ,          0
          1,    4,        240,        123,       50.5,       50.5,          0   ,          0
          1,    5,        161,        243,       50.5,       50.5,          0   ,          0
          1,    6,         74,         46,       50.5,       50.5,          0   ,          0
          1,    7,        228,        266,       50.5,       50.5,          0   ,          0
          1,    8,        221,        169,       50.5,       50.5,          0   ,          0
          1,    9,        172,        272,       50.5,       50.5,          0   ,          0
          1,   10,          3,        176,       50.5,       50.5,          0   ,          0
------------------------------------------------------------------------------
Component[1] Total Spheres = 10