Component 1 maximum area=0.46 [on 300x300]
Component type: Circle
---------------------------------------------------------------------------------------
--------------|------- Center-----|----- dimensions---------|----------------------
component| id|    X       |     Y      |  Width/a     | height/b |   hoop   |   Slope   
---------------------------------------------------------------------------------------
          1,    1,         98,        258,       50.5,       50.5,          0   ,          0
          1,    2,        158,         54,       50.5,       50.5,          0   ,          0
          1,    3,        289,         23,       50.5,       50.5,          0   ,          0
          1,    4,        145,        132,       50.5,       50.5,          0   ,          0
          1,    5,        200,        255,       50.5,       50.5,          0   ,          0
          1,    6,        209,        249,       50.5,       50.5,          0   ,          0
          1,    7,        186,        118,       50.5,       50.5,          0   ,          0
          1,    8,        201,        236,       50.5,       50.5,          0   ,          0
          1,    9,        233,        138,       50.5,       50.5,          0   ,          0
------------------------------------------------------------------------------
Component[1] Total Spheres = 9