Component 1 maximum area=0.46 [on 300x300]
Component type: Circle
---------------------------------------------------------------------------------------
--------------|------- Center-----|----- dimensions---------|----------------------
component| id|    X       |     Y      |  Width/a     | height/b |   hoop   |   Slope   
---------------------------------------------------------------------------------------
          1,    1,        163,         37,       50.5,       50.5,          0   ,          0
          1,    2,        150,        199,       50.5,       50.5,          0   ,          0
          1,    3,        217,        252,       50.5,       50.5,          0   ,          0
          1,    4,        184,        120,       50.5,       50.5,          0   ,          0
          1,    5,        205,        211,       50.5,       50.5,          0   ,          0
          1,    6,        295,        189,       50.5,       50.5,          0   ,          0
          1,    7,        199,        261,       50.5,       50.5,          0   ,          0
          1,    8,        183,        107,       50.5,       50.5,          0   ,          0
          1,    9,         54,          9,       50.5,       50.5,          0   ,          0
------------------------------------------------------------------------------
Component[1] Total Spheres = 9