Component 1 maximum area=0.46 [on 300x300]
Component type: Circle
---------------------------------------------------------------------------------------
--------------|------- Center-----|----- dimensions---------|----------------------
component| id|    X       |     Y      |  Width/a     | height/b |   hoop   |   Slope   
---------------------------------------------------------------------------------------
          1,    1,         29,        294,       50.5,       50.5,          0   ,          0
          1,    2,        190,        275,       50.5,       50.5,          0   ,          0
          1,    3,        219,        194,       50.5,       50.5,          0   ,          0
          1,    4,        111,        127,       50.5,       50.5,          0   ,          0
          1,    5,        172,        163,       50.5,       50.5,          0   ,          0
          1,    6,        292,         95,       50.5,       50.5,          0   ,          0
          1,    7,         70,        285,       50.5,       50.5,          0   ,          0
          1,    8,        292,        142,       50.5,       50.5,          0   ,          0
          1,    9,         99,        109,       50.5,       50.5,          0   ,          0
------------------------------------------------------------------------------
Component[1] Total Spheres = 9