Component 1 maximum area=0.46 [on 300x300]
Component type: Circle
---------------------------------------------------------------------------------------
--------------|------- Center-----|----- dimensions---------|----------------------
component| id|    X       |     Y      |  Width/a     | height/b |   hoop   |   Slope   
---------------------------------------------------------------------------------------
          1,    1,         31,        239,       50.5,       50.5,          0   ,          0
          1,    2,         58,        260,       50.5,       50.5,          0   ,          0
          1,    3,        226,          3,       50.5,       50.5,          0   ,          0
          1,    4,        250,         87,       50.5,       50.5,          0   ,          0
          1,    5,         12,        124,       50.5,       50.5,          0   ,          0
          1,    6,        204,        272,       50.5,       50.5,          0   ,          0
          1,    7,         27,        153,       50.5,       50.5,          0   ,          0
          1,    8,        210,         73,       50.5,       50.5,          0   ,          0
          1,    9,        261,        189,       50.5,       50.5,          0   ,          0
------------------------------------------------------------------------------
Component[1] Total Spheres = 9