Component 1 maximum area=0.46 [on 300x300]
Component type: Circle
---------------------------------------------------------------------------------------
--------------|------- Center-----|----- dimensions---------|----------------------
component| id|    X       |     Y      |  Width/a     | height/b |   hoop   |   Slope   
---------------------------------------------------------------------------------------
          1,    1,        149,         73,       50.5,       50.5,          0   ,          0
          1,    2,        146,         80,       50.5,       50.5,          0   ,          0
          1,    3,         22,         18,       50.5,       50.5,          0   ,          0
          1,    4,        219,        171,       50.5,       50.5,          0   ,          0
          1,    5,        147,        274,       50.5,       50.5,          0   ,          0
          1,    6,         37,         44,       50.5,       50.5,          0   ,          0
          1,    7,        111,        216,       50.5,       50.5,          0   ,          0
          1,    8,         94,         37,       50.5,       50.5,          0   ,          0
          1,    9,        292,        225,       50.5,       50.5,          0   ,          0
------------------------------------------------------------------------------
Component[1] Total Spheres = 9