Component 1 maximum area=0.46 [on 300x300]
Component type: Circle
---------------------------------------------------------------------------------------
--------------|------- Center-----|----- dimensions---------|----------------------
component| id|    X       |     Y      |  Width/a     | height/b |   hoop   |   Slope   
---------------------------------------------------------------------------------------
          1,    1,         91,        204,       50.5,       50.5,          0   ,          0
          1,    2,        163,        109,       50.5,       50.5,          0   ,          0
          1,    3,         10,        287,       50.5,       50.5,          0   ,          0
          1,    4,        190,         57,       50.5,       50.5,          0   ,          0
          1,    5,        115,        126,       50.5,       50.5,          0   ,          0
          1,    6,         67,        125,       50.5,       50.5,          0   ,          0
          1,    7,         89,        234,       50.5,       50.5,          0   ,          0
          1,    8,        100,         77,       50.5,       50.5,          0   ,          0
          1,    9,        139,         75,       50.5,       50.5,          0   ,          0
          1,   10,        140,        285,       50.5,       50.5,          0   ,          0
------------------------------------------------------------------------------
Component[1] Total Spheres = 10