Component 1 maximum area=0.41 [on 300x300]
Component type: Circle
---------------------------------------------------------------------------------------
--------------|------- Center-----|----- dimensions---------|----------------------
component| id|    X       |     Y      |  Width/a     | height/b |   hoop   |   Slope   
---------------------------------------------------------------------------------------
          1,    1,        290,         61,       50.5,       50.5,          0   ,          0
          1,    2,        287,        107,       50.5,       50.5,          0   ,          0
          1,    3,        182,         88,       50.5,       50.5,          0   ,          0
          1,    4,         22,        237,       50.5,       50.5,          0   ,          0
          1,    5,        130,         84,       50.5,       50.5,          0   ,          0
          1,    6,        288,         22,       50.5,       50.5,          0   ,          0
          1,    7,        272,        278,       50.5,       50.5,          0   ,          0
          1,    8,        299,        249,       50.5,       50.5,          0   ,          0
          1,    9,        200,         30,       50.5,       50.5,          0   ,          0
------------------------------------------------------------------------------
Component[1] Total Spheres = 9