Component 1 maximum area=0.41 [on 300x300]
Component type: Circle
---------------------------------------------------------------------------------------
--------------|------- Center-----|----- dimensions---------|----------------------
component| id|    X       |     Y      |  Width/a     | height/b |   hoop   |   Slope   
---------------------------------------------------------------------------------------
          1,    1,         95,        183,       50.5,       50.5,          0   ,          0
          1,    2,        203,        142,       50.5,       50.5,          0   ,          0
          1,    3,        229,        164,       50.5,       50.5,          0   ,          0
          1,    4,        226,         87,       50.5,       50.5,          0   ,          0
          1,    5,          0,         33,       50.5,       50.5,          0   ,          0
          1,    6,        228,         72,       50.5,       50.5,          0   ,          0
          1,    7,         67,          4,       50.5,       50.5,          0   ,          0
          1,    8,        123,        158,       50.5,       50.5,          0   ,          0
          1,    9,        289,         44,       50.5,       50.5,          0   ,          0
------------------------------------------------------------------------------
Component[1] Total Spheres = 9