Component 1 maximum area=0.41 [on 300x300]
Component type: Circle
---------------------------------------------------------------------------------------
--------------|------- Center-----|----- dimensions---------|----------------------
component| id|    X       |     Y      |  Width/a     | height/b |   hoop   |   Slope   
---------------------------------------------------------------------------------------
          1,    1,        181,        268,       50.5,       50.5,          0   ,          0
          1,    2,        236,        198,       50.5,       50.5,          0   ,          0
          1,    3,        102,        284,       50.5,       50.5,          0   ,          0
          1,    4,        225,        180,       50.5,       50.5,          0   ,          0
          1,    5,        116,        123,       50.5,       50.5,          0   ,          0
          1,    6,        159,        283,       50.5,       50.5,          0   ,          0
          1,    7,        290,          7,       50.5,       50.5,          0   ,          0
          1,    8,        226,        167,       50.5,       50.5,          0   ,          0
          1,    9,        200,        210,       50.5,       50.5,          0   ,          0
          1,   10,        202,        195,       50.5,       50.5,          0   ,          0
          1,   11,        112,        207,       50.5,       50.5,          0   ,          0
------------------------------------------------------------------------------
Component[1] Total Spheres = 11