Component 1 maximum area=0.41 [on 300x300]
Component type: Circle
---------------------------------------------------------------------------------------
--------------|------- Center-----|----- dimensions---------|----------------------
component| id|    X       |     Y      |  Width/a     | height/b |   hoop   |   Slope   
---------------------------------------------------------------------------------------
          1,    1,        240,         20,       50.5,       50.5,          0   ,          0
          1,    2,        198,         19,       50.5,       50.5,          0   ,          0
          1,    3,         88,        207,       50.5,       50.5,          0   ,          0
          1,    4,        125,        195,       50.5,       50.5,          0   ,          0
          1,    5,        139,        151,       50.5,       50.5,          0   ,          0
          1,    6,         83,        281,       50.5,       50.5,          0   ,          0
          1,    7,        262,         54,       50.5,       50.5,          0   ,          0
          1,    8,        137,        215,       50.5,       50.5,          0   ,          0
          1,    9,         98,        135,       50.5,       50.5,          0   ,          0
------------------------------------------------------------------------------
Component[1] Total Spheres = 9