Component 1 maximum area=0.41 [on 300x300]
Component type: Circle
---------------------------------------------------------------------------------------
--------------|------- Center-----|----- dimensions---------|----------------------
component| id|    X       |     Y      |  Width/a     | height/b |   hoop   |   Slope   
---------------------------------------------------------------------------------------
          1,    1,         42,         63,       50.5,       50.5,          0   ,          0
          1,    2,        130,        217,       50.5,       50.5,          0   ,          0
          1,    3,          7,        149,       50.5,       50.5,          0   ,          0
          1,    4,         55,         64,       50.5,       50.5,          0   ,          0
          1,    5,        159,        195,       50.5,       50.5,          0   ,          0
          1,    6,        237,        121,       50.5,       50.5,          0   ,          0
          1,    7,         43,         70,       50.5,       50.5,          0   ,          0
          1,    8,        208,        151,       50.5,       50.5,          0   ,          0
          1,    9,        134,        227,       50.5,       50.5,          0   ,          0
          1,   10,        250,        190,       50.5,       50.5,          0   ,          0
------------------------------------------------------------------------------
Component[1] Total Spheres = 10