Component 1 maximum area=0.41 [on 300x300]
Component type: Circle
---------------------------------------------------------------------------------------
--------------|------- Center-----|----- dimensions---------|----------------------
component| id|    X       |     Y      |  Width/a     | height/b |   hoop   |   Slope   
---------------------------------------------------------------------------------------
          1,    1,         12,        170,       50.5,       50.5,          0   ,          0
          1,    2,        201,        292,       50.5,       50.5,          0   ,          0
          1,    3,         67,        159,       50.5,       50.5,          0   ,          0
          1,    4,        230,        210,       50.5,       50.5,          0   ,          0
          1,    5,          6,         70,       50.5,       50.5,          0   ,          0
          1,    6,        215,        249,       50.5,       50.5,          0   ,          0
          1,    7,        187,         15,       50.5,       50.5,          0   ,          0
          1,    8,         26,        118,       50.5,       50.5,          0   ,          0
          1,    9,         57,         71,       50.5,       50.5,          0   ,          0
------------------------------------------------------------------------------
Component[1] Total Spheres = 9