Component 1 maximum area=0.41 [on 300x300]
Component type: Circle
---------------------------------------------------------------------------------------
--------------|------- Center-----|----- dimensions---------|----------------------
component| id|    X       |     Y      |  Width/a     | height/b |   hoop   |   Slope   
---------------------------------------------------------------------------------------
          1,    1,          9,        282,       50.5,       50.5,          0   ,          0
          1,    2,         17,        288,       50.5,       50.5,          0   ,          0
          1,    3,        183,        290,       50.5,       50.5,          0   ,          0
          1,    4,        208,        174,       50.5,       50.5,          0   ,          0
          1,    5,          2,        237,       50.5,       50.5,          0   ,          0
          1,    6,        143,        275,       50.5,       50.5,          0   ,          0
          1,    7,        114,         55,       50.5,       50.5,          0   ,          0
          1,    8,        195,        189,       50.5,       50.5,          0   ,          0
          1,    9,         14,        193,       50.5,       50.5,          0   ,          0
          1,   10,        175,        256,       50.5,       50.5,          0   ,          0
          1,   11,        283,        174,       50.5,       50.5,          0   ,          0
------------------------------------------------------------------------------
Component[1] Total Spheres = 11