Component 1 maximum area=0.41 [on 300x300]
Component type: Circle
---------------------------------------------------------------------------------------
--------------|------- Center-----|----- dimensions---------|----------------------
component| id|    X       |     Y      |  Width/a     | height/b |   hoop   |   Slope   
---------------------------------------------------------------------------------------
          1,    1,        282,        257,       50.5,       50.5,          0   ,          0
          1,    2,        209,        235,       50.5,       50.5,          0   ,          0
          1,    3,        274,        101,       50.5,       50.5,          0   ,          0
          1,    4,        222,        192,       50.5,       50.5,          0   ,          0
          1,    5,         96,        230,       50.5,       50.5,          0   ,          0
          1,    6,         29,        283,       50.5,       50.5,          0   ,          0
          1,    7,        277,         92,       50.5,       50.5,          0   ,          0
          1,    8,         42,        264,       50.5,       50.5,          0   ,          0
          1,    9,         52,        192,       50.5,       50.5,          0   ,          0
------------------------------------------------------------------------------
Component[1] Total Spheres = 9