Component 1 maximum area=0.41 [on 300x300]
Component type: Circle
---------------------------------------------------------------------------------------
--------------|------- Center-----|----- dimensions---------|----------------------
component| id|    X       |     Y      |  Width/a     | height/b |   hoop   |   Slope   
---------------------------------------------------------------------------------------
          1,    1,         37,        183,       50.5,       50.5,          0   ,          0
          1,    2,         94,         25,       50.5,       50.5,          0   ,          0
          1,    3,         58,        232,       50.5,       50.5,          0   ,          0
          1,    4,         28,        164,       50.5,       50.5,          0   ,          0
          1,    5,        264,        263,       50.5,       50.5,          0   ,          0
          1,    6,         33,          3,       50.5,       50.5,          0   ,          0
          1,    7,         24,          6,       50.5,       50.5,          0   ,          0
          1,    8,        128,        270,       50.5,       50.5,          0   ,          0
          1,    9,        281,        181,       50.5,       50.5,          0   ,          0
------------------------------------------------------------------------------
Component[1] Total Spheres = 9