Component 2 maximum area=0.330401 [on 1000x1000]
Component type: Sloped rectangle
---------------------------------------------------------------------------------------
--------------|------- Center-----|----- dimensions---------|----------------------
component| id|    X       |     Y      |  Width/a     | height/b |   hoop   |   Slope   
---------------------------------------------------------------------------------------
          2,    1,         33,        588,       10.1,        101,       5.05   ,  -0.570049
          2,    2,        550,        357,       10.1,        101,       5.05   ,   0.883604
          2,    3,        303,         95,       10.1,        101,       5.05   ,   -0.78923
          2,    4,        224,        916,       10.1,        101,       5.05   ,   0.826223
          2,    5,        727,        419,       10.1,        101,       5.05   ,    1.55061
          2,    6,        200,        316,       10.1,        101,       5.05   , -0.0562148
          2,    7,        262,        737,       10.1,        101,       5.05   ,  -0.982031
          2,    8,        120,        561,       10.1,        101,       5.05   ,    1.24752
          2,    9,        956,        415,       10.1,        101,       5.05   ,   -1.45012
          2,   10,        828,        108,       10.1,        101,       5.05   ,  0.0305185
          2,   11,        529,        904,       10.1,        101,       5.05   ,  -0.947327
          2,   12,        698,        474,       10.1,        101,       5.05   ,   0.478522
          2,   13,        258,        154,       10.1,        101,       5.05   ,   -1.52689
          2,   14,        643,         36,       10.1,        101,       5.05   ,  -0.302644
          2,   15,        647,        872,       10.1,        101,       5.05   ,   0.935225
          2,   16,        753,        408,       10.1,        101,       5.05   ,  -0.722493
          2,   17,        139,        903,       10.1,        101,       5.05   ,    0.98046
          2,   18,        892,         70,       10.1,        101,       5.05   ,    1.06276
          2,   19,         21,         52,       10.1,        101,       5.05   ,  -0.669204
          2,   20,        749,        806,       10.1,        101,       5.05   ,   0.529612
          2,   21,        149,        114,       10.1,        101,       5.05   ,   -1.00606
          2,   22,        444,        972,       10.1,        101,       5.05   ,   -1.09788
          2,   23,        149,        590,       10.1,        101,       5.05   ,   -1.21267
          2,   24,        187,        103,       10.1,        101,       5.05   ,   0.871157
          2,   25,        878,        548,       10.1,        101,       5.05   ,    0.29142
          2,   26,        481,          3,       10.1,        101,       5.05   ,   0.572596
          2,   27,        468,        619,       10.1,        101,       5.05   ,   0.280452
          2,   28,        908,        603,       10.1,        101,       5.05   ,    1.54837
          2,   29,        664,        304,       10.1,        101,       5.05   ,   0.570931
          2,   30,        911,        898,       10.1,        101,       5.05   ,   0.957969
          2,   31,        235,        202,       10.1,        101,       5.05   ,   0.275431
          2,   32,        216,        862,       10.1,        101,       5.05   ,    1.56506
          2,   33,        926,        249,       10.1,        101,       5.05   ,   -1.08378
          2,   34,        974,        524,       10.1,        101,       5.05   ,  -0.980354
          2,   35,         85,        890,       10.1,        101,       5.05   ,  -0.730045
          2,   36,        268,        135,       10.1,        101,       5.05   ,    1.41956
          2,   37,        575,        448,       10.1,        101,       5.05   ,   -1.44878
          2,   38,        887,        632,       10.1,        101,       5.05   ,  -0.376171
          2,   39,        360,        779,       10.1,        101,       5.05   ,   0.436136
          2,   40,        592,        951,       10.1,        101,       5.05   ,   0.779893
          2,   41,        563,        265,       10.1,        101,       5.05   ,   0.464951
          2,   42,        638,        400,       10.1,        101,       5.05   ,   0.693495
          2,   43,        903,        291,       10.1,        101,       5.05   ,  -0.417315
          2,   44,        276,        566,       10.1,        101,       5.05   ,   -0.40792
          2,   45,        776,        575,       10.1,        101,       5.05   , 0.00202238
          2,   46,         49,        848,       10.1,        101,       5.05   ,    1.44435
          2,   47,         67,         93,       10.1,        101,       5.05   ,   -1.28938
          2,   48,        656,        625,       10.1,        101,       5.05   ,   0.394064
          2,   49,        890,        579,       10.1,        101,       5.05   ,     1.5016
          2,   50,        291,        883,       10.1,        101,       5.05   ,   0.478907
          2,   51,        301,        639,       10.1,        101,       5.05   ,  -0.101382
          2,   52,        665,        776,       10.1,        101,       5.05   ,   0.763292
          2,   53,        865,        526,       10.1,        101,       5.05   ,   -1.45132
          2,   54,        998,        923,       10.1,        101,       5.05   ,   -1.57034
          2,   55,        175,        742,       10.1,        101,       5.05   ,  -0.464268
          2,   56,         42,        498,       10.1,        101,       5.05   ,  -0.196014
          2,   57,        217,        738,       10.1,        101,       5.05   ,   -1.23692
          2,   58,        111,        507,       10.1,        101,       5.05   ,  -0.293672
          2,   59,        485,        954,       10.1,        101,       5.05   ,  0.0389266
          2,   60,        613,        160,       10.1,        101,       5.05   ,  -0.725925
          2,   61,        973,         54,       10.1,        101,       5.05   ,  -0.838166
          2,   62,        690,        842,       10.1,        101,       5.05   ,  -0.130196
          2,   63,        478,        603,       10.1,        101,       5.05   ,   -1.09318
          2,   64,        273,        140,       10.1,        101,       5.05   ,    1.01311
          2,   65,        367,        694,       10.1,        101,       5.05   ,    0.86362
          2,   66,        682,        853,       10.1,        101,       5.05   ,   0.951706
          2,   67,        117,        698,       10.1,        101,       5.05   ,    1.51204
          2,   68,        252,        980,       10.1,        101,       5.05   ,   0.537952
          2,   69,        936,        217,       10.1,        101,       5.05   ,   -1.50548
          2,   70,        260,        915,       10.1,        101,       5.05   ,  -0.768463
          2,   71,        587,        434,       10.1,        101,       5.05   ,  -0.817225
          2,   72,        248,        888,       10.1,        101,       5.05   ,   0.736382
          2,   73,        874,        984,       10.1,        101,       5.05   ,    1.39904
          2,   74,         84,        854,       10.1,        101,       5.05   ,  0.0386133
          2,   75,        756,        937,       10.1,        101,       5.05   ,  -0.967718
          2,   76,        392,        349,       10.1,        101,       5.05   ,   0.959934
          2,   77,        174,        775,       10.1,        101,       5.05   , 0.00176192
          2,   78,         45,        111,       10.1,        101,       5.05   ,    1.35719
          2,   79,        718,        335,       10.1,        101,       5.05   ,  0.0393864
          2,   80,        507,        207,       10.1,        101,       5.05   ,   -1.00509
          2,   81,         41,        719,       10.1,        101,       5.05   ,   -0.36038
          2,   82,        338,        509,       10.1,        101,       5.05   ,   0.805485
          2,   83,        437,        566,       10.1,        101,       5.05   ,   0.870431
          2,   84,        286,        220,       10.1,        101,       5.05   ,   0.511377
          2,   85,        654,        333,       10.1,        101,       5.05   ,   0.819871
          2,   86,        347,        641,       10.1,        101,       5.05   ,   0.387705
          2,   87,        254,        515,       10.1,        101,       5.05   ,    -1.5144
          2,   88,         15,        411,       10.1,        101,       5.05   ,   0.994291
          2,   89,        324,        550,       10.1,        101,       5.05   ,   0.131717
          2,   90,        775,        612,       10.1,        101,       5.05   , -0.0491451
          2,   91,        915,        942,       10.1,        101,       5.05   ,    1.04719
          2,   92,        786,         96,       10.1,        101,       5.05   ,    1.43692
          2,   93,        575,        923,       10.1,        101,       5.05   ,  -0.813237
          2,   94,        436,          7,       10.1,        101,       5.05   ,  -0.193867
          2,   95,        387,        806,       10.1,        101,       5.05   ,   0.619598
          2,   96,        998,        210,       10.1,        101,       5.05   ,    0.65092
          2,   97,        287,        114,       10.1,        101,       5.05   ,   0.909493
          2,   98,         78,        106,       10.1,        101,       5.05   ,    1.00579
          2,   99,         94,        814,       10.1,        101,       5.05   ,    1.12672
          2,  100,        658,        875,       10.1,        101,       5.05   ,  -0.815603
          2,  101,        532,        209,       10.1,        101,       5.05   ,   0.911926
          2,  102,        655,        968,       10.1,        101,       5.05   ,   -1.13211
          2,  103,        863,        727,       10.1,        101,       5.05   ,   0.577912
          2,  104,         28,        231,       10.1,        101,       5.05   ,   0.713351
          2,  105,        415,        415,       10.1,        101,       5.05   ,  -0.385482
          2,  106,        208,        153,       10.1,        101,       5.05   ,  -0.938775
          2,  107,        768,        598,       10.1,        101,       5.05   ,-0.00486211
          2,  108,        844,        184,       10.1,        101,       5.05   ,    -1.5538
          2,  109,        128,        648,       10.1,        101,       5.05   ,  -0.940788
          2,  110,        778,         37,       10.1,        101,       5.05   ,   -1.20344
          2,  111,        386,        708,       10.1,        101,       5.05   ,   -1.44041
          2,  112,        661,        201,       10.1,        101,       5.05   ,   0.753184
          2,  113,        700,        899,       10.1,        101,       5.05   ,   0.914757
          2,  114,        202,        366,       10.1,        101,       5.05   ,    -1.2309
          2,  115,        841,         75,       10.1,        101,       5.05   ,    0.85462
          2,  116,        465,        879,       10.1,        101,       5.05   ,  -0.871358
          2,  117,         68,        701,       10.1,        101,       5.05   ,  -0.855764
          2,  118,         59,        663,       10.1,        101,       5.05   ,    1.12518
          2,  119,        227,        874,       10.1,        101,       5.05   ,    0.20037
          2,  120,        643,        214,       10.1,        101,       5.05   ,  -0.510436
          2,  121,        843,        322,       10.1,        101,       5.05   ,  -0.157812
          2,  122,         79,        745,       10.1,        101,       5.05   ,    1.35879
          2,  123,         44,        762,       10.1,        101,       5.05   ,   -1.03323
          2,  124,        740,        767,       10.1,        101,       5.05   ,   -1.04189
          2,  125,        522,        722,       10.1,        101,       5.05   ,   0.593719
          2,  126,        259,        266,       10.1,        101,       5.05   ,    1.05318
          2,  127,         27,        472,       10.1,        101,       5.05   ,    -1.3013
          2,  128,        936,        199,       10.1,        101,       5.05   ,   0.515913
          2,  129,        602,        468,       10.1,        101,       5.05   ,    1.38887
          2,  130,        145,        225,       10.1,        101,       5.05   ,   0.390269
          2,  131,        675,        871,       10.1,        101,       5.05   ,     1.0356
          2,  132,        945,        892,       10.1,        101,       5.05   ,   0.404457
          2,  133,        712,        119,       10.1,        101,       5.05   ,  -0.808624
          2,  134,        559,        212,       10.1,        101,       5.05   ,   0.370835
          2,  135,        161,        587,       10.1,        101,       5.05   ,    0.22176
          2,  136,        416,        521,       10.1,        101,       5.05   ,  -0.140386
          2,  137,        664,        405,       10.1,        101,       5.05   ,   -1.53749
          2,  138,        699,         26,       10.1,        101,       5.05   ,   0.475722
          2,  139,         54,        920,       10.1,        101,       5.05   ,    1.01079
          2,  140,        523,        727,       10.1,        101,       5.05   ,   -0.66045
          2,  141,        546,        206,       10.1,        101,       5.05   ,   0.668053
          2,  142,        498,        421,       10.1,        101,       5.05   ,   0.944366
          2,  143,        366,        887,       10.1,        101,       5.05   ,  -0.880088
          2,  144,        597,        884,       10.1,        101,       5.05   ,   -1.13582
          2,  145,        252,        205,       10.1,        101,       5.05   ,    1.07727
          2,  146,        781,        752,       10.1,        101,       5.05   ,   0.638774
          2,  147,        460,         43,       10.1,        101,       5.05   ,   -1.16553
          2,  148,        443,        482,       10.1,        101,       5.05   ,   -1.03072
          2,  149,        832,        133,       10.1,        101,       5.05   ,   -1.00092
          2,  150,        767,        923,       10.1,        101,       5.05   ,  -0.205252
          2,  151,        516,        754,       10.1,        101,       5.05   ,   -1.46018
          2,  152,        457,        747,       10.1,        101,       5.05   ,   -1.03974
          2,  153,        771,        840,       10.1,        101,       5.05   ,    1.11698
          2,  154,        635,         57,       10.1,        101,       5.05   ,    0.71436
          2,  155,        348,        264,       10.1,        101,       5.05   ,   0.802741
          2,  156,        214,        381,       10.1,        101,       5.05   ,   -1.45642
          2,  157,         97,        139,       10.1,        101,       5.05   ,   0.687182
          2,  158,        896,        795,       10.1,        101,       5.05   ,   0.181426
          2,  159,        271,        883,       10.1,        101,       5.05   ,    1.10864
          2,  160,        909,        335,       10.1,        101,       5.05   ,   -1.47445
          2,  161,        594,        823,       10.1,        101,       5.05   ,  -0.289373
          2,  162,        845,        326,       10.1,        101,       5.05   ,   0.661679
          2,  163,        509,        287,       10.1,        101,       5.05   ,    0.64326
          2,  164,        458,        532,       10.1,        101,       5.05   ,  0.0167329
          2,  165,        829,        960,       10.1,        101,       5.05   ,   0.758326
          2,  166,        445,        895,       10.1,        101,       5.05   ,   0.945195
          2,  167,        558,        161,       10.1,        101,       5.05   ,    1.13025
          2,  168,        296,        676,       10.1,        101,       5.05   ,    1.56908
          2,  169,        520,        131,       10.1,        101,       5.05   ,   -1.01201
          2,  170,         83,        264,       10.1,        101,       5.05   ,  -0.753999
          2,  171,        725,        648,       10.1,        101,       5.05   ,  -0.816827
          2,  172,        396,        335,       10.1,        101,       5.05   ,  -0.833778
          2,  173,        396,        633,       10.1,        101,       5.05   ,  -0.382916
          2,  174,         70,        366,       10.1,        101,       5.05   ,  -0.023576
          2,  175,        570,        477,       10.1,        101,       5.05   ,   0.251632
          2,  176,        537,        910,       10.1,        101,       5.05   ,  -0.851709
          2,  177,        655,        174,       10.1,        101,       5.05   ,   0.188192
          2,  178,        847,        430,       10.1,        101,       5.05   ,  -0.354367
          2,  179,        872,        633,       10.1,        101,       5.05   ,  -0.147056
          2,  180,        675,        284,       10.1,        101,       5.05   ,   0.226611
          2,  181,        960,        987,       10.1,        101,       5.05   ,    -1.0607
          2,  182,        782,        257,       10.1,        101,       5.05   ,  -0.961259
          2,  183,        653,         66,       10.1,        101,       5.05   ,   -1.11114
          2,  184,        456,         29,       10.1,        101,       5.05   ,   -1.15822
          2,  185,        926,        598,       10.1,        101,       5.05   ,   0.787348
          2,  186,        145,        663,       10.1,        101,       5.05   ,   0.585169
          2,  187,        742,        286,       10.1,        101,       5.05   ,   0.308798
          2,  188,        359,        651,       10.1,        101,       5.05   ,   0.300739
          2,  189,        525,        814,       10.1,        101,       5.05   ,  -0.403622
          2,  190,        804,        728,       10.1,        101,       5.05   ,    1.09893
          2,  191,        404,          7,       10.1,        101,       5.05   ,  -0.420248
          2,  192,        913,        683,       10.1,        101,       5.05   ,  -0.450164
          2,  193,        872,        354,       10.1,        101,       5.05   ,   0.995682
          2,  194,        435,        275,       10.1,        101,       5.05   ,  -0.523395
          2,  195,        612,        995,       10.1,        101,       5.05   ,    -1.2801
          2,  196,         15,        728,       10.1,        101,       5.05   ,   0.413456
          2,  197,        460,        830,       10.1,        101,       5.05   ,   0.151942
          2,  198,        733,        728,       10.1,        101,       5.05   ,    -1.3742
          2,  199,        933,        805,       10.1,        101,       5.05   ,     1.0013
          2,  200,        669,        986,       10.1,        101,       5.05   ,  -0.622639
          2,  201,        297,        368,       10.1,        101,       5.05   ,   0.804472
          2,  202,        860,        603,       10.1,        101,       5.05   ,    1.00061
          2,  203,        645,         99,       10.1,        101,       5.05   ,   -1.29057
          2,  204,        121,          1,       10.1,        101,       5.05   ,   -1.42396
          2,  205,        866,        391,       10.1,        101,       5.05   ,    0.27407
          2,  206,        438,        682,       10.1,        101,       5.05   ,   0.535569
          2,  207,        677,        785,       10.1,        101,       5.05   ,   -1.32623
          2,  208,        473,        358,       10.1,        101,       5.05   ,   -1.07753
          2,  209,        985,        324,       10.1,        101,       5.05   ,   -1.18375
          2,  210,        787,        934,       10.1,        101,       5.05   ,   -1.36564
          2,  211,         83,        150,       10.1,        101,       5.05   ,  -0.488628
          2,  212,        964,        457,       10.1,        101,       5.05   ,   0.326366
          2,  213,        759,          8,       10.1,        101,       5.05   ,    1.54033
          2,  214,         33,        613,       10.1,        101,       5.05   ,  -0.338184
          2,  215,        176,        549,       10.1,        101,       5.05   ,  -0.323911
          2,  216,        776,        470,       10.1,        101,       5.05   ,  -0.204286
          2,  217,        192,        314,       10.1,        101,       5.05   ,    1.20192
          2,  218,        293,        143,       10.1,        101,       5.05   ,    1.48155
          2,  219,        647,        773,       10.1,        101,       5.05   ,   -1.35513
          2,  220,         74,        826,       10.1,        101,       5.05   ,   0.611406
          2,  221,        461,        968,       10.1,        101,       5.05   ,    1.40196
          2,  222,         21,        904,       10.1,        101,       5.05   ,  -0.243266
          2,  223,        393,        694,       10.1,        101,       5.05   ,   0.338952
          2,  224,        958,        274,       10.1,        101,       5.05   ,    0.74265
          2,  225,        431,        869,       10.1,        101,       5.05   ,   0.389902
          2,  226,        335,        280,       10.1,        101,       5.05   ,  -0.179658
          2,  227,        708,        620,       10.1,        101,       5.05   ,  -0.828977
          2,  228,        780,        920,       10.1,        101,       5.05   ,  -0.319534
          2,  229,        588,        894,       10.1,        101,       5.05   ,  -0.208904
          2,  230,        596,        497,       10.1,        101,       5.05   ,   -1.49312
          2,  231,        457,        300,       10.1,        101,       5.05   ,   0.499933
          2,  232,        755,        275,       10.1,        101,       5.05   ,   -0.83478
          2,  233,        656,        326,       10.1,        101,       5.05   , -0.0213526
          2,  234,         82,        343,       10.1,        101,       5.05   ,  -0.625249
          2,  235,        963,         73,       10.1,        101,       5.05   ,   0.369325
          2,  236,        271,        169,       10.1,        101,       5.05   ,  -0.395823
          2,  237,          1,        944,       10.1,        101,       5.05   ,    1.01067
          2,  238,        340,        997,       10.1,        101,       5.05   ,   0.453284
          2,  239,         68,        460,       10.1,        101,       5.05   ,    1.53746
          2,  240,        343,        479,       10.1,        101,       5.05   ,   -1.19844
          2,  241,        965,        992,       10.1,        101,       5.05   ,   0.834874
          2,  242,        671,        630,       10.1,        101,       5.05   ,    1.12765
          2,  243,         71,         58,       10.1,        101,       5.05   ,   0.979955
          2,  244,        386,        211,       10.1,        101,       5.05   ,   -0.47189
          2,  245,        714,        470,       10.1,        101,       5.05   ,   0.395577
          2,  246,        743,         76,       10.1,        101,       5.05   ,   0.447442
          2,  247,        339,        842,       10.1,        101,       5.05   ,  -0.370973
          2,  248,        970,        330,       10.1,        101,       5.05   ,  -0.797057
          2,  249,        248,        244,       10.1,        101,       5.05   ,   0.391855
          2,  250,        457,        863,       10.1,        101,       5.05   ,   0.951383
          2,  251,        438,        856,       10.1,        101,       5.05   ,  0.0250895
          2,  252,        376,        638,       10.1,        101,       5.05   ,    -1.1631
          2,  253,        670,         91,       10.1,        101,       5.05   ,   -1.19399
          2,  254,        702,        776,       10.1,        101,       5.05   ,    1.11402
          2,  255,        720,        308,       10.1,        101,       5.05   ,   -1.02393
          2,  256,        547,        188,       10.1,        101,       5.05   ,  -0.189355
          2,  257,        890,        498,       10.1,        101,       5.05   ,  -0.276932
          2,  258,        747,         83,       10.1,        101,       5.05   ,    1.47663
          2,  259,        656,        359,       10.1,        101,       5.05   ,   -1.09335
          2,  260,        440,        232,       10.1,        101,       5.05   ,   0.898884
          2,  261,        708,         58,       10.1,        101,       5.05   ,  -0.596039
          2,  262,        777,        772,       10.1,        101,       5.05   ,   0.686461
          2,  263,        733,        511,       10.1,        101,       5.05   ,   0.830264
          2,  264,        705,        329,       10.1,        101,       5.05   ,   0.602906
          2,  265,        322,        183,       10.1,        101,       5.05   ,  0.0642234
          2,  266,        814,        773,       10.1,        101,       5.05   ,   0.108865
          2,  267,        928,        558,       10.1,        101,       5.05   ,  -0.987076
          2,  268,        241,        990,       10.1,        101,       5.05   ,  -0.679328
          2,  269,        674,        179,       10.1,        101,       5.05   ,  -0.845028
          2,  270,        269,        960,       10.1,        101,       5.05   ,  -0.520747
          2,  271,        871,        560,       10.1,        101,       5.05   ,   0.425163
          2,  272,         99,        397,       10.1,        101,       5.05   ,   0.654517
          2,  273,        547,        666,       10.1,        101,       5.05   ,    1.35027
          2,  274,        229,        734,       10.1,        101,       5.05   ,    1.06159
          2,  275,        330,        843,       10.1,        101,       5.05   ,    -1.1458
          2,  276,        272,        373,       10.1,        101,       5.05   ,  -0.913898
          2,  277,        166,        625,       10.1,        101,       5.05   , -0.0210756
          2,  278,        993,        900,       10.1,        101,       5.05   ,     1.2137
          2,  279,        428,        294,       10.1,        101,       5.05   ,     1.0986
          2,  280,        338,        670,       10.1,        101,       5.05   ,   0.772825
          2,  281,        669,        630,       10.1,        101,       5.05   ,    1.12557
          2,  282,        872,        936,       10.1,        101,       5.05   ,   -1.06839
          2,  283,        920,        370,       10.1,        101,       5.05   ,  -0.443655
          2,  284,        514,        519,       10.1,        101,       5.05   ,  -0.606359
          2,  285,        367,        642,       10.1,        101,       5.05   ,  -0.262946
          2,  286,        858,        126,       10.1,        101,       5.05   ,    0.71915
          2,  287,        878,        658,       10.1,        101,       5.05   ,    1.29296
          2,  288,        676,        267,       10.1,        101,       5.05   ,   -1.18071
          2,  289,        661,        369,       10.1,        101,       5.05   ,   -1.26196
          2,  290,        289,        704,       10.1,        101,       5.05   ,  -0.219568
          2,  291,        910,        966,       10.1,        101,       5.05   ,    1.40185
          2,  292,        469,         11,       10.1,        101,       5.05   ,    0.92272
          2,  293,        198,        942,       10.1,        101,       5.05   ,  -0.289358
          2,  294,        775,        696,       10.1,        101,       5.05   ,   0.557635
          2,  295,        508,        808,       10.1,        101,       5.05   ,    0.80844
          2,  296,        899,        442,       10.1,        101,       5.05   ,   -1.46646
          2,  297,        379,        164,       10.1,        101,       5.05   ,  -0.183613
          2,  298,        960,        784,       10.1,        101,       5.05   ,   0.605571
          2,  299,        835,         47,       10.1,        101,       5.05   ,   0.589002
          2,  300,         82,        384,       10.1,        101,       5.05   ,   -1.50322
          2,  301,         21,        161,       10.1,        101,       5.05   ,  -0.218798
          2,  302,        326,        245,       10.1,        101,       5.05   ,   0.211922
          2,  303,         31,        343,       10.1,        101,       5.05   ,   0.840527
          2,  304,        254,        165,       10.1,        101,       5.05   ,   0.633769
          2,  305,        569,         68,       10.1,        101,       5.05   ,  -0.670239
          2,  306,        707,        332,       10.1,        101,       5.05   ,  -0.923534
          2,  307,        827,        709,       10.1,        101,       5.05   ,   0.514382
          2,  308,        572,         16,       10.1,        101,       5.05   ,  -0.716306
          2,  309,         47,        236,       10.1,        101,       5.05   ,    1.45486
          2,  310,        173,        892,       10.1,        101,       5.05   ,    -1.0449
          2,  311,        957,        191,       10.1,        101,       5.05   ,    -1.1848
          2,  312,        450,        412,       10.1,        101,       5.05   ,   0.390898
          2,  313,        214,         97,       10.1,        101,       5.05   ,   0.803282
          2,  314,        914,         11,       10.1,        101,       5.05   ,   0.758854
          2,  315,        680,        382,       10.1,        101,       5.05   ,   -1.13487
          2,  316,        630,        223,       10.1,        101,       5.05   ,   0.494194
          2,  317,        447,        966,       10.1,        101,       5.05   ,   0.980949
          2,  318,        146,        793,       10.1,        101,       5.05   ,   0.112132
          2,  319,        532,        179,       10.1,        101,       5.05   ,    1.09925
          2,  320,        196,        339,       10.1,        101,       5.05   ,    1.23105
          2,  321,        648,        776,       10.1,        101,       5.05   ,   -1.36702
          2,  322,        421,        424,       10.1,        101,       5.05   ,    1.28065
          2,  323,         56,          5,       10.1,        101,       5.05   ,   0.580356
          2,  324,        272,        811,       10.1,        101,       5.05   ,   0.676188
          2,  325,        852,        815,       10.1,        101,       5.05   ,   0.844669
          2,  326,        501,        244,       10.1,        101,       5.05   ,  -0.240254
          2,  327,        936,        718,       10.1,        101,       5.05   ,  -0.808613
          2,  328,        880,        355,       10.1,        101,       5.05   ,   0.560595
          2,  329,        927,        210,       10.1,        101,       5.05   ,    1.03944
          2,  330,        871,        553,       10.1,        101,       5.05   ,   0.501318
          2,  331,         68,        349,       10.1,        101,       5.05   ,   -1.42063
          2,  332,        517,        173,       10.1,        101,       5.05   ,  0.0327405
          2,  333,        688,        201,       10.1,        101,       5.05   ,   -1.02078
          2,  334,        540,        296,       10.1,        101,       5.05   ,   -1.35291
          2,  335,        190,        822,       10.1,        101,       5.05   ,  -0.317502
          2,  336,        775,         41,       10.1,        101,       5.05   ,  -0.383984
          2,  337,        688,        199,       10.1,        101,       5.05   ,   0.894182
          2,  338,        705,        113,       10.1,        101,       5.05   ,   0.060507
          2,  339,         59,        571,       10.1,        101,       5.05   ,    1.08397
          2,  340,        767,        475,       10.1,        101,       5.05   ,  -0.593775
          2,  341,        489,        950,       10.1,        101,       5.05   ,   0.780323
          2,  342,        125,         54,       10.1,        101,       5.05   ,   0.279026
          2,  343,         78,        614,       10.1,        101,       5.05   ,   -1.26227
          2,  344,        549,         13,       10.1,        101,       5.05   ,   -1.23854
          2,  345,         72,        907,       10.1,        101,       5.05   ,   -1.45598
          2,  346,        528,        948,       10.1,        101,       5.05   ,   0.453491
          2,  347,        857,        199,       10.1,        101,       5.05   ,   -1.07011
          2,  348,        166,        680,       10.1,        101,       5.05   ,   -1.00994
          2,  349,        162,        827,       10.1,        101,       5.05   ,   0.804371
          2,  350,        534,        225,       10.1,        101,       5.05   ,   0.655803
          2,  351,        858,        746,       10.1,        101,       5.05   ,   0.856092
          2,  352,        686,        910,       10.1,        101,       5.05   ,   0.106748
          2,  353,        606,        513,       10.1,        101,       5.05   ,    1.34413
          2,  354,        791,        617,       10.1,        101,       5.05   ,  -0.695578
          2,  355,        555,        472,       10.1,        101,       5.05   ,   0.155828
          2,  356,        196,        598,       10.1,        101,       5.05   ,   -1.00983
          2,  357,        912,        790,       10.1,        101,       5.05   ,   -0.49831
          2,  358,        714,        390,       10.1,        101,       5.05   ,   -1.12603
          2,  359,        378,        112,       10.1,        101,       5.05   ,  -0.706043
          2,  360,        662,        944,       10.1,        101,       5.05   ,   -1.06703
          2,  361,        702,        165,       10.1,        101,       5.05   ,  -0.895151
          2,  362,        624,        542,       10.1,        101,       5.05   ,  -0.488789
          2,  363,        299,        357,       10.1,        101,       5.05   ,   0.710884
          2,  364,        512,        296,       10.1,        101,       5.05   ,   -1.39396
          2,  365,        784,        447,       10.1,        101,       5.05   ,  -0.370405
          2,  366,        524,        921,       10.1,        101,       5.05   ,    1.35081
          2,  367,         26,         30,       10.1,        101,       5.05   ,   0.402038
          2,  368,        997,        212,       10.1,        101,       5.05   ,    1.17294
          2,  369,        639,        757,       10.1,        101,       5.05   ,   -1.14422
          2,  370,        443,        746,       10.1,        101,       5.05   ,  -0.252116
          2,  371,        138,        346,       10.1,        101,       5.05   ,  -0.591006
          2,  372,        618,        315,       10.1,        101,       5.05   ,   -1.29487
          2,  373,        473,        436,       10.1,        101,       5.05   ,    1.42205
          2,  374,        894,        434,       10.1,        101,       5.05   ,  -0.180414
          2,  375,        116,        630,       10.1,        101,       5.05   ,   0.279565
          2,  376,        479,        992,       10.1,        101,       5.05   ,  -0.660545
          2,  377,        254,        119,       10.1,        101,       5.05   ,   0.842332
          2,  378,        171,        533,       10.1,        101,       5.05   ,   0.841766
          2,  379,         63,        968,       10.1,        101,       5.05   ,   -1.47473
          2,  380,        448,        454,       10.1,        101,       5.05   ,    1.41429
          2,  381,        799,        647,       10.1,        101,       5.05   ,   -1.04144
          2,  382,        690,        483,       10.1,        101,       5.05   ,  -0.687167
          2,  383,        378,        245,       10.1,        101,       5.05   ,   -1.09033
          2,  384,         90,        280,       10.1,        101,       5.05   ,     1.0404
          2,  385,        502,        289,       10.1,        101,       5.05   ,   0.612505
          2,  386,        960,        947,       10.1,        101,       5.05   ,   0.360886
          2,  387,        241,        168,       10.1,        101,       5.05   ,    1.55493
          2,  388,        721,        866,       10.1,        101,       5.05   ,  -0.443477
          2,  389,        780,        797,       10.1,        101,       5.05   ,    1.35804
          2,  390,        464,        107,       10.1,        101,       5.05   ,    1.41041
          2,  391,        241,        723,       10.1,        101,       5.05   ,  -0.372534
          2,  392,        223,        778,       10.1,        101,       5.05   ,    1.18533
          2,  393,        894,        835,       10.1,        101,       5.05   ,  -0.603938
          2,  394,        543,        417,       10.1,        101,       5.05   ,    1.26532
          2,  395,        683,        554,       10.1,        101,       5.05   ,   0.254387
          2,  396,        156,        763,       10.1,        101,       5.05   ,   0.584076
          2,  397,        640,         88,       10.1,        101,       5.05   ,  -0.423285
          2,  398,        459,        457,       10.1,        101,       5.05   ,   -1.28135
          2,  399,        896,        566,       10.1,        101,       5.05   ,    1.28955
          2,  400,        691,        368,       10.1,        101,       5.05   ,   0.468831
          2,  401,        831,        413,       10.1,        101,       5.05   ,   0.339343
          2,  402,        172,         72,       10.1,        101,       5.05   ,  -0.143539
          2,  403,        139,        969,       10.1,        101,       5.05   ,   0.236787
          2,  404,        706,        313,       10.1,        101,       5.05   ,   0.321736
          2,  405,        424,        499,       10.1,        101,       5.05   ,   0.980463
          2,  406,        518,        615,       10.1,        101,       5.05   ,    1.14722
          2,  407,        233,         29,       10.1,        101,       5.05   ,  0.0233733
          2,  408,        209,        559,       10.1,        101,       5.05   ,  -0.259091
          2,  409,        792,         17,       10.1,        101,       5.05   ,  -0.266426
          2,  410,        975,        331,       10.1,        101,       5.05   ,   -1.06313
          2,  411,        374,        787,       10.1,        101,       5.05   ,     0.3499
          2,  412,        498,        781,       10.1,        101,       5.05   ,   0.282102
          2,  413,         34,        567,       10.1,        101,       5.05   ,   -1.00297
          2,  414,        903,        163,       10.1,        101,       5.05   ,     1.5707
          2,  415,        799,        440,       10.1,        101,       5.05   ,   0.212672
          2,  416,        601,        920,       10.1,        101,       5.05   ,   0.223734
          2,  417,        921,         20,       10.1,        101,       5.05   ,  -0.413678
          2,  418,        834,        330,       10.1,        101,       5.05   ,    -1.0537
          2,  419,        473,        599,       10.1,        101,       5.05   ,  -0.061418
          2,  420,        475,        627,       10.1,        101,       5.05   ,   0.796735
          2,  421,        190,        843,       10.1,        101,       5.05   ,    1.07661
          2,  422,        711,        144,       10.1,        101,       5.05   ,  -0.879077
          2,  423,        192,          2,       10.1,        101,       5.05   ,   0.199614
          2,  424,        343,        457,       10.1,        101,       5.05   ,  -0.541554
          2,  425,        972,        744,       10.1,        101,       5.05   ,  -0.396472
          2,  426,        144,        662,       10.1,        101,       5.05   ,   0.112828
          2,  427,        226,        240,       10.1,        101,       5.05   ,  -0.576506
          2,  428,        714,        525,       10.1,        101,       5.05   ,   0.443138
          2,  429,        335,        516,       10.1,        101,       5.05   ,    0.35657
          2,  430,        726,        595,       10.1,        101,       5.05   , 0.00178112
          2,  431,        297,         23,       10.1,        101,       5.05   ,   -1.14241
          2,  432,         93,        484,       10.1,        101,       5.05   ,   -1.18751
          2,  433,        757,        680,       10.1,        101,       5.05   ,   -1.53589
          2,  434,        422,        907,       10.1,        101,       5.05   ,  0.0227188
          2,  435,        950,        116,       10.1,        101,       5.05   ,   -1.09628
          2,  436,        260,         71,       10.1,        101,       5.05   ,  -0.201541
          2,  437,        862,        774,       10.1,        101,       5.05   ,    1.12743
          2,  438,        146,        517,       10.1,        101,       5.05   ,   0.097631
          2,  439,        797,        635,       10.1,        101,       5.05   ,   -1.05876
          2,  440,        933,        368,       10.1,        101,       5.05   ,   -0.97076
          2,  441,        207,         98,       10.1,        101,       5.05   ,   0.973496
          2,  442,        665,        923,       10.1,        101,       5.05   ,  0.0689224
          2,  443,        928,        573,       10.1,        101,       5.05   ,  0.0779025
          2,  444,        382,         45,       10.1,        101,       5.05   ,  -0.675664
          2,  445,        393,        710,       10.1,        101,       5.05   ,    0.77525
          2,  446,        928,         15,       10.1,        101,       5.05   ,   -1.17773
          2,  447,        289,        562,       10.1,        101,       5.05   ,  -0.152392
          2,  448,        128,        546,       10.1,        101,       5.05   ,  -0.427091
          2,  449,        980,        572,       10.1,        101,       5.05   ,  -0.821129
          2,  450,        759,        573,       10.1,        101,       5.05   ,    1.18766
          2,  451,        299,        425,       10.1,        101,       5.05   ,  -0.251422
          2,  452,        370,        845,       10.1,        101,       5.05   ,  -0.282111
          2,  453,        222,        366,       10.1,        101,       5.05   ,    1.55326
          2,  454,        877,        727,       10.1,        101,       5.05   ,  -0.557634
          2,  455,        793,        564,       10.1,        101,       5.05   ,   0.968073
          2,  456,        955,        332,       10.1,        101,       5.05   ,   -1.36322
          2,  457,        129,        782,       10.1,        101,       5.05   ,   -1.37307
          2,  458,        343,        573,       10.1,        101,       5.05   ,  -0.323412
          2,  459,        474,        412,       10.1,        101,       5.05   ,  -0.745329
          2,  460,        256,        795,       10.1,        101,       5.05   ,   0.477378
          2,  461,        857,        481,       10.1,        101,       5.05   ,    1.43783
          2,  462,        331,        321,       10.1,        101,       5.05   ,   -1.14505
          2,  463,        842,        936,       10.1,        101,       5.05   ,   0.499054
          2,  464,        386,        742,       10.1,        101,       5.05   ,   0.923089
          2,  465,        506,        734,       10.1,        101,       5.05   ,  -0.047117
          2,  466,        991,        470,       10.1,        101,       5.05   ,    -0.5524
          2,  467,        590,        499,       10.1,        101,       5.05   ,    1.11502
          2,  468,        124,        904,       10.1,        101,       5.05   ,  -0.577773
          2,  469,        814,        891,       10.1,        101,       5.05   ,   -1.45947
          2,  470,         66,        325,       10.1,        101,       5.05   ,  -0.830793
          2,  471,        376,        420,       10.1,        101,       5.05   ,   0.146604
          2,  472,        888,        845,       10.1,        101,       5.05   ,   -1.43467
          2,  473,        262,         31,       10.1,        101,       5.05   ,    1.25415
          2,  474,        557,        504,       10.1,        101,       5.05   , -0.0237999
          2,  475,        854,        501,       10.1,        101,       5.05   ,   -1.32308
          2,  476,        471,        913,       10.1,        101,       5.05   ,   -1.31072
          2,  477,        424,         18,       10.1,        101,       5.05   ,   -0.67781
          2,  478,        980,        244,       10.1,        101,       5.05   , -0.0498321
          2,  479,        558,        806,       10.1,        101,       5.05   ,    0.12722
          2,  480,         60,        394,       10.1,        101,       5.05   ,    0.36865
          2,  481,        126,        518,       10.1,        101,       5.05   ,    0.25795
          2,  482,        530,        377,       10.1,        101,       5.05   ,   -1.03816
          2,  483,        560,        790,       10.1,        101,       5.05   ,  -0.158633
          2,  484,        271,        270,       10.1,        101,       5.05   ,  -0.881757
          2,  485,        798,        166,       10.1,        101,       5.05   ,   0.725998
          2,  486,        812,        102,       10.1,        101,       5.05   ,   0.500655
          2,  487,        168,        684,       10.1,        101,       5.05   ,    1.12077
          2,  488,        766,        317,       10.1,        101,       5.05   ,  -0.037953
          2,  489,        612,        124,       10.1,        101,       5.05   ,   -1.05922
          2,  490,        534,        741,       10.1,        101,       5.05   ,   0.328873
          2,  491,        571,        326,       10.1,        101,       5.05   ,  -0.074373
          2,  492,        772,        324,       10.1,        101,       5.05   ,   -1.09521
          2,  493,        836,        158,       10.1,        101,       5.05   ,  -0.406409
          2,  494,        629,        389,       10.1,        101,       5.05   ,   -1.47229
          2,  495,        946,        649,       10.1,        101,       5.05   ,  -0.344241
          2,  496,        455,        632,       10.1,        101,       5.05   ,   0.818787
          2,  497,        242,        935,       10.1,        101,       5.05   ,   0.920984
          2,  498,         82,        541,       10.1,        101,       5.05   ,   -1.36917
          2,  499,         89,        760,       10.1,        101,       5.05   ,   -1.56989
          2,  500,        803,         94,       10.1,        101,       5.05   ,    1.29405
          2,  501,        282,         95,       10.1,        101,       5.05   ,   0.770478
          2,  502,        991,        845,       10.1,        101,       5.05   ,   0.239988
          2,  503,        442,        743,       10.1,        101,       5.05   ,     -1.065
          2,  504,         49,        665,       10.1,        101,       5.05   ,    1.55586
          2,  505,        513,        130,       10.1,        101,       5.05   ,    -1.1946
          2,  506,        331,        866,       10.1,        101,       5.05   ,   -1.42784
          2,  507,        773,        334,       10.1,        101,       5.05   ,  -0.628733
          2,  508,        920,        756,       10.1,        101,       5.05   ,   -1.45218
          2,  509,        977,        731,       10.1,        101,       5.05   ,  -0.251645
          2,  510,        526,        624,       10.1,        101,       5.05   ,     1.1189
          2,  511,        526,        544,       10.1,        101,       5.05   ,   -1.47141
          2,  512,        708,        248,       10.1,        101,       5.05   ,   -1.22109
          2,  513,        873,        391,       10.1,        101,       5.05   ,   0.243714
          2,  514,        452,        760,       10.1,        101,       5.05   ,  -0.416189
          2,  515,        204,        811,       10.1,        101,       5.05   ,  -0.900653
          2,  516,        556,        724,       10.1,        101,       5.05   ,   -1.45122
          2,  517,        521,        226,       10.1,        101,       5.05   ,  -0.497106
          2,  518,        563,        628,       10.1,        101,       5.05   ,  -0.631316
          2,  519,        195,        283,       10.1,        101,       5.05   ,   -1.39528
          2,  520,        282,        127,       10.1,        101,       5.05   ,  -0.763705
          2,  521,        798,        784,       10.1,        101,       5.05   ,    0.43072
          2,  522,         92,        303,       10.1,        101,       5.05   ,  -0.804312
          2,  523,        353,        386,       10.1,        101,       5.05   ,    1.13904
          2,  524,        578,        193,       10.1,        101,       5.05   ,   0.581763
          2,  525,        122,        868,       10.1,        101,       5.05   ,   0.411779
          2,  526,         84,        647,       10.1,        101,       5.05   ,  -0.424215
          2,  527,        127,        945,       10.1,        101,       5.05   ,    0.21356
          2,  528,        958,        155,       10.1,        101,       5.05   ,    -1.0851
          2,  529,        794,        195,       10.1,        101,       5.05   ,  -0.259405
          2,  530,        218,        408,       10.1,        101,       5.05   ,  -0.958344
          2,  531,        455,        868,       10.1,        101,       5.05   ,      1.523
          2,  532,        435,        876,       10.1,        101,       5.05   ,   0.467846
          2,  533,        340,        513,       10.1,        101,       5.05   ,  -0.290144
          2,  534,        263,        556,       10.1,        101,       5.05   ,   -1.02761
          2,  535,        202,        404,       10.1,        101,       5.05   ,  -0.367717
          2,  536,        987,         43,       10.1,        101,       5.05   ,    0.93193
          2,  537,        950,        555,       10.1,        101,       5.05   ,    1.48288
          2,  538,        358,         79,       10.1,        101,       5.05   ,   0.903264
          2,  539,        101,        588,       10.1,        101,       5.05   ,    1.33318
          2,  540,        232,        164,       10.1,        101,       5.05   ,   0.215197
          2,  541,        352,        360,       10.1,        101,       5.05   ,   0.994604
          2,  542,        311,        769,       10.1,        101,       5.05   ,  -0.895618
          2,  543,        885,         99,       10.1,        101,       5.05   ,   0.493034
          2,  544,         60,        956,       10.1,        101,       5.05   ,  -0.630379
          2,  545,        617,         56,       10.1,        101,       5.05   ,    -1.3078
          2,  546,        599,        375,       10.1,        101,       5.05   ,  0.0606332
          2,  547,        221,        819,       10.1,        101,       5.05   ,   0.860238
          2,  548,         72,        145,       10.1,        101,       5.05   ,   0.108756
          2,  549,         71,        281,       10.1,        101,       5.05   ,   -1.30831
          2,  550,        260,        622,       10.1,        101,       5.05   ,   0.914157
          2,  551,        950,         31,       10.1,        101,       5.05   ,  -0.534798
          2,  552,        446,        738,       10.1,        101,       5.05   ,   0.175149
          2,  553,          8,        197,       10.1,        101,       5.05   ,   -1.08752
          2,  554,        459,        792,       10.1,        101,       5.05   ,   -1.40657
          2,  555,         94,        564,       10.1,        101,       5.05   ,  -0.940734
          2,  556,        120,        320,       10.1,        101,       5.05   ,  -0.771873
          2,  557,         59,        969,       10.1,        101,       5.05   ,   -1.09477
          2,  558,        243,        174,       10.1,        101,       5.05   ,    -1.5206
------------------------------------------------------------------------------
Component[2] Total Sloped Parallelepiped = 558