Component 1 maximum area=0.222589 [on 1000x1000]
Component type: Ellipse
---------------------------------------------------------------------------------------
--------------|------- Center-----|----- dimensions---------|----------------------
component| id|    X       |     Y      |  Width/a     | height/b |   hoop   |   Slope   
---------------------------------------------------------------------------------------
          1,    1,         70,        740,       50.5,       50.5,      2.525   ,  -0.613424
          1,    2,        832,        696,       50.5,       50.5,      2.525   ,   0.211442
          1,    3,        491,        339,       50.5,       50.5,      2.525   ,   0.209509
          1,    4,          4,        406,       50.5,       50.5,      2.525   ,   0.442338
          1,    5,        424,        784,       50.5,       50.5,      2.525   ,   0.325206
          1,    6,         14,        732,       50.5,       50.5,      2.525   ,   -1.44445
          1,    7,        686,        125,       50.5,       50.5,      2.525   ,    1.19725
          1,    8,         23,        474,       50.5,       50.5,      2.525   ,   -1.29431
          1,    9,        138,        245,       50.5,       50.5,      2.525   ,    1.43459
          1,   10,        412,        865,       50.5,       50.5,      2.525   ,  0.0943794
          1,   11,        563,         48,       50.5,       50.5,      2.525   ,   0.655596
          1,   12,        182,        923,       50.5,       50.5,      2.525   ,  -0.855682
          1,   13,        480,        928,       50.5,       50.5,      2.525   ,   -1.46894
          1,   14,        439,        545,       50.5,       50.5,      2.525   ,  -0.303168
          1,   15,        315,        419,       50.5,       50.5,      2.525   ,   -1.37589
          1,   16,        425,        851,       50.5,       50.5,      2.525   ,  -0.360037
          1,   17,        460,        333,       50.5,       50.5,      2.525   ,   0.224805
          1,   18,        683,        653,       50.5,       50.5,      2.525   ,   -0.99384
          1,   19,        295,        473,       50.5,       50.5,      2.525   ,  -0.192883
          1,   20,        462,        689,       50.5,       50.5,      2.525   ,    1.32164
          1,   21,        583,        827,       50.5,       50.5,      2.525   ,   0.206845
          1,   22,        571,        595,       50.5,       50.5,      2.525   ,   0.997047
          1,   23,        934,        459,       50.5,       50.5,      2.525   ,   -1.14458
          1,   24,        612,         83,       50.5,       50.5,      2.525   ,   0.035611
          1,   25,        486,        583,       50.5,       50.5,      2.525   ,   -1.10213
          1,   26,        362,        678,       50.5,       50.5,      2.525   ,   -0.31094
          1,   27,        421,        600,       50.5,       50.5,      2.525   ,  -0.609905
          1,   28,        204,        123,       50.5,       50.5,      2.525   ,   0.310545
          1,   29,        357,        785,       50.5,       50.5,      2.525   ,  -0.557434
          1,   30,        826,        185,       50.5,       50.5,      2.525   ,    0.51922
          1,   31,        682,        690,       50.5,       50.5,      2.525   ,-0.00376255
          1,   32,        835,        788,       50.5,       50.5,      2.525   ,   -1.32546
          1,   33,        333,        662,       50.5,       50.5,      2.525   ,    1.41426
          1,   34,        663,        777,       50.5,       50.5,      2.525   ,    0.14651
------------------------------------------------------------------------------
Component[1] Total Ellipsoids = 34