Component 1 maximum area=0.326731 [on 1000x1000]
Component type: Ellipse
---------------------------------------------------------------------------------------
--------------|------- Center-----|----- dimensions---------|----------------------
component| id|   X        |     Y    |  Width/a     | height/b |   hoop   |   Slope    
---------------------------------------------------------------------------------------
          1,    1,        525,        899,       50.5,       50.5,      2.525   ,  -0.231978
          1,    2,         47,        924,       50.5,       50.5,      2.525   ,  -0.571662
          1,    3,        549,         73,       50.5,       50.5,      2.525   ,    -1.4686
          1,    4,        171,        608,       50.5,       50.5,      2.525   ,   -1.50858
          1,    5,        770,        942,       50.5,       50.5,      2.525   ,   0.680672
          1,    6,        749,         59,       50.5,       50.5,      2.525   ,   0.621212
          1,    7,        474,        719,       50.5,       50.5,      2.525   ,    1.27482
          1,    8,        287,        507,       50.5,       50.5,      2.525   ,   -1.18831
          1,    9,        496,        300,       50.5,       50.5,      2.525   ,   -1.29665
          1,   10,        451,        920,       50.5,       50.5,      2.525   ,    1.47045
          1,   11,        728,        262,       50.5,       50.5,      2.525   ,  -0.173195
          1,   12,        707,        316,       50.5,       50.5,      2.525   ,  -0.729435
          1,   13,        564,        789,       50.5,       50.5,      2.525   ,    1.44035
          1,   14,         60,        985,       50.5,       50.5,      2.525   ,   -1.20602
          1,   15,        452,        356,       50.5,       50.5,      2.525   ,     1.1877
          1,   16,        388,        319,       50.5,       50.5,      2.525   ,   0.674816
          1,   17,        748,        654,       50.5,       50.5,      2.525   ,   0.128486
          1,   18,        814,        475,       50.5,       50.5,      2.525   ,  -0.945073
          1,   19,        859,        672,       50.5,       50.5,      2.525   ,    1.26617
          1,   20,        954,        577,       50.5,       50.5,      2.525   ,    1.12607
          1,   21,        451,        921,       50.5,       50.5,      2.525   ,    1.55202
          1,   22,        525,        340,       50.5,       50.5,      2.525   ,  -0.499042
          1,   23,        640,        488,       50.5,       50.5,      2.525   ,   0.931237
          1,   24,        714,        193,       50.5,       50.5,      2.525   ,   0.896896
          1,   25,        737,        224,       50.5,       50.5,      2.525   ,   0.470768
          1,   26,        160,        861,       50.5,       50.5,      2.525   ,   0.695231
          1,   27,        839,        387,       50.5,       50.5,      2.525   ,    1.28083
          1,   28,        382,        703,       50.5,       50.5,      2.525   ,  -0.267207
          1,   29,        464,        852,       50.5,       50.5,      2.525   ,  -0.727738
          1,   30,        636,        288,       50.5,       50.5,      2.525   ,  -0.466937
          1,   31,        604,        439,       50.5,       50.5,      2.525   ,   0.309122
          1,   32,        977,        640,       50.5,       50.5,      2.525   ,    1.29528
          1,   33,        431,        102,       50.5,       50.5,      2.525   ,    1.11304
          1,   34,        922,        859,       50.5,       50.5,      2.525   ,   -1.30847
          1,   35,        988,        164,       50.5,       50.5,      2.525   ,   0.956052
          1,   36,        119,        212,       50.5,       50.5,      2.525   ,   0.805318
          1,   37,        124,        157,       50.5,       50.5,      2.525   ,    0.29248
          1,   38,        234,        409,       50.5,       50.5,      2.525   ,    1.42008
          1,   39,        135,        811,       50.5,       50.5,      2.525   ,    -1.2531
          1,   40,        501,        785,       50.5,       50.5,      2.525   ,   0.536083
          1,   41,         90,        489,       50.5,       50.5,      2.525   ,  -0.819517
          1,   42,        120,        191,       50.5,       50.5,      2.525   ,  0.0751344
          1,   43,        320,        752,       50.5,       50.5,      2.525   ,  -0.188318
          1,   44,        458,        601,       50.5,       50.5,      2.525   ,  -0.154498
          1,   45,        249,        563,       50.5,       50.5,      2.525   ,   0.598722
          1,   46,        942,        282,       50.5,       50.5,      2.525   ,     1.4008
          1,   47,         18,        459,       50.5,       50.5,      2.525   ,   0.544361
          1,   48,        646,        463,       50.5,       50.5,      2.525   ,    1.52022
          1,   49,        549,        281,       50.5,       50.5,      2.525   ,  -0.192065
          1,   50,        630,        249,       50.5,       50.5,      2.525   ,   -1.07732
          1,   51,        570,        213,       50.5,       50.5,      2.525   ,   -1.50926
          1,   52,         10,        399,       50.5,       50.5,      2.525   ,  -0.938187
------------------------------------------------------------------------------
Component[1] Total Ellipsoids = 52
Component[1] Real area in [1000x1000]= 0.327949%=
------------------------------------------------------------------------------
