Component 2 maximum area=0.323322 [on 1000x1000]
Component type: Sloped rectangle
---------------------------------------------------------------------------------------
--------------|------- Center-----|----- dimensions---------|----------------------
component| id|    X       |     Y      |  Width/a     | height/b |   hoop   |   Slope   
---------------------------------------------------------------------------------------
          2,    1,        115,        864,       10.1,        101,       5.05   ,   0.258362
          2,    2,        525,        622,       10.1,        101,       5.05   ,   -1.18397
          2,    3,        670,        414,       10.1,        101,       5.05   ,   -1.07597
          2,    4,        479,        233,       10.1,        101,       5.05   ,   0.370218
          2,    5,        512,        900,       10.1,        101,       5.05   ,    1.42695
          2,    6,        107,        184,       10.1,        101,       5.05   ,   0.838138
          2,    7,        894,        764,       10.1,        101,       5.05   ,  -0.765015
          2,    8,        899,        355,       10.1,        101,       5.05   ,    1.53175
          2,    9,        313,        246,       10.1,        101,       5.05   ,   0.229836
          2,   10,        209,        877,       10.1,        101,       5.05   ,  -0.317595
          2,   11,        245,        200,       10.1,        101,       5.05   ,   0.384512
          2,   12,         88,        424,       10.1,        101,       5.05   ,   -1.15987
          2,   13,        644,        182,       10.1,        101,       5.05   ,   0.456177
          2,   14,        540,        807,       10.1,        101,       5.05   ,   -1.29995
          2,   15,        624,        651,       10.1,        101,       5.05   ,  -0.138705
          2,   16,        181,        699,       10.1,        101,       5.05   ,   0.871992
          2,   17,        660,        570,       10.1,        101,       5.05   ,    1.15732
          2,   18,        556,        136,       10.1,        101,       5.05   ,  -0.853722
          2,   19,        992,        621,       10.1,        101,       5.05   ,    1.08108
          2,   20,        137,        468,       10.1,        101,       5.05   ,  -0.275506
          2,   21,         27,        449,       10.1,        101,       5.05   ,   0.434707
          2,   22,        120,        909,       10.1,        101,       5.05   ,  -0.508864
          2,   23,        797,        570,       10.1,        101,       5.05   ,   0.979904
          2,   24,        239,        439,       10.1,        101,       5.05   ,    1.26075
          2,   25,        223,        910,       10.1,        101,       5.05   ,    1.31453
          2,   26,         37,        426,       10.1,        101,       5.05   ,  0.0037532
          2,   27,        929,        519,       10.1,        101,       5.05   ,   0.507238
          2,   28,        693,        790,       10.1,        101,       5.05   ,    1.45074
          2,   29,        912,        106,       10.1,        101,       5.05   ,    0.75701
          2,   30,        663,        202,       10.1,        101,       5.05   ,     1.4982
          2,   31,        757,        457,       10.1,        101,       5.05   ,   0.168171
          2,   32,        799,        504,       10.1,        101,       5.05   ,   0.346435
          2,   33,        189,        618,       10.1,        101,       5.05   ,   -1.06592
          2,   34,        752,        522,       10.1,        101,       5.05   ,  -0.304908
          2,   35,        681,        190,       10.1,        101,       5.05   ,    1.14749
          2,   36,        812,        807,       10.1,        101,       5.05   ,  -0.089871
          2,   37,        698,        245,       10.1,        101,       5.05   ,   0.439984
          2,   38,        172,        687,       10.1,        101,       5.05   ,    -1.0211
          2,   39,        261,        279,       10.1,        101,       5.05   ,   0.933328
          2,   40,        930,        904,       10.1,        101,       5.05   ,   -1.11646
          2,   41,        469,        198,       10.1,        101,       5.05   ,   -0.45354
          2,   42,        677,        262,       10.1,        101,       5.05   ,    1.49612
          2,   43,        844,         60,       10.1,        101,       5.05   ,   -1.47012
          2,   44,        447,        464,       10.1,        101,       5.05   ,   0.837396
          2,   45,        318,        356,       10.1,        101,       5.05   ,   0.979585
          2,   46,        754,        221,       10.1,        101,       5.05   ,   0.681997
          2,   47,        631,        320,       10.1,        101,       5.05   ,   -1.35828
          2,   48,        761,        359,       10.1,        101,       5.05   ,   0.311926
          2,   49,          6,        488,       10.1,        101,       5.05   ,   0.689326
          2,   50,        221,        871,       10.1,        101,       5.05   ,  -0.402506
          2,   51,        975,        788,       10.1,        101,       5.05   ,   -1.41256
          2,   52,        848,        909,       10.1,        101,       5.05   ,   0.642001
          2,   53,        900,        546,       10.1,        101,       5.05   ,    0.69937
          2,   54,         68,        525,       10.1,        101,       5.05   ,    1.45566
          2,   55,        517,        572,       10.1,        101,       5.05   ,   0.184034
          2,   56,        922,        320,       10.1,        101,       5.05   ,  -0.648988
          2,   57,        806,        179,       10.1,        101,       5.05   ,    1.41945
          2,   58,        388,         33,       10.1,        101,       5.05   ,    0.14906
          2,   59,        265,        623,       10.1,        101,       5.05   ,   -1.00312
          2,   60,          3,        226,       10.1,        101,       5.05   ,    1.30581
          2,   61,        400,        381,       10.1,        101,       5.05   ,    1.10654
          2,   62,        398,         83,       10.1,        101,       5.05   ,   -1.34393
          2,   63,        349,        689,       10.1,        101,       5.05   ,   -1.04826
          2,   64,         21,        205,       10.1,        101,       5.05   ,  -0.300393
          2,   65,        426,        775,       10.1,        101,       5.05   ,   0.761319
          2,   66,        769,        669,       10.1,        101,       5.05   ,    1.06571
          2,   67,        119,        809,       10.1,        101,       5.05   ,  -0.736013
          2,   68,        469,        200,       10.1,        101,       5.05   ,   -1.26909
          2,   69,        514,        186,       10.1,        101,       5.05   ,    1.39703
          2,   70,        103,        783,       10.1,        101,       5.05   ,   0.763152
          2,   71,        427,        351,       10.1,        101,       5.05   ,  -0.352479
          2,   72,        979,        843,       10.1,        101,       5.05   ,  -0.812513
          2,   73,        709,        803,       10.1,        101,       5.05   ,   0.096275
          2,   74,        676,        676,       10.1,        101,       5.05   ,    1.27457
          2,   75,        563,        453,       10.1,        101,       5.05   ,  -0.999225
          2,   76,        347,        603,       10.1,        101,       5.05   ,  -0.806039
          2,   77,        310,        614,       10.1,        101,       5.05   ,    1.13757
          2,   78,        671,        483,       10.1,        101,       5.05   ,    1.12884
          2,   79,        787,        583,       10.1,        101,       5.05   ,    -1.1849
          2,   80,        474,        617,       10.1,        101,       5.05   ,   0.308927
          2,   81,         10,        819,       10.1,        101,       5.05   ,  -0.120635
          2,   82,        686,        662,       10.1,        101,       5.05   ,    1.48404
          2,   83,        185,        734,       10.1,        101,       5.05   ,  -0.775407
          2,   84,        133,         25,       10.1,        101,       5.05   ,    1.23006
          2,   85,        778,        236,       10.1,        101,       5.05   ,   0.824336
          2,   86,        791,        996,       10.1,        101,       5.05   ,    1.48566
          2,   87,        712,        545,       10.1,        101,       5.05   ,  -0.406568
          2,   88,        475,        762,       10.1,        101,       5.05   ,   0.353586
          2,   89,        429,        169,       10.1,        101,       5.05   ,   0.688244
          2,   90,        362,        297,       10.1,        101,       5.05   ,  -0.951226
          2,   91,        288,        584,       10.1,        101,       5.05   ,    1.22892
          2,   92,        367,        969,       10.1,        101,       5.05   ,  -0.422991
          2,   93,        185,        643,       10.1,        101,       5.05   ,   -1.56656
          2,   94,         22,        369,       10.1,        101,       5.05   ,  -0.212664
          2,   95,         38,         12,       10.1,        101,       5.05   ,    1.50544
          2,   96,        829,        122,       10.1,        101,       5.05   ,     1.1177
          2,   97,        696,        407,       10.1,        101,       5.05   ,    1.04264
          2,   98,        899,        730,       10.1,        101,       5.05   ,  -0.249902
          2,   99,        780,        477,       10.1,        101,       5.05   ,    1.40614
          2,  100,        634,         58,       10.1,        101,       5.05   ,   -1.53942
          2,  101,        398,        841,       10.1,        101,       5.05   ,    -0.1992
          2,  102,        822,        155,       10.1,        101,       5.05   ,  -0.647414
          2,  103,        115,        568,       10.1,        101,       5.05   ,    1.05669
          2,  104,        142,         11,       10.1,        101,       5.05   ,  -0.926506
          2,  105,        940,        583,       10.1,        101,       5.05   ,  -0.910462
          2,  106,        960,        465,       10.1,        101,       5.05   ,  -0.399262
          2,  107,        466,        327,       10.1,        101,       5.05   ,   0.478009
          2,  108,        722,        499,       10.1,        101,       5.05   ,   0.602055
          2,  109,        860,        726,       10.1,        101,       5.05   ,   0.690608
          2,  110,        902,        487,       10.1,        101,       5.05   ,   0.147204
          2,  111,        144,        844,       10.1,        101,       5.05   ,  -0.361312
          2,  112,         43,        192,       10.1,        101,       5.05   ,   0.110045
          2,  113,        496,        754,       10.1,        101,       5.05   ,     0.2022
          2,  114,        982,        846,       10.1,        101,       5.05   ,   -1.10286
          2,  115,        839,        475,       10.1,        101,       5.05   ,  -0.449682
          2,  116,        691,         39,       10.1,        101,       5.05   ,    1.16271
          2,  117,        553,        651,       10.1,        101,       5.05   ,   0.361477
          2,  118,        669,        918,       10.1,        101,       5.05   ,   0.431373
          2,  119,        252,        950,       10.1,        101,       5.05   ,   -1.42182
          2,  120,        768,         18,       10.1,        101,       5.05   ,     1.4701
          2,  121,        535,         21,       10.1,        101,       5.05   ,  -0.653394
          2,  122,        877,        952,       10.1,        101,       5.05   ,   -1.35141
          2,  123,        364,        831,       10.1,        101,       5.05   ,   0.406847
          2,  124,        213,        563,       10.1,        101,       5.05   ,   -1.36125
          2,  125,         51,        531,       10.1,        101,       5.05   ,    -0.4598
          2,  126,        911,        143,       10.1,        101,       5.05   ,  -0.952315
          2,  127,        468,        272,       10.1,        101,       5.05   ,   0.607336
          2,  128,        698,        191,       10.1,        101,       5.05   ,    0.74916
          2,  129,        933,        591,       10.1,        101,       5.05   ,  0.0739124
          2,  130,        440,        483,       10.1,        101,       5.05   ,     1.5689
          2,  131,        659,        110,       10.1,        101,       5.05   ,  -0.986074
          2,  132,        533,        300,       10.1,        101,       5.05   ,   -1.44386
          2,  133,        647,        369,       10.1,        101,       5.05   ,    1.24696
          2,  134,        528,        497,       10.1,        101,       5.05   ,   0.599702
          2,  135,        531,        495,       10.1,        101,       5.05   , -0.0608917
          2,  136,         64,        135,       10.1,        101,       5.05   ,    1.42391
          2,  137,        230,         30,       10.1,        101,       5.05   ,  -0.210806
          2,  138,        834,        382,       10.1,        101,       5.05   ,  -0.624166
          2,  139,        643,        737,       10.1,        101,       5.05   ,   -1.12609
          2,  140,        856,        963,       10.1,        101,       5.05   ,   0.797184
          2,  141,        156,        131,       10.1,        101,       5.05   ,   0.578518
          2,  142,        171,        193,       10.1,        101,       5.05   ,   -1.15837
          2,  143,         63,        959,       10.1,        101,       5.05   ,   0.329937
          2,  144,         99,        161,       10.1,        101,       5.05   ,   -1.23755
          2,  145,        266,        941,       10.1,        101,       5.05   ,   0.800772
          2,  146,        862,          4,       10.1,        101,       5.05   ,  -0.515731
          2,  147,         75,         52,       10.1,        101,       5.05   ,  -0.295964
          2,  148,        377,         83,       10.1,        101,       5.05   ,   -1.47937
          2,  149,        704,        299,       10.1,        101,       5.05   ,    -1.0108
          2,  150,        510,        547,       10.1,        101,       5.05   ,    1.33122
          2,  151,        449,        407,       10.1,        101,       5.05   ,   0.688238
          2,  152,        862,        340,       10.1,        101,       5.05   ,   0.962527
          2,  153,        423,        850,       10.1,        101,       5.05   ,   0.593863
          2,  154,        201,        218,       10.1,        101,       5.05   ,  0.0312519
          2,  155,        401,        847,       10.1,        101,       5.05   ,  -0.503329
          2,  156,        396,        451,       10.1,        101,       5.05   ,   0.164665
          2,  157,         42,        518,       10.1,        101,       5.05   ,    1.10914
          2,  158,        390,         49,       10.1,        101,       5.05   ,    -1.1249
          2,  159,         17,        590,       10.1,        101,       5.05   ,   -1.17657
          2,  160,        316,        217,       10.1,        101,       5.05   ,    1.42434
          2,  161,        170,        195,       10.1,        101,       5.05   ,   0.875299
          2,  162,        257,        641,       10.1,        101,       5.05   ,  -0.913472
          2,  163,        525,        875,       10.1,        101,       5.05   ,  0.0904475
          2,  164,        500,        471,       10.1,        101,       5.05   ,  -0.637087
          2,  165,        780,        692,       10.1,        101,       5.05   ,   0.639283
          2,  166,        850,        631,       10.1,        101,       5.05   ,   -1.23575
          2,  167,        438,        851,       10.1,        101,       5.05   ,    1.47608
          2,  168,        651,        380,       10.1,        101,       5.05   ,   0.549005
          2,  169,        326,        892,       10.1,        101,       5.05   ,  -0.744019
          2,  170,        175,        296,       10.1,        101,       5.05   ,   0.295098
          2,  171,        428,        321,       10.1,        101,       5.05   ,    0.98858
          2,  172,        140,        751,       10.1,        101,       5.05   ,    1.44685
          2,  173,        930,        627,       10.1,        101,       5.05   ,    1.18195
          2,  174,        383,         73,       10.1,        101,       5.05   ,   -1.43856
          2,  175,        784,        101,       10.1,        101,       5.05   ,   -1.47648
          2,  176,        227,         12,       10.1,        101,       5.05   ,    -1.4292
          2,  177,        781,         12,       10.1,        101,       5.05   ,  -0.736765
          2,  178,        867,        701,       10.1,        101,       5.05   ,   -1.00342
          2,  179,         50,         28,       10.1,        101,       5.05   ,   0.813574
          2,  180,        118,        636,       10.1,        101,       5.05   ,     1.0593
          2,  181,        724,        435,       10.1,        101,       5.05   ,   -1.35039
          2,  182,        310,        477,       10.1,        101,       5.05   ,   -0.60661
          2,  183,        528,        855,       10.1,        101,       5.05   ,  -0.413744
          2,  184,        913,        135,       10.1,        101,       5.05   , -0.0109269
          2,  185,         14,        740,       10.1,        101,       5.05   ,   0.380471
          2,  186,        764,         12,       10.1,        101,       5.05   ,    1.44226
          2,  187,        522,        310,       10.1,        101,       5.05   ,   0.840641
          2,  188,        134,        105,       10.1,        101,       5.05   ,  -0.700125
          2,  189,         89,        124,       10.1,        101,       5.05   ,   0.483169
          2,  190,        698,        640,       10.1,        101,       5.05   ,  0.0832486
          2,  191,         52,         26,       10.1,        101,       5.05   ,    1.26576
          2,  192,        936,        515,       10.1,        101,       5.05   ,   0.211525
          2,  193,        967,        754,       10.1,        101,       5.05   ,   -1.38818
          2,  194,        235,        379,       10.1,        101,       5.05   ,  -0.294864
          2,  195,         39,        961,       10.1,        101,       5.05   ,    1.41892
          2,  196,         85,         89,       10.1,        101,       5.05   ,   -1.10501
          2,  197,        325,        153,       10.1,        101,       5.05   , -0.0588609
          2,  198,        569,        730,       10.1,        101,       5.05   ,   -1.26824
          2,  199,        291,        250,       10.1,        101,       5.05   ,   -1.56836
          2,  200,        993,        302,       10.1,        101,       5.05   ,   0.949862
          2,  201,        778,        320,       10.1,        101,       5.05   ,    1.57034
          2,  202,         36,        231,       10.1,        101,       5.05   ,  -0.240119
          2,  203,        711,        960,       10.1,        101,       5.05   ,   0.165991
          2,  204,        288,        755,       10.1,        101,       5.05   ,    1.54367
          2,  205,        766,        714,       10.1,        101,       5.05   ,    0.96597
          2,  206,        464,        933,       10.1,        101,       5.05   ,   0.354311
          2,  207,        552,        134,       10.1,        101,       5.05   ,    1.09845
          2,  208,         70,        515,       10.1,        101,       5.05   ,    1.15962
          2,  209,        939,        922,       10.1,        101,       5.05   ,   0.537739
          2,  210,         91,         64,       10.1,        101,       5.05   ,     1.3269
          2,  211,        768,        595,       10.1,        101,       5.05   ,   0.619557
          2,  212,        909,        410,       10.1,        101,       5.05   ,   0.079631
          2,  213,        462,        116,       10.1,        101,       5.05   ,  0.0762911
          2,  214,        266,        764,       10.1,        101,       5.05   ,    1.11661
          2,  215,        437,        925,       10.1,        101,       5.05   ,   0.314005
          2,  216,        988,        235,       10.1,        101,       5.05   , -0.0274868
          2,  217,        343,        133,       10.1,        101,       5.05   ,   -1.34875
          2,  218,        893,        283,       10.1,        101,       5.05   ,    1.21115
          2,  219,        180,        193,       10.1,        101,       5.05   ,   -1.12987
          2,  220,        289,        750,       10.1,        101,       5.05   ,  -0.135173
          2,  221,        731,        620,       10.1,        101,       5.05   ,   0.987851
          2,  222,        924,        132,       10.1,        101,       5.05   ,   0.709195
          2,  223,        107,        985,       10.1,        101,       5.05   ,   -1.50745
          2,  224,         20,         59,       10.1,        101,       5.05   ,   -1.40272
          2,  225,         62,        644,       10.1,        101,       5.05   , -0.0799921
          2,  226,        101,        585,       10.1,        101,       5.05   ,   0.684149
          2,  227,        441,        756,       10.1,        101,       5.05   ,    1.41175
          2,  228,        951,        915,       10.1,        101,       5.05   ,  -0.619754
          2,  229,        793,        790,       10.1,        101,       5.05   ,   0.424358
          2,  230,        649,        950,       10.1,        101,       5.05   ,   -0.89351
          2,  231,        903,        892,       10.1,        101,       5.05   ,   0.299628
          2,  232,        984,        250,       10.1,        101,       5.05   ,    0.81062
          2,  233,        176,        706,       10.1,        101,       5.05   ,   0.010058
          2,  234,        887,        950,       10.1,        101,       5.05   ,  -0.549126
          2,  235,        384,        460,       10.1,        101,       5.05   ,   -1.32938
          2,  236,        875,        116,       10.1,        101,       5.05   ,   0.631413
          2,  237,        179,        241,       10.1,        101,       5.05   ,   -1.24181
          2,  238,        489,        563,       10.1,        101,       5.05   ,    1.11911
          2,  239,        295,         38,       10.1,        101,       5.05   ,   0.268587
          2,  240,        350,        330,       10.1,        101,       5.05   ,    1.15593
          2,  241,        854,         90,       10.1,        101,       5.05   ,  -0.258271
          2,  242,        432,        546,       10.1,        101,       5.05   ,   -1.25746
          2,  243,        518,        359,       10.1,        101,       5.05   , -0.0293665
          2,  244,        464,        638,       10.1,        101,       5.05   ,   -1.11229
          2,  245,         11,        362,       10.1,        101,       5.05   ,   0.557076
          2,  246,        737,        102,       10.1,        101,       5.05   ,  -0.920454
          2,  247,         90,        935,       10.1,        101,       5.05   ,    1.03906
          2,  248,        259,        876,       10.1,        101,       5.05   ,   0.580667
          2,  249,        150,        300,       10.1,        101,       5.05   ,   -1.10974
          2,  250,        192,        471,       10.1,        101,       5.05   ,   -1.55564
          2,  251,        793,        790,       10.1,        101,       5.05   ,  -0.082575
          2,  252,         31,         11,       10.1,        101,       5.05   ,    1.56553
          2,  253,        389,         82,       10.1,        101,       5.05   ,    1.04361
          2,  254,        824,        133,       10.1,        101,       5.05   ,    1.39015
          2,  255,        837,        345,       10.1,        101,       5.05   ,   0.882481
          2,  256,        693,        600,       10.1,        101,       5.05   ,  -0.647307
          2,  257,        860,        545,       10.1,        101,       5.05   ,  -0.735781
          2,  258,        820,        267,       10.1,        101,       5.05   ,    1.19797
          2,  259,        850,        383,       10.1,        101,       5.05   ,    1.26906
          2,  260,        899,        745,       10.1,        101,       5.05   ,   -0.57589
          2,  261,        439,        875,       10.1,        101,       5.05   ,  0.0264655
          2,  262,        822,         75,       10.1,        101,       5.05   ,   0.931375
          2,  263,        383,         55,       10.1,        101,       5.05   ,    1.13681
          2,  264,        726,        424,       10.1,        101,       5.05   ,  -0.138396
          2,  265,        505,        303,       10.1,        101,       5.05   ,   0.256797
          2,  266,        730,        821,       10.1,        101,       5.05   ,   0.643684
          2,  267,        795,        324,       10.1,        101,       5.05   ,   0.375273
          2,  268,        214,        805,       10.1,        101,       5.05   ,   0.776539
          2,  269,         94,        760,       10.1,        101,       5.05   ,     1.3656
          2,  270,        773,        615,       10.1,        101,       5.05   ,  -0.253345
          2,  271,        211,        263,       10.1,        101,       5.05   ,  -0.554507
          2,  272,        834,        794,       10.1,        101,       5.05   ,  0.0811719
          2,  273,        440,        155,       10.1,        101,       5.05   ,   -1.51365
          2,  274,        379,        263,       10.1,        101,       5.05   ,   -1.09354
          2,  275,          8,        313,       10.1,        101,       5.05   ,   0.555597
          2,  276,        599,          9,       10.1,        101,       5.05   ,    1.51768
          2,  277,        586,          2,       10.1,        101,       5.05   ,    1.39975
          2,  278,        275,        919,       10.1,        101,       5.05   ,   -1.33231
          2,  279,        981,        776,       10.1,        101,       5.05   ,    1.19233
          2,  280,        547,        709,       10.1,        101,       5.05   ,   0.461202
          2,  281,        498,        162,       10.1,        101,       5.05   ,    1.11619
          2,  282,        925,        133,       10.1,        101,       5.05   ,    1.55138
          2,  283,        840,        267,       10.1,        101,       5.05   ,   0.564961
          2,  284,        588,         61,       10.1,        101,       5.05   ,   0.232747
          2,  285,        216,        211,       10.1,        101,       5.05   ,   -1.29568
          2,  286,          4,         93,       10.1,        101,       5.05   ,   0.285882
          2,  287,        235,        268,       10.1,        101,       5.05   ,    1.21332
          2,  288,        459,        198,       10.1,        101,       5.05   ,   0.798595
          2,  289,        958,        729,       10.1,        101,       5.05   ,  -0.891637
          2,  290,        735,        479,       10.1,        101,       5.05   ,  -0.993491
          2,  291,        648,        821,       10.1,        101,       5.05   ,   0.503818
          2,  292,        597,        686,       10.1,        101,       5.05   ,  -0.253354
          2,  293,        551,        943,       10.1,        101,       5.05   ,   0.834546
          2,  294,        137,        832,       10.1,        101,       5.05   ,   0.420453
          2,  295,        963,        154,       10.1,        101,       5.05   ,   0.538809
          2,  296,         81,        567,       10.1,        101,       5.05   ,  -0.571415
          2,  297,        645,        223,       10.1,        101,       5.05   ,   0.613881
          2,  298,        396,        979,       10.1,        101,       5.05   ,    1.25422
          2,  299,        271,        395,       10.1,        101,       5.05   ,   -0.79751
          2,  300,        600,        193,       10.1,        101,       5.05   ,    1.26068
          2,  301,        359,        684,       10.1,        101,       5.05   ,  -0.111564
          2,  302,        896,        985,       10.1,        101,       5.05   ,   -1.37995
          2,  303,        252,        984,       10.1,        101,       5.05   , -0.0981062
          2,  304,        465,        819,       10.1,        101,       5.05   ,   -1.54394
          2,  305,        909,         40,       10.1,        101,       5.05   ,  -0.996191
          2,  306,        419,        676,       10.1,        101,       5.05   ,   0.316569
          2,  307,        440,        403,       10.1,        101,       5.05   ,  -0.804512
          2,  308,        187,        424,       10.1,        101,       5.05   ,   0.391343
          2,  309,        889,        575,       10.1,        101,       5.05   ,   0.696082
          2,  310,        762,        224,       10.1,        101,       5.05   ,   -1.51593
          2,  311,        399,        953,       10.1,        101,       5.05   ,   0.337828
          2,  312,        242,        173,       10.1,        101,       5.05   ,  -0.394183
          2,  313,        826,         11,       10.1,        101,       5.05   ,    -1.1866
          2,  314,        254,        610,       10.1,        101,       5.05   ,  -0.670937
          2,  315,        708,        391,       10.1,        101,       5.05   ,   -1.04998
          2,  316,        252,         57,       10.1,        101,       5.05   ,   -1.49765
          2,  317,         27,        826,       10.1,        101,       5.05   , -0.0582475
          2,  318,        760,        114,       10.1,        101,       5.05   ,  -0.791468
          2,  319,         84,        925,       10.1,        101,       5.05   ,   -0.99355
          2,  320,        988,        541,       10.1,        101,       5.05   ,  -0.367555
          2,  321,        660,        420,       10.1,        101,       5.05   ,   -0.28483
          2,  322,        451,        487,       10.1,        101,       5.05   ,  -0.104116
          2,  323,        722,        317,       10.1,        101,       5.05   ,   -1.35913
          2,  324,        673,        747,       10.1,        101,       5.05   ,    1.40067
          2,  325,        117,        558,       10.1,        101,       5.05   ,    -0.9758
          2,  326,        488,        763,       10.1,        101,       5.05   ,   0.776757
          2,  327,        649,         66,       10.1,        101,       5.05   ,   -1.07773
          2,  328,        720,        784,       10.1,        101,       5.05   ,     0.5269
          2,  329,        105,        792,       10.1,        101,       5.05   ,   0.584201
          2,  330,         96,        153,       10.1,        101,       5.05   ,  -0.715728
          2,  331,        117,        729,       10.1,        101,       5.05   ,   -1.38764
          2,  332,        316,        372,       10.1,        101,       5.05   ,    1.26852
          2,  333,        267,        404,       10.1,        101,       5.05   ,   0.163983
          2,  334,        908,        385,       10.1,        101,       5.05   ,  -0.414293
          2,  335,        260,        195,       10.1,        101,       5.05   ,   0.865619
          2,  336,        944,        440,       10.1,        101,       5.05   ,   -0.29911
          2,  337,        708,        515,       10.1,        101,       5.05   ,   0.405145
          2,  338,        710,        959,       10.1,        101,       5.05   ,   0.140521
          2,  339,        571,        709,       10.1,        101,       5.05   ,   -1.43512
          2,  340,        873,        555,       10.1,        101,       5.05   ,  -0.758451
          2,  341,        672,        949,       10.1,        101,       5.05   ,   0.122395
          2,  342,        199,        268,       10.1,        101,       5.05   ,   0.451647
          2,  343,        700,        626,       10.1,        101,       5.05   ,  0.0274365
          2,  344,        699,        103,       10.1,        101,       5.05   ,    1.52643
          2,  345,        199,        132,       10.1,        101,       5.05   ,   0.273286
          2,  346,        465,        687,       10.1,        101,       5.05   ,   0.446896
          2,  347,        727,        541,       10.1,        101,       5.05   ,   0.521005
          2,  348,        487,        404,       10.1,        101,       5.05   ,    0.17063
          2,  349,        315,        446,       10.1,        101,       5.05   ,   0.844661
          2,  350,        926,        173,       10.1,        101,       5.05   ,    -0.2006
          2,  351,        540,        851,       10.1,        101,       5.05   ,   0.112084
          2,  352,        211,        581,       10.1,        101,       5.05   ,  0.0594119
          2,  353,        233,        759,       10.1,        101,       5.05   ,   0.137654
          2,  354,        701,        733,       10.1,        101,       5.05   ,  -0.426359
          2,  355,        300,         16,       10.1,        101,       5.05   ,   0.924757
          2,  356,        566,        200,       10.1,        101,       5.05   ,   -1.13892
          2,  357,        810,        854,       10.1,        101,       5.05   ,  0.0472587
          2,  358,        894,        668,       10.1,        101,       5.05   ,  -0.345535
          2,  359,        615,        489,       10.1,        101,       5.05   ,   0.826657
          2,  360,        658,         28,       10.1,        101,       5.05   ,   -0.31157
          2,  361,        757,        230,       10.1,        101,       5.05   ,  -0.858715
          2,  362,        393,        464,       10.1,        101,       5.05   ,   0.132727
          2,  363,        226,        767,       10.1,        101,       5.05   ,    1.45279
          2,  364,        155,        685,       10.1,        101,       5.05   ,    1.12599
          2,  365,        635,        358,       10.1,        101,       5.05   ,   0.978606
          2,  366,         62,         75,       10.1,        101,       5.05   ,  -0.286021
          2,  367,         73,        268,       10.1,        101,       5.05   ,   -1.07536
          2,  368,        294,        211,       10.1,        101,       5.05   ,   0.879726
          2,  369,        504,        954,       10.1,        101,       5.05   ,  -0.458651
          2,  370,        412,        464,       10.1,        101,       5.05   ,  -0.453716
          2,  371,        937,        787,       10.1,        101,       5.05   ,  -0.667802
          2,  372,        473,        210,       10.1,        101,       5.05   ,    1.51886
          2,  373,        151,        364,       10.1,        101,       5.05   ,    1.23064
          2,  374,        666,        385,       10.1,        101,       5.05   ,    1.13551
          2,  375,        722,        703,       10.1,        101,       5.05   , 0.00213339
          2,  376,        894,        744,       10.1,        101,       5.05   ,   0.689443
          2,  377,        778,        170,       10.1,        101,       5.05   ,  -0.517306
          2,  378,        137,         31,       10.1,        101,       5.05   ,  -0.868977
          2,  379,        423,        133,       10.1,        101,       5.05   ,   0.879554
          2,  380,         72,        989,       10.1,        101,       5.05   ,    1.42006
          2,  381,        459,        234,       10.1,        101,       5.05   , -0.0762491
          2,  382,        989,        397,       10.1,        101,       5.05   ,   -1.36273
          2,  383,         46,        762,       10.1,        101,       5.05   ,   -1.13092
          2,  384,        704,        599,       10.1,        101,       5.05   ,   0.704303
          2,  385,        680,        625,       10.1,        101,       5.05   ,   0.797979
          2,  386,         22,        439,       10.1,        101,       5.05   , -0.0681025
          2,  387,        145,        444,       10.1,        101,       5.05   ,   -1.25197
          2,  388,        374,         17,       10.1,        101,       5.05   ,    1.38379
          2,  389,        701,        342,       10.1,        101,       5.05   ,   -1.20447
          2,  390,        230,        974,       10.1,        101,       5.05   , 0.00830702
          2,  391,        842,        463,       10.1,        101,       5.05   ,    1.09925
          2,  392,        603,        286,       10.1,        101,       5.05   ,     1.1353
          2,  393,        104,         88,       10.1,        101,       5.05   ,    1.10302
          2,  394,        770,        995,       10.1,        101,       5.05   ,   -1.49399
          2,  395,         30,        462,       10.1,        101,       5.05   ,    1.48043
          2,  396,        659,        176,       10.1,        101,       5.05   ,   0.448911
          2,  397,         42,        815,       10.1,        101,       5.05   ,   -1.13638
          2,  398,        840,        985,       10.1,        101,       5.05   ,   -1.10581
          2,  399,        633,        183,       10.1,        101,       5.05   ,   0.362852
          2,  400,        240,        848,       10.1,        101,       5.05   ,   0.227822
          2,  401,        514,        538,       10.1,        101,       5.05   ,  -0.794621
          2,  402,        977,        456,       10.1,        101,       5.05   ,  0.0443459
          2,  403,        718,         34,       10.1,        101,       5.05   ,   -1.25138
          2,  404,        998,        525,       10.1,        101,       5.05   ,  -0.783816
          2,  405,        632,        109,       10.1,        101,       5.05   ,   0.223907
          2,  406,        331,        412,       10.1,        101,       5.05   ,   0.683707
          2,  407,        969,        821,       10.1,        101,       5.05   ,   -1.15756
          2,  408,        528,        868,       10.1,        101,       5.05   ,    1.41769
          2,  409,        641,        402,       10.1,        101,       5.05   ,    1.25537
          2,  410,         30,        498,       10.1,        101,       5.05   ,   0.478539
          2,  411,        604,        265,       10.1,        101,       5.05   ,  -0.440333
          2,  412,         62,        389,       10.1,        101,       5.05   ,   0.649039
          2,  413,        445,        682,       10.1,        101,       5.05   ,    0.38403
          2,  414,         10,        506,       10.1,        101,       5.05   ,   -1.10579
          2,  415,        916,        937,       10.1,        101,       5.05   ,  -0.741532
          2,  416,        258,         97,       10.1,        101,       5.05   ,  -0.273333
          2,  417,        603,         33,       10.1,        101,       5.05   ,   0.700675
          2,  418,        426,        744,       10.1,        101,       5.05   ,  -0.234577
          2,  419,        681,        389,       10.1,        101,       5.05   ,    0.32749
          2,  420,        547,        553,       10.1,        101,       5.05   ,   -0.77403
          2,  421,        593,        360,       10.1,        101,       5.05   ,  -0.416732
          2,  422,        239,        538,       10.1,        101,       5.05   ,  -0.129771
          2,  423,        647,        992,       10.1,        101,       5.05   ,  -0.345252
          2,  424,        280,        159,       10.1,        101,       5.05   ,   0.939477
          2,  425,        805,        654,       10.1,        101,       5.05   ,  -0.253138
          2,  426,        648,        681,       10.1,        101,       5.05   ,  -0.848552
          2,  427,        445,        375,       10.1,        101,       5.05   ,  -0.100336
          2,  428,        784,        791,       10.1,        101,       5.05   ,   -1.37152
          2,  429,        817,        393,       10.1,        101,       5.05   ,  -0.759627
          2,  430,        627,        228,       10.1,        101,       5.05   ,  -0.378906
          2,  431,        452,        368,       10.1,        101,       5.05   ,   0.704311
          2,  432,        478,        596,       10.1,        101,       5.05   ,    1.10272
          2,  433,        918,        924,       10.1,        101,       5.05   ,    0.68498
          2,  434,        182,        975,       10.1,        101,       5.05   ,   -1.07223
          2,  435,         52,        872,       10.1,        101,       5.05   ,   0.950425
          2,  436,        989,        765,       10.1,        101,       5.05   ,   0.137022
          2,  437,        113,        718,       10.1,        101,       5.05   ,   -1.04237
          2,  438,        166,        464,       10.1,        101,       5.05   ,    1.16961
          2,  439,        817,        279,       10.1,        101,       5.05   ,   -1.23494
          2,  440,         84,        456,       10.1,        101,       5.05   ,   0.178159
          2,  441,        913,         12,       10.1,        101,       5.05   ,  -0.747758
          2,  442,        726,        769,       10.1,        101,       5.05   ,  -0.133807
          2,  443,        851,        771,       10.1,        101,       5.05   ,    1.09947
          2,  444,        242,        661,       10.1,        101,       5.05   ,  -0.995442
          2,  445,        279,        229,       10.1,        101,       5.05   ,   0.702075
          2,  446,        372,        459,       10.1,        101,       5.05   ,    0.51346
          2,  447,         47,        678,       10.1,        101,       5.05   ,    1.14797
          2,  448,         26,         90,       10.1,        101,       5.05   ,    1.11646
          2,  449,        970,        865,       10.1,        101,       5.05   ,   -1.56607
          2,  450,        449,        341,       10.1,        101,       5.05   ,   0.660327
          2,  451,        489,        298,       10.1,        101,       5.05   ,    1.09938
          2,  452,        226,         74,       10.1,        101,       5.05   ,  -0.938578
          2,  453,        406,        413,       10.1,        101,       5.05   ,  -0.758188
          2,  454,        838,        989,       10.1,        101,       5.05   ,   0.808112
          2,  455,        495,        462,       10.1,        101,       5.05   ,   -1.42405
          2,  456,         96,        215,       10.1,        101,       5.05   ,   -1.22729
          2,  457,        151,        130,       10.1,        101,       5.05   ,  -0.825383
          2,  458,        830,        801,       10.1,        101,       5.05   ,   0.150289
          2,  459,        666,        394,       10.1,        101,       5.05   ,   -1.29345
          2,  460,        567,        360,       10.1,        101,       5.05   ,  -0.339978
          2,  461,        717,        694,       10.1,        101,       5.05   ,  -0.693569
          2,  462,        917,        310,       10.1,        101,       5.05   ,   0.113015
          2,  463,        380,        529,       10.1,        101,       5.05   ,  0.0697094
          2,  464,        898,        993,       10.1,        101,       5.05   ,  -0.925401
          2,  465,        548,        441,       10.1,        101,       5.05   ,    1.01766
          2,  466,        279,         29,       10.1,        101,       5.05   ,   0.171329
          2,  467,        948,        785,       10.1,        101,       5.05   ,   -0.26368
          2,  468,        253,        623,       10.1,        101,       5.05   ,   -1.24927
          2,  469,        745,        727,       10.1,        101,       5.05   ,  -0.226888
          2,  470,         50,        881,       10.1,        101,       5.05   ,  -0.159717
          2,  471,        547,        363,       10.1,        101,       5.05   ,    1.34605
          2,  472,        147,        990,       10.1,        101,       5.05   ,   -0.99049
          2,  473,        221,        360,       10.1,        101,       5.05   ,  -0.792829
          2,  474,         13,        378,       10.1,        101,       5.05   ,  -0.292046
          2,  475,        336,        438,       10.1,        101,       5.05   ,   0.162651
          2,  476,        762,        846,       10.1,        101,       5.05   ,  -0.768385
          2,  477,        849,        664,       10.1,        101,       5.05   ,  -0.547681
          2,  478,        916,        295,       10.1,        101,       5.05   ,    1.04893
          2,  479,        956,        245,       10.1,        101,       5.05   ,  -0.026902
          2,  480,        773,        403,       10.1,        101,       5.05   ,   -1.34093
          2,  481,        409,        573,       10.1,        101,       5.05   ,    1.03584
          2,  482,        529,         81,       10.1,        101,       5.05   ,   -1.13084
          2,  483,        372,        416,       10.1,        101,       5.05   , -0.0996901
          2,  484,        427,        307,       10.1,        101,       5.05   ,   -1.17743
          2,  485,        271,        915,       10.1,        101,       5.05   , -0.0657572
          2,  486,         20,        478,       10.1,        101,       5.05   ,   -0.13587
          2,  487,         68,         24,       10.1,        101,       5.05   ,   0.462605
          2,  488,        677,        555,       10.1,        101,       5.05   ,   0.948578
          2,  489,        749,        865,       10.1,        101,       5.05   ,    1.21244
          2,  490,        616,        139,       10.1,        101,       5.05   ,   -1.55668
          2,  491,        354,        164,       10.1,        101,       5.05   ,   -1.28858
          2,  492,         26,        129,       10.1,        101,       5.05   ,    0.79233
          2,  493,        115,         85,       10.1,        101,       5.05   ,   0.553451
          2,  494,        344,        734,       10.1,        101,       5.05   ,    1.55728
          2,  495,        578,        876,       10.1,        101,       5.05   ,   -1.40394
          2,  496,        853,        215,       10.1,        101,       5.05   ,   0.152972
          2,  497,        453,        872,       10.1,        101,       5.05   ,  -0.238649
          2,  498,        986,        424,       10.1,        101,       5.05   ,   -1.02426
          2,  499,        607,        711,       10.1,        101,       5.05   ,   0.240568
          2,  500,        803,        287,       10.1,        101,       5.05   ,  -0.343358
          2,  501,        918,        778,       10.1,        101,       5.05   ,   -1.34984
          2,  502,        622,        183,       10.1,        101,       5.05   ,   0.413459
          2,  503,         68,        685,       10.1,        101,       5.05   ,  -0.337833
          2,  504,         90,        487,       10.1,        101,       5.05   ,  -0.376593
          2,  505,        350,          8,       10.1,        101,       5.05   ,   -1.26751
          2,  506,        350,        707,       10.1,        101,       5.05   ,  0.0369395
          2,  507,        811,        314,       10.1,        101,       5.05   ,    1.13597
          2,  508,        296,         66,       10.1,        101,       5.05   ,    1.03699
          2,  509,        913,        134,       10.1,        101,       5.05   ,   0.459659
          2,  510,        744,        645,       10.1,        101,       5.05   ,    -1.0346
          2,  511,        304,        344,       10.1,        101,       5.05   ,    1.27735
          2,  512,        434,        228,       10.1,        101,       5.05   ,    1.04601
          2,  513,        837,        342,       10.1,        101,       5.05   ,  -0.829015
          2,  514,        576,        442,       10.1,        101,       5.05   ,   -1.00881
          2,  515,        156,        982,       10.1,        101,       5.05   ,   0.545146
          2,  516,        444,        899,       10.1,        101,       5.05   ,   -1.42721
          2,  517,        820,        743,       10.1,        101,       5.05   ,  -0.971894
          2,  518,        991,        441,       10.1,        101,       5.05   ,   0.336986
          2,  519,        511,        615,       10.1,        101,       5.05   ,   -1.38666
          2,  520,        443,        145,       10.1,        101,       5.05   ,  -0.644084
          2,  521,        699,        170,       10.1,        101,       5.05   ,  -0.775953
          2,  522,        110,        550,       10.1,        101,       5.05   ,  -0.531677
          2,  523,         59,        685,       10.1,        101,       5.05   ,   -1.00482
          2,  524,        239,        742,       10.1,        101,       5.05   ,   -1.19742
          2,  525,        301,        772,       10.1,        101,       5.05   ,  -0.613746
          2,  526,        389,        835,       10.1,        101,       5.05   ,  -0.493155
          2,  527,         45,        168,       10.1,        101,       5.05   ,  -0.175108
          2,  528,         45,        358,       10.1,        101,       5.05   ,   -1.55272
          2,  529,        697,        117,       10.1,        101,       5.05   ,    1.40131
          2,  530,        166,        870,       10.1,        101,       5.05   ,   0.701326
          2,  531,        628,        370,       10.1,        101,       5.05   ,  -0.396876
          2,  532,        893,        356,       10.1,        101,       5.05   ,   0.513128
          2,  533,        840,        145,       10.1,        101,       5.05   ,  -0.604646
          2,  534,        578,        277,       10.1,        101,       5.05   ,  -0.443923
          2,  535,        144,        430,       10.1,        101,       5.05   ,   -1.39251
          2,  536,        236,        158,       10.1,        101,       5.05   ,   0.934199
          2,  537,        264,        138,       10.1,        101,       5.05   ,    1.48965
          2,  538,         18,        744,       10.1,        101,       5.05   ,   -0.85642
          2,  539,        279,        485,       10.1,        101,       5.05   ,   -1.54617
          2,  540,        285,        725,       10.1,        101,       5.05   ,   -1.45161
          2,  541,        311,        200,       10.1,        101,       5.05   ,    1.12447
          2,  542,        174,         32,       10.1,        101,       5.05   ,  0.0597891
          2,  543,        444,         79,       10.1,        101,       5.05   ,   -0.67997
          2,  544,        446,        767,       10.1,        101,       5.05   ,  -0.858192
          2,  545,        987,         46,       10.1,        101,       5.05   ,   0.406038
          2,  546,        460,        552,       10.1,        101,       5.05   ,  -0.894521
          2,  547,        903,        127,       10.1,        101,       5.05   ,    1.33655
          2,  548,        229,        776,       10.1,        101,       5.05   ,   -1.46603
          2,  549,        886,        729,       10.1,        101,       5.05   ,    1.17413
          2,  550,        110,        807,       10.1,        101,       5.05   ,    1.08526
          2,  551,        331,        755,       10.1,        101,       5.05   ,  -0.209698
          2,  552,        935,        665,       10.1,        101,       5.05   ,   -1.32524
          2,  553,        918,        557,       10.1,        101,       5.05   ,    1.31664
          2,  554,        470,        742,       10.1,        101,       5.05   ,   0.984257
          2,  555,        243,        671,       10.1,        101,       5.05   ,  -0.032046
          2,  556,        442,        203,       10.1,        101,       5.05   ,   0.190779
          2,  557,        299,        546,       10.1,        101,       5.05   , -0.0462251
          2,  558,        236,        820,       10.1,        101,       5.05   ,  -0.430565
          2,  559,        990,        783,       10.1,        101,       5.05   ,  -0.436785
          2,  560,        183,         46,       10.1,        101,       5.05   ,   0.286221
          2,  561,        275,        914,       10.1,        101,       5.05   ,  -0.772817
          2,  562,        393,         98,       10.1,        101,       5.05   ,    -1.4942
          2,  563,        104,        301,       10.1,        101,       5.05   ,   0.457386
          2,  564,         57,        919,       10.1,        101,       5.05   ,   -1.20043
          2,  565,        630,        546,       10.1,        101,       5.05   ,  -0.406725
          2,  566,        321,        274,       10.1,        101,       5.05   ,     1.3748
          2,  567,        947,         81,       10.1,        101,       5.05   ,   0.794564
          2,  568,        470,        413,       10.1,        101,       5.05   ,  -0.423124
          2,  569,         19,         90,       10.1,        101,       5.05   ,   -1.43317
          2,  570,        701,        943,       10.1,        101,       5.05   ,    -1.3224
          2,  571,        126,        456,       10.1,        101,       5.05   ,   -1.19908
          2,  572,        572,        288,       10.1,        101,       5.05   ,    1.49778
          2,  573,         89,         74,       10.1,        101,       5.05   ,  -0.735284
          2,  574,        290,        270,       10.1,        101,       5.05   ,   -1.21003
          2,  575,        170,        648,       10.1,        101,       5.05   ,   -1.56053
          2,  576,        947,         51,       10.1,        101,       5.05   ,   0.194256
          2,  577,         62,        654,       10.1,        101,       5.05   ,   -1.56438
          2,  578,        761,        788,       10.1,        101,       5.05   ,   0.541994
          2,  579,        119,         73,       10.1,        101,       5.05   ,   -1.06551
          2,  580,        621,        433,       10.1,        101,       5.05   ,   -1.05666
          2,  581,        678,        232,       10.1,        101,       5.05   ,   0.338483
          2,  582,        272,        792,       10.1,        101,       5.05   ,  -0.677756
          2,  583,        639,        386,       10.1,        101,       5.05   ,    1.08069
          2,  584,         67,        198,       10.1,        101,       5.05   ,   -1.50252
          2,  585,        263,        600,       10.1,        101,       5.05   ,  -0.473388
          2,  586,        157,        918,       10.1,        101,       5.05   ,   -1.34446
          2,  587,        624,        989,       10.1,        101,       5.05   ,   0.345332
          2,  588,        140,        174,       10.1,        101,       5.05   ,   0.174383
          2,  589,        428,        512,       10.1,        101,       5.05   ,    1.38056
          2,  590,        227,        613,       10.1,        101,       5.05   ,   -1.09898
          2,  591,        609,        743,       10.1,        101,       5.05   ,  -0.588952
          2,  592,        544,        123,       10.1,        101,       5.05   , -0.0245859
          2,  593,        719,        522,       10.1,        101,       5.05   ,  -0.254636
          2,  594,        694,        543,       10.1,        101,       5.05   ,   -1.04218
          2,  595,        943,        690,       10.1,        101,       5.05   ,  -0.585913
          2,  596,        202,        941,       10.1,        101,       5.05   ,  -0.705749
          2,  597,        269,         26,       10.1,        101,       5.05   ,   0.878204
          2,  598,        128,        110,       10.1,        101,       5.05   ,   0.597317
          2,  599,         80,        723,       10.1,        101,       5.05   ,    1.26183
          2,  600,        478,        584,       10.1,        101,       5.05   ,   0.683452
          2,  601,        428,        428,       10.1,        101,       5.05   ,  -0.679616
          2,  602,        940,         52,       10.1,        101,       5.05   ,   0.930479
          2,  603,        621,         72,       10.1,        101,       5.05   ,   -1.52784
          2,  604,        873,        678,       10.1,        101,       5.05   ,    0.13084
          2,  605,        834,         97,       10.1,        101,       5.05   ,    0.37628
          2,  606,        814,        224,       10.1,        101,       5.05   ,   0.805838
          2,  607,        707,        760,       10.1,        101,       5.05   ,    1.53613
          2,  608,        613,        822,       10.1,        101,       5.05   , -0.0492443
          2,  609,        769,        783,       10.1,        101,       5.05   ,    1.18081
          2,  610,        299,        732,       10.1,        101,       5.05   ,  -0.736773
          2,  611,        596,        268,       10.1,        101,       5.05   ,    1.56188
          2,  612,        156,        247,       10.1,        101,       5.05   ,   0.225977
          2,  613,        830,        909,       10.1,        101,       5.05   ,    1.04803
          2,  614,        253,        993,       10.1,        101,       5.05   ,   0.366048
          2,  615,        966,        122,       10.1,        101,       5.05   ,    0.43015
          2,  616,        280,        100,       10.1,        101,       5.05   ,   0.221909
          2,  617,        937,        812,       10.1,        101,       5.05   ,   -1.32436
          2,  618,        484,        451,       10.1,        101,       5.05   ,   0.370316
          2,  619,        871,        216,       10.1,        101,       5.05   ,   0.774988
          2,  620,        339,        992,       10.1,        101,       5.05   ,     1.0987
          2,  621,         75,        481,       10.1,        101,       5.05   ,   -1.43702
          2,  622,        294,        603,       10.1,        101,       5.05   ,  0.0739101
          2,  623,         25,         41,       10.1,        101,       5.05   ,    1.41648
          2,  624,        155,         85,       10.1,        101,       5.05   ,   -1.44735
          2,  625,        162,        302,       10.1,        101,       5.05   ,    1.14958
          2,  626,        819,        440,       10.1,        101,       5.05   ,    1.06775
          2,  627,        286,        204,       10.1,        101,       5.05   ,-0.00434859
          2,  628,        828,        903,       10.1,        101,       5.05   , -0.0571826
          2,  629,        944,        701,       10.1,        101,       5.05   ,   -1.46623
          2,  630,        139,        420,       10.1,        101,       5.05   ,   -1.45568
          2,  631,        418,        373,       10.1,        101,       5.05   ,   -1.01002
          2,  632,        183,        468,       10.1,        101,       5.05   ,   0.680068
          2,  633,        862,        845,       10.1,        101,       5.05   ,   -1.01581
          2,  634,        769,        509,       10.1,        101,       5.05   ,   -1.02661
          2,  635,        806,        253,       10.1,        101,       5.05   ,   -1.23645
          2,  636,        623,        649,       10.1,        101,       5.05   ,  -0.357525
          2,  637,        840,        166,       10.1,        101,       5.05   ,   0.139805
          2,  638,        860,        916,       10.1,        101,       5.05   ,  -0.642481
          2,  639,        902,        539,       10.1,        101,       5.05   ,  -0.123276
          2,  640,        816,        663,       10.1,        101,       5.05   ,   -0.70698
          2,  641,        466,        475,       10.1,        101,       5.05   ,  -0.630211
          2,  642,        512,        752,       10.1,        101,       5.05   ,  -0.304814
          2,  643,         84,        876,       10.1,        101,       5.05   ,   -0.81742
          2,  644,        472,        613,       10.1,        101,       5.05   ,  -0.906844
          2,  645,        479,        269,       10.1,        101,       5.05   ,   0.929739
          2,  646,        564,        146,       10.1,        101,       5.05   , -0.0517437
          2,  647,        904,        886,       10.1,        101,       5.05   ,   -1.46562
          2,  648,         56,        210,       10.1,        101,       5.05   ,   0.547933
          2,  649,        589,        687,       10.1,        101,       5.05   ,   0.960298
          2,  650,        400,        607,       10.1,        101,       5.05   ,   0.489577
          2,  651,         28,        331,       10.1,        101,       5.05   ,    1.28395
          2,  652,         29,        235,       10.1,        101,       5.05   ,    1.56627
------------------------------------------------------------------------------
Component[2] Total Sloped Parallelepiped = 652