Component 2 maximum area=0.323322 [on 1000x1000]
Component type: Sloped rectangle
---------------------------------------------------------------------------------------
--------------|------- Center-----|----- dimensions---------|----------------------
component| id|    X       |     Y      |  Width/a     | height/b |   hoop   |   Slope   
---------------------------------------------------------------------------------------
          2,    1,        192,        613,       10.1,        101,       5.05   ,   0.120661
          2,    2,         91,        251,       10.1,        101,       5.05   ,    1.51416
          2,    3,        880,        188,       10.1,        101,       5.05   ,    1.55451
          2,    4,        529,        123,       10.1,        101,       5.05   ,       1.14
          2,    5,        137,        696,       10.1,        101,       5.05   ,   0.376581
          2,    6,        898,        409,       10.1,        101,       5.05   ,   0.824419
          2,    7,         69,        368,       10.1,        101,       5.05   ,    0.66963
          2,    8,        496,        863,       10.1,        101,       5.05   , -0.0743731
          2,    9,        811,        756,       10.1,        101,       5.05   ,   0.788052
          2,   10,        912,        271,       10.1,        101,       5.05   ,  -0.949223
          2,   11,        832,        939,       10.1,        101,       5.05   ,    1.49619
          2,   12,        839,        461,       10.1,        101,       5.05   ,    1.26585
          2,   13,        940,        218,       10.1,        101,       5.05   ,   0.226124
          2,   14,        246,        423,       10.1,        101,       5.05   ,   -1.01056
          2,   15,        524,        797,       10.1,        101,       5.05   ,   0.525827
          2,   16,        445,        619,       10.1,        101,       5.05   ,   0.798287
          2,   17,        976,        411,       10.1,        101,       5.05   ,-0.00281344
          2,   18,        615,        855,       10.1,        101,       5.05   ,   -1.09296
          2,   19,        562,        502,       10.1,        101,       5.05   ,   -1.18579
          2,   20,        127,        921,       10.1,        101,       5.05   ,    1.28411
          2,   21,        509,        883,       10.1,        101,       5.05   ,    0.60747
          2,   22,        157,        957,       10.1,        101,       5.05   ,   -0.34111
          2,   23,        132,        677,       10.1,        101,       5.05   ,  -0.689585
          2,   24,        820,        717,       10.1,        101,       5.05   ,    0.29857
          2,   25,        829,        285,       10.1,        101,       5.05   ,   0.361779
          2,   26,        461,        416,       10.1,        101,       5.05   ,    1.41399
          2,   27,        556,        111,       10.1,        101,       5.05   ,    0.32912
          2,   28,         50,        123,       10.1,        101,       5.05   ,  -0.677974
          2,   29,        467,        224,       10.1,        101,       5.05   ,   -1.53223
          2,   30,        851,        635,       10.1,        101,       5.05   ,    1.54115
          2,   31,        849,        821,       10.1,        101,       5.05   ,   -1.24522
          2,   32,        910,        249,       10.1,        101,       5.05   ,    1.32053
          2,   33,        262,          4,       10.1,        101,       5.05   ,   0.885507
          2,   34,         14,         31,       10.1,        101,       5.05   ,    1.27225
          2,   35,        730,        753,       10.1,        101,       5.05   ,  -0.121949
          2,   36,        504,        488,       10.1,        101,       5.05   ,   -1.22165
          2,   37,        169,        344,       10.1,        101,       5.05   ,    1.49129
          2,   38,        507,        844,       10.1,        101,       5.05   ,  -0.647048
          2,   39,        468,         49,       10.1,        101,       5.05   ,  -0.784703
          2,   40,        498,        271,       10.1,        101,       5.05   ,   -1.42334
          2,   41,        681,         34,       10.1,        101,       5.05   ,   0.529072
          2,   42,        971,        585,       10.1,        101,       5.05   ,   0.892944
          2,   43,        510,        832,       10.1,        101,       5.05   ,    1.19536
          2,   44,        321,        747,       10.1,        101,       5.05   ,  -0.803577
          2,   45,        902,        196,       10.1,        101,       5.05   ,   0.317599
          2,   46,        130,        887,       10.1,        101,       5.05   ,   -1.42058
          2,   47,         53,        485,       10.1,        101,       5.05   ,  -0.453787
          2,   48,        671,        802,       10.1,        101,       5.05   ,  -0.917304
          2,   49,        246,        342,       10.1,        101,       5.05   ,   -1.51867
          2,   50,        863,        994,       10.1,        101,       5.05   ,   -1.10459
          2,   51,        931,        816,       10.1,        101,       5.05   ,  -0.583344
          2,   52,        647,        534,       10.1,        101,       5.05   ,   0.819604
          2,   53,         84,        305,       10.1,        101,       5.05   ,  -0.323412
          2,   54,        315,        274,       10.1,        101,       5.05   , 0.00563808
          2,   55,        835,        334,       10.1,        101,       5.05   ,    1.52483
          2,   56,        287,        297,       10.1,        101,       5.05   ,    -1.3337
          2,   57,        824,        493,       10.1,        101,       5.05   ,    1.44214
          2,   58,        415,        788,       10.1,        101,       5.05   ,  -0.344731
          2,   59,        155,        513,       10.1,        101,       5.05   ,  -0.790977
          2,   60,        832,        353,       10.1,        101,       5.05   ,   -0.99131
          2,   61,        225,        723,       10.1,        101,       5.05   ,  -0.818087
          2,   62,        612,        990,       10.1,        101,       5.05   ,   -1.21716
          2,   63,        290,        617,       10.1,        101,       5.05   ,   0.145879
          2,   64,        965,        603,       10.1,        101,       5.05   ,  -0.961546
          2,   65,        823,        659,       10.1,        101,       5.05   ,   0.617675
          2,   66,        839,        997,       10.1,        101,       5.05   ,   -1.15854
          2,   67,        540,        924,       10.1,        101,       5.05   ,    1.23964
          2,   68,        932,        451,       10.1,        101,       5.05   ,    1.50928
          2,   69,        779,        794,       10.1,        101,       5.05   , -0.0666194
          2,   70,         48,        807,       10.1,        101,       5.05   ,  -0.983281
          2,   71,        517,        729,       10.1,        101,       5.05   ,-0.00699418
          2,   72,        227,        270,       10.1,        101,       5.05   ,   0.396223
          2,   73,        482,        393,       10.1,        101,       5.05   ,   -1.00439
          2,   74,         41,        615,       10.1,        101,       5.05   ,    1.39769
          2,   75,        851,        102,       10.1,        101,       5.05   ,   -1.47228
          2,   76,        923,        705,       10.1,        101,       5.05   ,-0.000921805
          2,   77,        576,        552,       10.1,        101,       5.05   ,    1.17985
          2,   78,        626,        515,       10.1,        101,       5.05   ,    -1.3204
          2,   79,        321,        576,       10.1,        101,       5.05   ,  0.0587998
          2,   80,        381,        871,       10.1,        101,       5.05   ,  -0.453212
          2,   81,        844,        649,       10.1,        101,       5.05   ,   0.805833
          2,   82,         61,        118,       10.1,        101,       5.05   ,  -0.872908
          2,   83,        166,        238,       10.1,        101,       5.05   ,   0.645899
          2,   84,        798,        305,       10.1,        101,       5.05   ,  0.0176948
          2,   85,        306,        457,       10.1,        101,       5.05   ,  -0.570654
          2,   86,        343,        890,       10.1,        101,       5.05   ,   0.292222
          2,   87,        175,        139,       10.1,        101,       5.05   ,  -0.872344
          2,   88,        665,        564,       10.1,        101,       5.05   ,     1.1077
          2,   89,        529,        105,       10.1,        101,       5.05   ,  -0.608806
          2,   90,        590,        541,       10.1,        101,       5.05   ,  0.0258063
          2,   91,        979,        128,       10.1,        101,       5.05   ,  -0.211554
          2,   92,        794,        368,       10.1,        101,       5.05   ,    1.17122
          2,   93,         90,         23,       10.1,        101,       5.05   ,    1.01451
          2,   94,         33,        491,       10.1,        101,       5.05   ,   -0.26843
          2,   95,        934,        369,       10.1,        101,       5.05   ,   -0.76107
          2,   96,        604,        495,       10.1,        101,       5.05   ,  -0.733072
          2,   97,         26,        773,       10.1,        101,       5.05   ,  -0.537999
          2,   98,        502,        775,       10.1,        101,       5.05   ,  -0.836691
          2,   99,        276,        751,       10.1,        101,       5.05   ,   -0.76314
          2,  100,        686,        966,       10.1,        101,       5.05   ,  -0.364313
          2,  101,        346,        259,       10.1,        101,       5.05   ,  -0.120791
          2,  102,         88,        821,       10.1,        101,       5.05   ,   0.330332
          2,  103,        893,        944,       10.1,        101,       5.05   ,   0.274588
          2,  104,        889,        737,       10.1,        101,       5.05   ,  -0.309452
          2,  105,        402,        618,       10.1,        101,       5.05   ,    1.40748
          2,  106,        847,        135,       10.1,        101,       5.05   ,  -0.566385
          2,  107,        917,        322,       10.1,        101,       5.05   ,  -0.169961
          2,  108,         44,        900,       10.1,        101,       5.05   ,   -0.58433
          2,  109,        434,        940,       10.1,        101,       5.05   ,    0.27251
          2,  110,        153,        473,       10.1,        101,       5.05   ,   -1.20927
          2,  111,        852,        863,       10.1,        101,       5.05   ,   0.297993
          2,  112,        884,        270,       10.1,        101,       5.05   , -0.0958741
          2,  113,        911,        937,       10.1,        101,       5.05   ,   0.010267
          2,  114,        107,        152,       10.1,        101,       5.05   ,    1.04586
          2,  115,        299,        839,       10.1,        101,       5.05   ,     1.1491
          2,  116,        180,        186,       10.1,        101,       5.05   ,    0.50394
          2,  117,        599,         29,       10.1,        101,       5.05   ,   0.368266
          2,  118,        574,        672,       10.1,        101,       5.05   ,    1.40677
          2,  119,        503,        490,       10.1,        101,       5.05   ,   0.455853
          2,  120,        996,        628,       10.1,        101,       5.05   ,  -0.886072
          2,  121,        489,         25,       10.1,        101,       5.05   ,    1.43882
          2,  122,         75,         27,       10.1,        101,       5.05   ,   0.427339
          2,  123,        542,        185,       10.1,        101,       5.05   ,   -1.54188
          2,  124,        901,        847,       10.1,        101,       5.05   ,   -1.33874
          2,  125,        887,        463,       10.1,        101,       5.05   ,   -1.23559
          2,  126,         13,        213,       10.1,        101,       5.05   ,   0.225667
          2,  127,        152,         27,       10.1,        101,       5.05   ,    1.20052
          2,  128,        132,        706,       10.1,        101,       5.05   ,  -0.493342
          2,  129,        393,        907,       10.1,        101,       5.05   ,   0.868252
          2,  130,        740,        190,       10.1,        101,       5.05   ,    1.12716
          2,  131,        870,         80,       10.1,        101,       5.05   ,    1.16457
          2,  132,        482,        964,       10.1,        101,       5.05   ,  0.0494323
          2,  133,        273,        919,       10.1,        101,       5.05   ,   -1.33522
          2,  134,        733,        433,       10.1,        101,       5.05   ,  -0.136233
          2,  135,        926,        175,       10.1,        101,       5.05   ,   -1.14013
          2,  136,         17,        536,       10.1,        101,       5.05   ,  -0.284387
          2,  137,        500,        233,       10.1,        101,       5.05   ,  -0.893191
          2,  138,        328,        636,       10.1,        101,       5.05   ,  -0.621398
          2,  139,        566,        510,       10.1,        101,       5.05   ,    1.15883
          2,  140,        243,        529,       10.1,        101,       5.05   ,     1.2132
          2,  141,        322,        769,       10.1,        101,       5.05   ,   0.319327
          2,  142,        178,         60,       10.1,        101,       5.05   ,   0.700732
          2,  143,        939,        640,       10.1,        101,       5.05   ,   -1.38734
          2,  144,         13,         55,       10.1,        101,       5.05   ,   0.358927
          2,  145,        190,        634,       10.1,        101,       5.05   ,   -1.47861
          2,  146,        879,        717,       10.1,        101,       5.05   ,   -1.53003
          2,  147,        723,        133,       10.1,        101,       5.05   ,     -1.277
          2,  148,        857,        670,       10.1,        101,       5.05   ,   -0.17634
          2,  149,        241,        836,       10.1,        101,       5.05   ,   0.144089
          2,  150,        496,        853,       10.1,        101,       5.05   ,  -0.131864
          2,  151,        512,        770,       10.1,        101,       5.05   ,    1.29893
          2,  152,        834,        168,       10.1,        101,       5.05   ,   -0.24071
          2,  153,        549,        220,       10.1,        101,       5.05   ,   -1.46188
          2,  154,        549,        806,       10.1,        101,       5.05   ,  -0.582235
          2,  155,        610,         33,       10.1,        101,       5.05   ,   0.522412
          2,  156,        598,        178,       10.1,        101,       5.05   ,   0.639481
          2,  157,        883,        352,       10.1,        101,       5.05   ,      1.047
          2,  158,        216,        586,       10.1,        101,       5.05   ,  -0.321973
          2,  159,        113,         73,       10.1,        101,       5.05   ,   0.492756
          2,  160,        306,        584,       10.1,        101,       5.05   ,  -0.848513
          2,  161,        438,        285,       10.1,        101,       5.05   ,    1.44018
          2,  162,        440,        947,       10.1,        101,       5.05   ,   0.404261
          2,  163,        120,        939,       10.1,        101,       5.05   ,   0.956828
          2,  164,        935,        702,       10.1,        101,       5.05   ,   0.667562
          2,  165,        198,        511,       10.1,        101,       5.05   ,   0.183953
          2,  166,        668,         72,       10.1,        101,       5.05   ,   0.455557
          2,  167,        931,        439,       10.1,        101,       5.05   ,   0.261581
          2,  168,        410,        997,       10.1,        101,       5.05   ,    1.21251
          2,  169,        146,        345,       10.1,        101,       5.05   ,  -0.317704
          2,  170,        941,        996,       10.1,        101,       5.05   ,  -0.879528
          2,  171,        664,        652,       10.1,        101,       5.05   ,   -1.37217
          2,  172,          3,        635,       10.1,        101,       5.05   ,   -1.26708
          2,  173,        735,        746,       10.1,        101,       5.05   ,  -0.080555
          2,  174,        553,        615,       10.1,        101,       5.05   ,  -0.307438
          2,  175,        104,        921,       10.1,        101,       5.05   ,  -0.730387
          2,  176,        140,        225,       10.1,        101,       5.05   ,  -0.334939
          2,  177,        103,        916,       10.1,        101,       5.05   ,     1.5017
          2,  178,        562,        998,       10.1,        101,       5.05   ,   0.999118
          2,  179,        153,        310,       10.1,        101,       5.05   ,  -0.808527
          2,  180,        577,        785,       10.1,        101,       5.05   ,  -0.061687
          2,  181,         15,        312,       10.1,        101,       5.05   ,   0.432918
          2,  182,        523,        575,       10.1,        101,       5.05   ,   0.319434
          2,  183,        240,        920,       10.1,        101,       5.05   ,    1.48961
          2,  184,        310,        411,       10.1,        101,       5.05   ,    0.87017
          2,  185,        433,         84,       10.1,        101,       5.05   ,  -0.452417
          2,  186,        687,        350,       10.1,        101,       5.05   ,   0.201584
          2,  187,        280,        106,       10.1,        101,       5.05   ,    1.03662
          2,  188,        741,        130,       10.1,        101,       5.05   ,  -0.260963
          2,  189,        458,        386,       10.1,        101,       5.05   ,   0.568883
          2,  190,        695,        335,       10.1,        101,       5.05   ,  -0.329375
          2,  191,        656,        153,       10.1,        101,       5.05   ,  -0.353256
          2,  192,         52,        635,       10.1,        101,       5.05   ,   0.265855
          2,  193,        763,        276,       10.1,        101,       5.05   ,    1.06106
          2,  194,         27,        515,       10.1,        101,       5.05   ,   0.904847
          2,  195,        261,        790,       10.1,        101,       5.05   ,   0.857315
          2,  196,        687,         85,       10.1,        101,       5.05   ,  -0.909419
          2,  197,        667,        447,       10.1,        101,       5.05   ,   -1.00537
          2,  198,        634,        937,       10.1,        101,       5.05   ,   0.406785
          2,  199,        277,        868,       10.1,        101,       5.05   ,     1.0425
          2,  200,        335,        672,       10.1,        101,       5.05   ,     1.5508
          2,  201,        864,        204,       10.1,        101,       5.05   ,  -0.386202
          2,  202,        778,         61,       10.1,        101,       5.05   ,  -0.484232
          2,  203,        109,        320,       10.1,        101,       5.05   ,   0.549043
          2,  204,        543,        482,       10.1,        101,       5.05   ,    0.23532
          2,  205,        573,        626,       10.1,        101,       5.05   ,  -0.238619
          2,  206,        362,        334,       10.1,        101,       5.05   ,   -1.54326
          2,  207,        305,        534,       10.1,        101,       5.05   , -0.0508332
          2,  208,        931,        713,       10.1,        101,       5.05   ,  -0.693665
          2,  209,        292,        229,       10.1,        101,       5.05   ,    1.38258
          2,  210,        153,         12,       10.1,        101,       5.05   ,   -1.15553
          2,  211,        474,         58,       10.1,        101,       5.05   ,   -1.00212
          2,  212,        753,        517,       10.1,        101,       5.05   ,   0.634937
          2,  213,         74,        639,       10.1,        101,       5.05   ,   -1.32003
          2,  214,         57,        172,       10.1,        101,       5.05   ,   0.430605
          2,  215,        938,        222,       10.1,        101,       5.05   ,   -1.34424
          2,  216,        765,        657,       10.1,        101,       5.05   ,   0.261223
          2,  217,        103,        809,       10.1,        101,       5.05   ,    -1.4052
          2,  218,        484,        695,       10.1,        101,       5.05   ,  0.0272646
          2,  219,        683,        222,       10.1,        101,       5.05   ,   0.033838
          2,  220,        790,         40,       10.1,        101,       5.05   ,  -0.312618
          2,  221,        395,        247,       10.1,        101,       5.05   ,    1.09035
          2,  222,        331,        393,       10.1,        101,       5.05   ,  -0.852492
          2,  223,        962,        565,       10.1,        101,       5.05   ,   0.603774
          2,  224,        289,        962,       10.1,        101,       5.05   ,  -0.146409
          2,  225,        126,        683,       10.1,        101,       5.05   ,   -1.12607
          2,  226,          8,        692,       10.1,        101,       5.05   ,  -0.604499
          2,  227,        644,        753,       10.1,        101,       5.05   ,   -1.37418
          2,  228,        575,        639,       10.1,        101,       5.05   ,   0.493753
          2,  229,        353,        228,       10.1,        101,       5.05   ,   0.222096
          2,  230,        655,        460,       10.1,        101,       5.05   ,  -0.535731
          2,  231,        810,        362,       10.1,        101,       5.05   ,   -1.49887
          2,  232,        154,        758,       10.1,        101,       5.05   ,     1.4515
          2,  233,        602,        250,       10.1,        101,       5.05   ,   0.749588
          2,  234,        805,        120,       10.1,        101,       5.05   ,    1.09071
          2,  235,        833,        973,       10.1,        101,       5.05   ,   0.657422
          2,  236,        355,        444,       10.1,        101,       5.05   ,     1.4654
          2,  237,        712,        683,       10.1,        101,       5.05   ,  -0.843389
          2,  238,        190,        822,       10.1,        101,       5.05   ,  0.0220482
          2,  239,        105,        758,       10.1,        101,       5.05   ,   0.327044
          2,  240,        548,        690,       10.1,        101,       5.05   ,   -1.47463
          2,  241,        350,        398,       10.1,        101,       5.05   ,    1.03682
          2,  242,        968,        304,       10.1,        101,       5.05   ,   0.768861
          2,  243,        857,        201,       10.1,        101,       5.05   ,    1.15833
          2,  244,         44,          5,       10.1,        101,       5.05   ,  -0.809467
          2,  245,        105,        170,       10.1,        101,       5.05   ,    0.69465
          2,  246,         40,        299,       10.1,        101,       5.05   , -0.0463162
          2,  247,         95,        516,       10.1,        101,       5.05   ,   0.702121
          2,  248,        372,        180,       10.1,        101,       5.05   ,  -0.364394
          2,  249,        154,        442,       10.1,        101,       5.05   ,    1.32635
          2,  250,        129,        992,       10.1,        101,       5.05   ,  -0.284193
          2,  251,          6,        463,       10.1,        101,       5.05   ,   0.824923
          2,  252,        320,        589,       10.1,        101,       5.05   ,   -1.09976
          2,  253,        186,        877,       10.1,        101,       5.05   ,    1.19853
          2,  254,        225,        610,       10.1,        101,       5.05   ,    0.56806
          2,  255,        350,        280,       10.1,        101,       5.05   ,   -0.24347
          2,  256,        902,        139,       10.1,        101,       5.05   ,   -1.26321
          2,  257,        676,        558,       10.1,        101,       5.05   ,    1.03953
          2,  258,         45,        310,       10.1,        101,       5.05   ,  -0.586566
          2,  259,        952,        503,       10.1,        101,       5.05   ,    1.31166
          2,  260,          3,        663,       10.1,        101,       5.05   ,    1.00298
          2,  261,        658,        751,       10.1,        101,       5.05   ,   0.733459
          2,  262,        642,        964,       10.1,        101,       5.05   ,   0.834791
          2,  263,        407,        604,       10.1,        101,       5.05   ,   -1.50842
          2,  264,         77,        700,       10.1,        101,       5.05   ,  -0.880915
          2,  265,        310,        522,       10.1,        101,       5.05   ,-0.00848942
          2,  266,        190,        467,       10.1,        101,       5.05   ,  -0.770015
          2,  267,        856,        469,       10.1,        101,       5.05   ,  -0.194972
          2,  268,        121,        941,       10.1,        101,       5.05   ,    1.25461
          2,  269,        528,        246,       10.1,        101,       5.05   ,   0.719143
          2,  270,        664,        432,       10.1,        101,       5.05   ,    1.43101
          2,  271,        714,        502,       10.1,        101,       5.05   ,   0.770876
          2,  272,        761,        230,       10.1,        101,       5.05   ,   0.990471
          2,  273,        856,         49,       10.1,        101,       5.05   ,   -1.26048
          2,  274,        156,        386,       10.1,        101,       5.05   ,  -0.166639
          2,  275,        383,        818,       10.1,        101,       5.05   ,     0.2962
          2,  276,        949,        467,       10.1,        101,       5.05   ,    1.04969
          2,  277,        913,        230,       10.1,        101,       5.05   ,  -0.479398
          2,  278,        953,         66,       10.1,        101,       5.05   ,  -0.109553
          2,  279,         44,        607,       10.1,        101,       5.05   ,   0.198315
          2,  280,        908,        662,       10.1,        101,       5.05   ,   0.491222
          2,  281,        463,         68,       10.1,        101,       5.05   ,    1.24128
          2,  282,        757,        832,       10.1,        101,       5.05   ,  -0.588231
          2,  283,        743,         81,       10.1,        101,       5.05   ,   0.304876
          2,  284,        774,        238,       10.1,        101,       5.05   ,    1.35491
          2,  285,        612,        352,       10.1,        101,       5.05   ,  -0.617255
          2,  286,         72,        571,       10.1,        101,       5.05   ,   -1.31023
          2,  287,        209,        936,       10.1,        101,       5.05   ,    0.42053
          2,  288,        772,        461,       10.1,        101,       5.05   ,  -0.663362
          2,  289,        177,         78,       10.1,        101,       5.05   ,  -0.595683
          2,  290,        417,        100,       10.1,        101,       5.05   ,   -1.39319
          2,  291,        531,        824,       10.1,        101,       5.05   ,   -1.56724
          2,  292,        590,        899,       10.1,        101,       5.05   ,     1.4249
          2,  293,        573,         52,       10.1,        101,       5.05   ,    1.19116
          2,  294,        283,        552,       10.1,        101,       5.05   ,  0.0385386
          2,  295,        347,        799,       10.1,        101,       5.05   ,   0.440852
          2,  296,        707,        443,       10.1,        101,       5.05   ,   0.419727
          2,  297,        732,        823,       10.1,        101,       5.05   ,   0.330265
          2,  298,        613,        688,       10.1,        101,       5.05   ,   0.945152
          2,  299,        971,        122,       10.1,        101,       5.05   ,  -0.591947
          2,  300,        282,        502,       10.1,        101,       5.05   ,  -0.623458
          2,  301,        311,        715,       10.1,        101,       5.05   ,  0.0733939
          2,  302,        294,        666,       10.1,        101,       5.05   ,    1.15172
          2,  303,        333,        265,       10.1,        101,       5.05   ,   -1.16017
          2,  304,        522,        782,       10.1,        101,       5.05   ,    1.16769
          2,  305,        533,        383,       10.1,        101,       5.05   ,    1.18854
          2,  306,        713,        916,       10.1,        101,       5.05   ,     1.4381
          2,  307,         37,        832,       10.1,        101,       5.05   ,  0.0329213
          2,  308,        827,        707,       10.1,        101,       5.05   ,   -1.30307
          2,  309,        919,        291,       10.1,        101,       5.05   ,    1.54513
          2,  310,        968,        410,       10.1,        101,       5.05   ,   0.735688
          2,  311,        833,        867,       10.1,        101,       5.05   ,   0.323802
          2,  312,        149,        883,       10.1,        101,       5.05   ,     1.0678
          2,  313,        507,        236,       10.1,        101,       5.05   ,   -1.05871
          2,  314,        248,        856,       10.1,        101,       5.05   ,  -0.212099
          2,  315,        389,         42,       10.1,        101,       5.05   ,   -1.30873
          2,  316,        823,        169,       10.1,        101,       5.05   ,  -0.469079
          2,  317,        109,        437,       10.1,        101,       5.05   ,  -0.356076
          2,  318,        427,        834,       10.1,        101,       5.05   ,   0.684007
          2,  319,        793,        553,       10.1,        101,       5.05   ,   0.968006
          2,  320,         68,        786,       10.1,        101,       5.05   ,    1.32739
          2,  321,        797,        538,       10.1,        101,       5.05   ,   0.179463
          2,  322,        906,        376,       10.1,        101,       5.05   ,   -1.09748
          2,  323,        870,        498,       10.1,        101,       5.05   ,  -0.420644
          2,  324,        398,        818,       10.1,        101,       5.05   ,  -0.817555
          2,  325,         79,        131,       10.1,        101,       5.05   ,   0.659853
          2,  326,        770,        601,       10.1,        101,       5.05   ,    0.29633
          2,  327,        244,        378,       10.1,        101,       5.05   ,-0.00788711
          2,  328,        559,        455,       10.1,        101,       5.05   ,   -1.36523
          2,  329,        792,        487,       10.1,        101,       5.05   ,   -1.09184
          2,  330,        119,        721,       10.1,        101,       5.05   ,    1.39657
          2,  331,        343,        208,       10.1,        101,       5.05   ,    1.07907
          2,  332,        506,         53,       10.1,        101,       5.05   , -0.0891437
          2,  333,        401,        766,       10.1,        101,       5.05   ,   0.726568
          2,  334,        525,         34,       10.1,        101,       5.05   ,  -0.206557
          2,  335,        672,        891,       10.1,        101,       5.05   ,   -1.48474
          2,  336,        489,         73,       10.1,        101,       5.05   ,   0.876901
          2,  337,        339,        840,       10.1,        101,       5.05   ,    1.03508
          2,  338,        594,        417,       10.1,        101,       5.05   ,    1.32375
          2,  339,        196,        794,       10.1,        101,       5.05   ,    -1.2744
          2,  340,         46,        611,       10.1,        101,       5.05   ,  -0.180797
          2,  341,        122,        333,       10.1,        101,       5.05   ,   -1.10524
          2,  342,          1,        338,       10.1,        101,       5.05   ,   0.144098
          2,  343,        236,        111,       10.1,        101,       5.05   ,  -0.668608
          2,  344,        495,        333,       10.1,        101,       5.05   ,  -0.943232
          2,  345,        338,        246,       10.1,        101,       5.05   ,   -1.09641
          2,  346,        422,        139,       10.1,        101,       5.05   ,  -0.211851
          2,  347,        738,        573,       10.1,        101,       5.05   ,   -1.45766
          2,  348,        850,        402,       10.1,        101,       5.05   ,   0.875014
          2,  349,        168,        410,       10.1,        101,       5.05   ,   -0.65001
          2,  350,        538,        299,       10.1,        101,       5.05   ,   0.561078
          2,  351,        351,        239,       10.1,        101,       5.05   ,   0.796487
          2,  352,        196,         90,       10.1,        101,       5.05   ,  -0.792509
          2,  353,        652,         76,       10.1,        101,       5.05   ,   -0.15095
          2,  354,        528,        459,       10.1,        101,       5.05   ,   0.459641
          2,  355,         53,        996,       10.1,        101,       5.05   ,  -0.318625
          2,  356,        356,        335,       10.1,        101,       5.05   ,    0.83449
          2,  357,        894,        471,       10.1,        101,       5.05   ,  -0.761722
          2,  358,        432,        285,       10.1,        101,       5.05   ,   0.529143
          2,  359,         23,        753,       10.1,        101,       5.05   ,    1.42188
          2,  360,        205,         12,       10.1,        101,       5.05   ,  -0.983574
          2,  361,        952,        194,       10.1,        101,       5.05   ,    1.20177
          2,  362,        956,        858,       10.1,        101,       5.05   ,   0.559631
          2,  363,        611,        355,       10.1,        101,       5.05   ,    1.54097
          2,  364,         50,        609,       10.1,        101,       5.05   ,   -1.15666
          2,  365,        183,        529,       10.1,        101,       5.05   ,   -1.27719
          2,  366,         43,        888,       10.1,        101,       5.05   ,  -0.195148
          2,  367,        996,        943,       10.1,        101,       5.05   ,  0.0835383
          2,  368,        346,        259,       10.1,        101,       5.05   ,  -0.752112
          2,  369,        960,        897,       10.1,        101,       5.05   ,   0.219699
          2,  370,        805,        779,       10.1,        101,       5.05   ,    1.45826
          2,  371,        477,        296,       10.1,        101,       5.05   ,     1.2111
          2,  372,        450,        484,       10.1,        101,       5.05   ,   0.615735
          2,  373,        671,        634,       10.1,        101,       5.05   ,   0.434579
          2,  374,        347,        377,       10.1,        101,       5.05   ,    1.16971
          2,  375,        161,        396,       10.1,        101,       5.05   ,   -1.22513
          2,  376,        241,        103,       10.1,        101,       5.05   ,   0.659569
          2,  377,        505,        607,       10.1,        101,       5.05   ,  -0.192845
          2,  378,        176,        165,       10.1,        101,       5.05   ,   0.375666
          2,  379,        707,        236,       10.1,        101,       5.05   ,   0.263629
          2,  380,        464,        752,       10.1,        101,       5.05   ,     1.3076
          2,  381,        523,         75,       10.1,        101,       5.05   ,    1.30281
          2,  382,        208,        861,       10.1,        101,       5.05   ,   -1.27418
          2,  383,         38,        458,       10.1,        101,       5.05   ,   -1.20052
          2,  384,        640,        873,       10.1,        101,       5.05   ,    1.31568
          2,  385,        742,        871,       10.1,        101,       5.05   ,  -0.392795
          2,  386,         70,        823,       10.1,        101,       5.05   ,    1.49368
          2,  387,         91,        797,       10.1,        101,       5.05   ,  -0.613541
          2,  388,        904,        788,       10.1,        101,       5.05   , -0.0568873
          2,  389,        792,        569,       10.1,        101,       5.05   ,    1.02995
          2,  390,          7,        482,       10.1,        101,       5.05   ,  -0.137743
          2,  391,        832,        961,       10.1,        101,       5.05   ,   0.650793
          2,  392,        251,        985,       10.1,        101,       5.05   ,   0.346687
          2,  393,         37,        897,       10.1,        101,       5.05   ,   0.699997
          2,  394,        403,        654,       10.1,        101,       5.05   ,  -0.623272
          2,  395,        617,        953,       10.1,        101,       5.05   ,  -0.742347
          2,  396,        689,        246,       10.1,        101,       5.05   ,     1.3898
          2,  397,        247,        936,       10.1,        101,       5.05   ,  -0.960016
          2,  398,        397,        929,       10.1,        101,       5.05   ,   0.186227
          2,  399,        920,        910,       10.1,        101,       5.05   ,  -0.106837
          2,  400,         48,        748,       10.1,        101,       5.05   ,    1.08544
          2,  401,        189,        166,       10.1,        101,       5.05   ,    1.56176
          2,  402,        537,        385,       10.1,        101,       5.05   ,    1.04177
          2,  403,        916,        528,       10.1,        101,       5.05   ,     1.0925
          2,  404,         70,        244,       10.1,        101,       5.05   ,  -0.565455
          2,  405,        979,        493,       10.1,        101,       5.05   ,     1.1773
          2,  406,        776,        888,       10.1,        101,       5.05   ,    1.31091
          2,  407,        477,        444,       10.1,        101,       5.05   ,  -0.997014
          2,  408,        856,        334,       10.1,        101,       5.05   ,   0.288583
          2,  409,        457,        739,       10.1,        101,       5.05   ,   -1.56126
          2,  410,        909,        924,       10.1,        101,       5.05   ,    1.28685
          2,  411,        165,        895,       10.1,        101,       5.05   ,  -0.717758
          2,  412,        833,         53,       10.1,        101,       5.05   ,    1.46088
          2,  413,        181,         38,       10.1,        101,       5.05   ,    1.32285
          2,  414,        809,        890,       10.1,        101,       5.05   ,   -1.39142
          2,  415,        951,        800,       10.1,        101,       5.05   ,   0.983756
          2,  416,        926,        562,       10.1,        101,       5.05   ,   0.415922
          2,  417,         93,        992,       10.1,        101,       5.05   ,  -0.058581
          2,  418,        899,         67,       10.1,        101,       5.05   ,    1.25468
          2,  419,        626,        333,       10.1,        101,       5.05   ,  -0.619289
          2,  420,        787,        571,       10.1,        101,       5.05   ,   -1.21575
          2,  421,        435,        977,       10.1,        101,       5.05   ,   0.380708
          2,  422,        872,        518,       10.1,        101,       5.05   ,  -0.178899
          2,  423,        103,        372,       10.1,        101,       5.05   ,  -0.731766
          2,  424,        345,        248,       10.1,        101,       5.05   ,  -0.814365
          2,  425,        273,         87,       10.1,        101,       5.05   ,   0.221949
          2,  426,        104,        445,       10.1,        101,       5.05   ,  -0.287377
          2,  427,        924,        774,       10.1,        101,       5.05   ,   0.472095
          2,  428,        155,        734,       10.1,        101,       5.05   ,   -1.19785
          2,  429,         81,        151,       10.1,        101,       5.05   ,   -1.07544
          2,  430,        915,        132,       10.1,        101,       5.05   ,  -0.143805
          2,  431,        449,        814,       10.1,        101,       5.05   ,  -0.487844
          2,  432,         13,        945,       10.1,        101,       5.05   ,  0.0753016
          2,  433,        579,        544,       10.1,        101,       5.05   ,  -0.180551
          2,  434,        147,        629,       10.1,        101,       5.05   ,  -0.909473
          2,  435,         14,        840,       10.1,        101,       5.05   ,   0.476793
          2,  436,        961,        598,       10.1,        101,       5.05   ,  0.0620729
          2,  437,        602,        396,       10.1,        101,       5.05   ,  -0.913798
          2,  438,        230,        555,       10.1,        101,       5.05   ,   -1.35996
          2,  439,        963,        556,       10.1,        101,       5.05   ,   0.622715
          2,  440,        687,        495,       10.1,        101,       5.05   ,    1.01999
          2,  441,        599,        190,       10.1,        101,       5.05   ,  -0.395744
          2,  442,        156,        973,       10.1,        101,       5.05   ,   -1.48868
          2,  443,        941,        161,       10.1,        101,       5.05   ,   0.179935
          2,  444,        381,        987,       10.1,        101,       5.05   ,   0.184924
          2,  445,        194,        989,       10.1,        101,       5.05   ,  -0.753036
          2,  446,         63,        899,       10.1,        101,       5.05   ,   0.825075
          2,  447,         60,        524,       10.1,        101,       5.05   ,   0.751535
          2,  448,        907,        220,       10.1,        101,       5.05   ,    1.47839
          2,  449,        181,          8,       10.1,        101,       5.05   ,   -1.42985
          2,  450,        503,        886,       10.1,        101,       5.05   ,  -0.863685
          2,  451,        299,        561,       10.1,        101,       5.05   ,  -0.995734
          2,  452,         35,         13,       10.1,        101,       5.05   , 0.00133486
          2,  453,        220,        233,       10.1,        101,       5.05   ,  -0.214794
          2,  454,         76,        506,       10.1,        101,       5.05   ,    0.93141
          2,  455,        633,        434,       10.1,        101,       5.05   ,   -1.55248
          2,  456,        259,        666,       10.1,        101,       5.05   ,     1.0043
          2,  457,        838,        679,       10.1,        101,       5.05   ,  -0.687359
          2,  458,        129,        362,       10.1,        101,       5.05   ,   -1.06522
          2,  459,        544,        793,       10.1,        101,       5.05   ,    1.51206
          2,  460,        960,        536,       10.1,        101,       5.05   ,   0.821181
          2,  461,        823,        721,       10.1,        101,       5.05   ,   0.412268
          2,  462,        569,        463,       10.1,        101,       5.05   ,  -0.190097
          2,  463,        336,        850,       10.1,        101,       5.05   ,-0.00225676
          2,  464,        567,        179,       10.1,        101,       5.05   ,   0.501053
          2,  465,        764,        338,       10.1,        101,       5.05   ,   0.441829
          2,  466,        330,        210,       10.1,        101,       5.05   ,   -1.28415
          2,  467,        982,        763,       10.1,        101,       5.05   ,   0.708698
          2,  468,        823,         61,       10.1,        101,       5.05   ,    1.11944
          2,  469,        350,        163,       10.1,        101,       5.05   ,   0.940347
          2,  470,        735,        880,       10.1,        101,       5.05   ,    1.10978
          2,  471,        540,        854,       10.1,        101,       5.05   ,    -1.3932
          2,  472,        769,        840,       10.1,        101,       5.05   ,   0.167943
          2,  473,        890,        297,       10.1,        101,       5.05   ,  -0.868915
          2,  474,        289,        463,       10.1,        101,       5.05   ,  -0.766443
          2,  475,         41,        131,       10.1,        101,       5.05   ,    1.19683
          2,  476,         67,        162,       10.1,        101,       5.05   ,     1.4719
          2,  477,         53,         65,       10.1,        101,       5.05   ,   0.119567
          2,  478,        566,        232,       10.1,        101,       5.05   ,    1.55194
          2,  479,        486,        924,       10.1,        101,       5.05   ,   0.789653
          2,  480,        222,        944,       10.1,        101,       5.05   ,  -0.386062
          2,  481,        715,        364,       10.1,        101,       5.05   ,  -0.874816
          2,  482,        918,        872,       10.1,        101,       5.05   , -0.0286724
          2,  483,        812,        675,       10.1,        101,       5.05   ,   0.643571
          2,  484,        204,        370,       10.1,        101,       5.05   ,    1.13612
          2,  485,        256,        226,       10.1,        101,       5.05   ,  -0.689268
          2,  486,         14,        198,       10.1,        101,       5.05   ,   -1.39182
          2,  487,        663,        906,       10.1,        101,       5.05   ,    0.25314
          2,  488,        501,        842,       10.1,        101,       5.05   ,    1.19899
          2,  489,        677,         38,       10.1,        101,       5.05   ,    1.16275
          2,  490,        124,        164,       10.1,        101,       5.05   ,  -0.247888
          2,  491,        293,        642,       10.1,        101,       5.05   ,    1.52006
          2,  492,         23,        309,       10.1,        101,       5.05   ,    1.54357
          2,  493,         56,        343,       10.1,        101,       5.05   ,  -0.829897
          2,  494,        621,         34,       10.1,        101,       5.05   ,   -1.27547
          2,  495,         66,         71,       10.1,        101,       5.05   ,   0.945681
          2,  496,        471,        367,       10.1,        101,       5.05   ,  -0.473583
          2,  497,        942,        679,       10.1,        101,       5.05   ,  -0.239212
          2,  498,        995,        778,       10.1,        101,       5.05   ,    1.35963
          2,  499,         16,        301,       10.1,        101,       5.05   ,   0.419931
          2,  500,        890,        559,       10.1,        101,       5.05   ,   -1.46449
          2,  501,         12,        925,       10.1,        101,       5.05   ,     1.0653
          2,  502,        662,        269,       10.1,        101,       5.05   ,   0.639976
          2,  503,        526,        771,       10.1,        101,       5.05   ,  -0.945521
          2,  504,        544,        807,       10.1,        101,       5.05   ,   0.559168
          2,  505,        497,        884,       10.1,        101,       5.05   ,  -0.419517
          2,  506,        209,        989,       10.1,        101,       5.05   ,  -0.991862
          2,  507,        270,        992,       10.1,        101,       5.05   ,  -0.919721
          2,  508,        325,        439,       10.1,        101,       5.05   ,  -0.884992
          2,  509,        524,        362,       10.1,        101,       5.05   ,   0.818631
          2,  510,         70,        608,       10.1,        101,       5.05   ,    1.50007
          2,  511,        715,        457,       10.1,        101,       5.05   ,   -1.56142
          2,  512,        687,        359,       10.1,        101,       5.05   ,   -1.25438
          2,  513,        370,        930,       10.1,        101,       5.05   ,    1.53872
          2,  514,        771,        649,       10.1,        101,       5.05   ,   0.518867
          2,  515,        402,        798,       10.1,        101,       5.05   ,   0.398575
          2,  516,        297,        941,       10.1,        101,       5.05   ,   -1.05122
          2,  517,        673,        348,       10.1,        101,       5.05   ,   0.777116
          2,  518,        944,        147,       10.1,        101,       5.05   ,    1.25119
          2,  519,        346,        322,       10.1,        101,       5.05   ,    1.14194
          2,  520,        167,        861,       10.1,        101,       5.05   ,  -0.304881
          2,  521,        775,        142,       10.1,        101,       5.05   ,   -0.48029
          2,  522,        537,        196,       10.1,        101,       5.05   ,0.000695313
          2,  523,        834,        182,       10.1,        101,       5.05   ,   0.152257
          2,  524,        523,         21,       10.1,        101,       5.05   ,   0.905039
          2,  525,        290,        110,       10.1,        101,       5.05   ,   0.368407
          2,  526,        890,        900,       10.1,        101,       5.05   ,    1.21573
          2,  527,         95,        253,       10.1,        101,       5.05   ,  0.0351674
          2,  528,        275,        615,       10.1,        101,       5.05   ,    1.04331
          2,  529,        477,        832,       10.1,        101,       5.05   ,  -0.740437
          2,  530,        903,        892,       10.1,        101,       5.05   ,   -1.29915
          2,  531,        809,        150,       10.1,        101,       5.05   ,  -0.484163
          2,  532,        350,        328,       10.1,        101,       5.05   ,  -0.526099
          2,  533,        844,        133,       10.1,        101,       5.05   ,   -1.11347
          2,  534,        834,        991,       10.1,        101,       5.05   ,   0.878959
          2,  535,        823,        462,       10.1,        101,       5.05   ,  -0.607288
          2,  536,        886,        860,       10.1,        101,       5.05   ,   0.165414
          2,  537,        826,        772,       10.1,        101,       5.05   , -0.0895743
          2,  538,        769,        330,       10.1,        101,       5.05   ,    1.53318
          2,  539,        306,        943,       10.1,        101,       5.05   ,   0.553534
          2,  540,        792,        225,       10.1,        101,       5.05   ,  -0.394742
          2,  541,        638,        969,       10.1,        101,       5.05   ,   -1.42523
          2,  542,        922,        623,       10.1,        101,       5.05   ,   -0.44187
          2,  543,         22,        819,       10.1,        101,       5.05   ,  -0.188745
          2,  544,        141,        360,       10.1,        101,       5.05   ,  0.0130225
          2,  545,         27,        400,       10.1,        101,       5.05   ,   0.643702
          2,  546,        352,        460,       10.1,        101,       5.05   , -0.0309796
          2,  547,        168,        825,       10.1,        101,       5.05   ,    1.04778
          2,  548,        424,        185,       10.1,        101,       5.05   ,   0.540122
          2,  549,        666,        140,       10.1,        101,       5.05   ,    1.28609
          2,  550,        593,        358,       10.1,        101,       5.05   ,   0.480983
          2,  551,        791,        791,       10.1,        101,       5.05   , -0.0531906
          2,  552,        751,        659,       10.1,        101,       5.05   ,    1.53114
          2,  553,        555,         66,       10.1,        101,       5.05   ,  -0.948272
          2,  554,         61,        743,       10.1,        101,       5.05   ,    -1.2435
          2,  555,        871,        216,       10.1,        101,       5.05   ,   0.633958
          2,  556,        944,         67,       10.1,        101,       5.05   ,     0.7376
          2,  557,        882,        223,       10.1,        101,       5.05   ,  -0.788666
          2,  558,        741,        378,       10.1,        101,       5.05   , -0.0799568
          2,  559,        875,        220,       10.1,        101,       5.05   ,   0.997113
          2,  560,        458,        863,       10.1,        101,       5.05   ,  -0.300033
          2,  561,        204,        381,       10.1,        101,       5.05   ,  -0.331922
          2,  562,        789,        345,       10.1,        101,       5.05   ,   -0.41272
          2,  563,        946,        385,       10.1,        101,       5.05   ,  -0.740614
          2,  564,        996,        854,       10.1,        101,       5.05   ,  0.0127605
          2,  565,        349,        129,       10.1,        101,       5.05   ,  -0.539253
          2,  566,        163,        284,       10.1,        101,       5.05   ,   -1.52032
          2,  567,        886,        176,       10.1,        101,       5.05   ,  -0.293751
          2,  568,        732,        407,       10.1,        101,       5.05   ,   -1.28025
          2,  569,        263,        991,       10.1,        101,       5.05   ,  0.0288357
          2,  570,        261,        507,       10.1,        101,       5.05   ,   0.913372
          2,  571,        147,        823,       10.1,        101,       5.05   ,  -0.643908
          2,  572,        381,         64,       10.1,        101,       5.05   ,  -0.206355
          2,  573,        750,        830,       10.1,        101,       5.05   ,   0.293829
          2,  574,        187,        978,       10.1,        101,       5.05   ,   -1.01987
          2,  575,        567,        529,       10.1,        101,       5.05   ,    1.46853
          2,  576,        137,        650,       10.1,        101,       5.05   ,    1.50767
          2,  577,        488,        210,       10.1,        101,       5.05   ,   0.801209
          2,  578,        444,        276,       10.1,        101,       5.05   ,  -0.298726
          2,  579,        198,        479,       10.1,        101,       5.05   ,   -1.00361
          2,  580,        557,        542,       10.1,        101,       5.05   ,  -0.889876
          2,  581,        210,        873,       10.1,        101,       5.05   ,  -0.570738
          2,  582,        451,        173,       10.1,        101,       5.05   ,   0.469373
          2,  583,        822,         74,       10.1,        101,       5.05   ,  -0.624088
          2,  584,        974,        688,       10.1,        101,       5.05   ,   -1.41097
          2,  585,        676,        662,       10.1,        101,       5.05   ,  -0.118331
          2,  586,        876,        814,       10.1,        101,       5.05   ,   -1.23494
          2,  587,         83,        258,       10.1,        101,       5.05   ,    1.10171
          2,  588,        474,        651,       10.1,        101,       5.05   ,   0.886534
          2,  589,        762,        464,       10.1,        101,       5.05   ,   0.398643
          2,  590,        696,         77,       10.1,        101,       5.05   ,   -1.10206
          2,  591,        901,        417,       10.1,        101,       5.05   ,  -0.536834
          2,  592,        335,        733,       10.1,        101,       5.05   ,   -1.27722
          2,  593,        112,        768,       10.1,        101,       5.05   ,   -1.29599
          2,  594,        617,        382,       10.1,        101,       5.05   ,   -1.39988
          2,  595,         43,        423,       10.1,        101,       5.05   ,    1.27291
          2,  596,        221,        914,       10.1,        101,       5.05   ,   -0.25127
          2,  597,        832,        537,       10.1,        101,       5.05   ,   0.696448
          2,  598,        230,        261,       10.1,        101,       5.05   ,  -0.391724
          2,  599,        366,        721,       10.1,        101,       5.05   ,  -0.404739
          2,  600,        832,        666,       10.1,        101,       5.05   ,   0.224999
          2,  601,        354,        608,       10.1,        101,       5.05   ,   -1.53012
          2,  602,        672,        375,       10.1,        101,       5.05   ,  -0.864071
          2,  603,        801,        579,       10.1,        101,       5.05   ,   0.114083
          2,  604,        659,        962,       10.1,        101,       5.05   ,  -0.497938
          2,  605,        243,        906,       10.1,        101,       5.05   ,  -0.903777
          2,  606,        755,        641,       10.1,        101,       5.05   ,  -0.873788
          2,  607,        344,         82,       10.1,        101,       5.05   ,   0.964684
          2,  608,        208,        954,       10.1,        101,       5.05   ,  -0.354744
          2,  609,        459,        922,       10.1,        101,       5.05   ,   0.950055
          2,  610,        914,        880,       10.1,        101,       5.05   ,  -0.196779
          2,  611,          6,        702,       10.1,        101,       5.05   ,   -1.35733
          2,  612,        366,        531,       10.1,        101,       5.05   ,    0.33981
          2,  613,        991,        531,       10.1,        101,       5.05   ,  -0.347525
          2,  614,        134,        365,       10.1,        101,       5.05   ,   -1.13576
          2,  615,        602,        742,       10.1,        101,       5.05   ,   0.967537
          2,  616,        879,        118,       10.1,        101,       5.05   ,  -0.435698
          2,  617,        673,        127,       10.1,        101,       5.05   ,    -1.1664
          2,  618,        263,        220,       10.1,        101,       5.05   ,  -0.643851
          2,  619,        680,        395,       10.1,        101,       5.05   ,   -1.31707
          2,  620,        740,         47,       10.1,        101,       5.05   ,    1.24758
          2,  621,        696,        644,       10.1,        101,       5.05   ,  -0.317641
          2,  622,         21,        583,       10.1,        101,       5.05   ,   -1.27576
          2,  623,        191,        712,       10.1,        101,       5.05   ,  -0.633345
          2,  624,        966,        238,       10.1,        101,       5.05   ,   -1.53651
          2,  625,        880,        177,       10.1,        101,       5.05   ,   -1.39216
          2,  626,        558,        744,       10.1,        101,       5.05   ,  -0.556585
          2,  627,        915,        323,       10.1,        101,       5.05   , -0.0619189
          2,  628,        531,        711,       10.1,        101,       5.05   ,  -0.209993
          2,  629,        574,        547,       10.1,        101,       5.05   ,  -0.891145
          2,  630,         12,        792,       10.1,        101,       5.05   ,  -0.991751
          2,  631,        684,        971,       10.1,        101,       5.05   ,  -0.788415
          2,  632,        917,        692,       10.1,        101,       5.05   ,   0.763312
          2,  633,        217,        505,       10.1,        101,       5.05   ,    1.20766
          2,  634,        163,        295,       10.1,        101,       5.05   ,  -0.104767
          2,  635,        697,        780,       10.1,        101,       5.05   ,   0.188584
          2,  636,        145,        861,       10.1,        101,       5.05   ,   -1.01456
          2,  637,        357,        364,       10.1,        101,       5.05   ,   0.821208
          2,  638,        980,        359,       10.1,        101,       5.05   ,    1.16511
          2,  639,        676,        125,       10.1,        101,       5.05   ,   0.836094
          2,  640,         11,        108,       10.1,        101,       5.05   ,    1.40599
          2,  641,        441,        762,       10.1,        101,       5.05   ,  0.0970912
          2,  642,        723,         53,       10.1,        101,       5.05   ,   0.314242
          2,  643,        593,        924,       10.1,        101,       5.05   ,    -1.3313
          2,  644,        475,        485,       10.1,        101,       5.05   ,  -0.982122
          2,  645,        478,        551,       10.1,        101,       5.05   ,    1.40401
          2,  646,        536,         26,       10.1,        101,       5.05   ,     0.7409
          2,  647,        153,        399,       10.1,        101,       5.05   ,    -1.0002
          2,  648,        912,        834,       10.1,        101,       5.05   ,  -0.747762
          2,  649,         66,        176,       10.1,        101,       5.05   ,   0.378931
          2,  650,        248,        526,       10.1,        101,       5.05   ,   0.474951
          2,  651,        569,        526,       10.1,        101,       5.05   ,  -0.969737
          2,  652,        143,        951,       10.1,        101,       5.05   ,   -1.02357
          2,  653,        687,        103,       10.1,        101,       5.05   ,  0.0688574
          2,  654,        976,        673,       10.1,        101,       5.05   ,   0.584449
          2,  655,        585,         42,       10.1,        101,       5.05   ,   0.176153
------------------------------------------------------------------------------
Component[2] Total Sloped Parallelepiped = 655