Component 2 maximum area=0.323322 [on 1000x1000]
Component type: Sloped rectangle
---------------------------------------------------------------------------------------
--------------|------- Center-----|----- dimensions---------|----------------------
component| id|    X       |     Y      |  Width/a     | height/b |   hoop   |   Slope   
---------------------------------------------------------------------------------------
          2,    1,        950,        215,       10.1,        101,       5.05   ,  0.0708969
          2,    2,        868,        305,       10.1,        101,       5.05   ,  -0.928718
          2,    3,        918,        822,       10.1,        101,       5.05   ,   -1.34975
          2,    4,        692,        461,       10.1,        101,       5.05   ,   0.194659
          2,    5,        854,        674,       10.1,        101,       5.05   ,   0.150409
          2,    6,        456,        487,       10.1,        101,       5.05   ,   0.576487
          2,    7,         32,        966,       10.1,        101,       5.05   ,   -0.94768
          2,    8,        584,        455,       10.1,        101,       5.05   ,    1.16367
          2,    9,         23,        315,       10.1,        101,       5.05   ,  -0.089567
          2,   10,        897,        302,       10.1,        101,       5.05   ,  -0.480444
          2,   11,        721,        718,       10.1,        101,       5.05   ,   0.219378
          2,   12,        646,        648,       10.1,        101,       5.05   ,   0.370221
          2,   13,        906,        883,       10.1,        101,       5.05   ,  -0.494584
          2,   14,        985,        744,       10.1,        101,       5.05   ,    1.46604
          2,   15,        915,        257,       10.1,        101,       5.05   ,  -0.988712
          2,   16,        747,        624,       10.1,        101,       5.05   ,    1.12001
          2,   17,        846,        522,       10.1,        101,       5.05   ,   -1.28037
          2,   18,        582,        650,       10.1,        101,       5.05   ,  -0.612965
          2,   19,        783,        450,       10.1,        101,       5.05   ,  -0.178453
          2,   20,        214,         75,       10.1,        101,       5.05   ,   0.414493
          2,   21,        809,        968,       10.1,        101,       5.05   ,  -0.805422
          2,   22,        440,         77,       10.1,        101,       5.05   ,  -0.498692
          2,   23,        166,        755,       10.1,        101,       5.05   ,   -1.27385
          2,   24,        692,        294,       10.1,        101,       5.05   ,   -1.21615
          2,   25,        265,        583,       10.1,        101,       5.05   ,   0.739875
          2,   26,        629,        293,       10.1,        101,       5.05   ,  -0.910507
          2,   27,        474,        178,       10.1,        101,       5.05   ,  -0.220074
          2,   28,        645,        147,       10.1,        101,       5.05   ,  -0.739126
          2,   29,        563,        974,       10.1,        101,       5.05   ,    1.24384
          2,   30,        852,        332,       10.1,        101,       5.05   ,    1.01926
          2,   31,        505,        201,       10.1,        101,       5.05   ,  -0.529964
          2,   32,        566,        145,       10.1,        101,       5.05   ,   0.902194
          2,   33,        854,         52,       10.1,        101,       5.05   ,   0.435827
          2,   34,        813,        575,       10.1,        101,       5.05   ,  -0.010271
          2,   35,        664,        238,       10.1,        101,       5.05   ,   0.098745
          2,   36,        117,        128,       10.1,        101,       5.05   ,   0.979823
          2,   37,        492,        885,       10.1,        101,       5.05   ,  -0.431856
          2,   38,        456,        956,       10.1,        101,       5.05   ,    1.12719
          2,   39,        543,        923,       10.1,        101,       5.05   ,  -0.719664
          2,   40,        155,        663,       10.1,        101,       5.05   ,   -1.21642
          2,   41,         32,        851,       10.1,        101,       5.05   ,     1.3669
          2,   42,        271,        749,       10.1,        101,       5.05   ,   0.357777
          2,   43,        419,        370,       10.1,        101,       5.05   ,   0.235016
          2,   44,        766,        549,       10.1,        101,       5.05   ,   0.240226
          2,   45,        657,        570,       10.1,        101,       5.05   ,   0.952882
          2,   46,        242,         90,       10.1,        101,       5.05   ,   0.218152
          2,   47,        487,        734,       10.1,        101,       5.05   ,    0.66901
          2,   48,        796,        967,       10.1,        101,       5.05   ,   0.207314
          2,   49,        512,        852,       10.1,        101,       5.05   ,   -1.18113
          2,   50,        370,        220,       10.1,        101,       5.05   ,   0.448317
          2,   51,        346,        953,       10.1,        101,       5.05   ,  -0.336944
          2,   52,        683,        139,       10.1,        101,       5.05   ,  -0.853131
          2,   53,        741,         86,       10.1,        101,       5.05   ,   -1.46154
          2,   54,        167,        758,       10.1,        101,       5.05   ,  -0.232085
          2,   55,         15,        679,       10.1,        101,       5.05   ,   0.329586
          2,   56,        535,        839,       10.1,        101,       5.05   ,   0.814322
          2,   57,        277,        709,       10.1,        101,       5.05   ,   -1.34779
          2,   58,        339,        876,       10.1,        101,       5.05   ,  -0.461767
          2,   59,        100,        914,       10.1,        101,       5.05   ,   0.373772
          2,   60,        813,        991,       10.1,        101,       5.05   ,    1.08762
          2,   61,        878,        963,       10.1,        101,       5.05   ,  -0.472548
          2,   62,        790,        310,       10.1,        101,       5.05   ,  -0.245699
          2,   63,        232,        622,       10.1,        101,       5.05   ,-0.00265689
          2,   64,        400,        189,       10.1,        101,       5.05   ,    1.15346
          2,   65,        763,        319,       10.1,        101,       5.05   ,   0.712341
          2,   66,        736,        429,       10.1,        101,       5.05   ,  -0.284626
          2,   67,        517,         35,       10.1,        101,       5.05   ,   -1.09566
          2,   68,        528,        845,       10.1,        101,       5.05   ,    1.49544
          2,   69,        538,        722,       10.1,        101,       5.05   ,   0.820047
          2,   70,        902,        953,       10.1,        101,       5.05   ,   0.855598
          2,   71,        711,        920,       10.1,        101,       5.05   ,    -1.4837
          2,   72,        743,        275,       10.1,        101,       5.05   ,    1.02136
          2,   73,        963,        417,       10.1,        101,       5.05   ,   0.053195
          2,   74,        111,        482,       10.1,        101,       5.05   ,  0.0767324
          2,   75,        991,         52,       10.1,        101,       5.05   ,   0.270103
          2,   76,        761,        504,       10.1,        101,       5.05   ,  -0.521391
          2,   77,        956,        409,       10.1,        101,       5.05   ,    1.50156
          2,   78,        565,        442,       10.1,        101,       5.05   ,    1.15569
          2,   79,        656,        639,       10.1,        101,       5.05   ,  -0.239324
          2,   80,        280,        295,       10.1,        101,       5.05   ,   -0.11847
          2,   81,        224,        206,       10.1,        101,       5.05   ,-0.00444429
          2,   82,        354,        769,       10.1,        101,       5.05   ,   0.935854
          2,   83,        332,        554,       10.1,        101,       5.05   ,   0.996747
          2,   84,         20,        964,       10.1,        101,       5.05   ,    1.41469
          2,   85,        166,        219,       10.1,        101,       5.05   ,   -1.55489
          2,   86,        300,        158,       10.1,        101,       5.05   ,   0.326442
          2,   87,        900,        938,       10.1,        101,       5.05   ,  0.0680798
          2,   88,        241,        366,       10.1,        101,       5.05   ,    -1.1897
          2,   89,        329,        879,       10.1,        101,       5.05   ,    1.54886
          2,   90,        767,        637,       10.1,        101,       5.05   ,   0.150564
          2,   91,        400,        489,       10.1,        101,       5.05   ,    1.26378
          2,   92,        137,         26,       10.1,        101,       5.05   ,   0.980545
          2,   93,        702,        332,       10.1,        101,       5.05   ,   -1.38741
          2,   94,        219,        168,       10.1,        101,       5.05   ,   0.372973
          2,   95,        710,        952,       10.1,        101,       5.05   ,    0.57998
          2,   96,        294,        883,       10.1,        101,       5.05   ,  -0.120258
          2,   97,        167,        187,       10.1,        101,       5.05   ,   -1.31707
          2,   98,        988,        699,       10.1,        101,       5.05   ,  -0.127369
          2,   99,        644,        992,       10.1,        101,       5.05   ,    1.11242
          2,  100,        982,        434,       10.1,        101,       5.05   ,  -0.630145
          2,  101,        723,        652,       10.1,        101,       5.05   ,   0.305492
          2,  102,        203,        500,       10.1,        101,       5.05   ,  -0.760729
          2,  103,        844,         27,       10.1,        101,       5.05   ,   -1.31716
          2,  104,        862,        226,       10.1,        101,       5.05   ,   0.432646
          2,  105,        484,        872,       10.1,        101,       5.05   ,   0.270477
          2,  106,         25,        465,       10.1,        101,       5.05   ,  -0.744965
          2,  107,        881,         24,       10.1,        101,       5.05   ,   0.981959
          2,  108,        789,        247,       10.1,        101,       5.05   ,  -0.326435
          2,  109,        707,         17,       10.1,        101,       5.05   ,   0.406622
          2,  110,        831,         54,       10.1,        101,       5.05   ,    1.24338
          2,  111,         14,        421,       10.1,        101,       5.05   ,  -0.597743
          2,  112,        584,        385,       10.1,        101,       5.05   ,  -0.539445
          2,  113,        322,         18,       10.1,        101,       5.05   ,  -0.753678
          2,  114,        597,         77,       10.1,        101,       5.05   , -0.0466017
          2,  115,         43,        220,       10.1,        101,       5.05   ,    1.02444
          2,  116,         99,        711,       10.1,        101,       5.05   ,   0.778596
          2,  117,        830,         72,       10.1,        101,       5.05   , -0.0157675
          2,  118,        373,        213,       10.1,        101,       5.05   ,   0.367125
          2,  119,        992,        357,       10.1,        101,       5.05   ,  0.0173637
          2,  120,        836,        878,       10.1,        101,       5.05   ,   0.618282
          2,  121,         36,        120,       10.1,        101,       5.05   ,  -0.816967
          2,  122,         33,        856,       10.1,        101,       5.05   ,   0.321222
          2,  123,        146,        795,       10.1,        101,       5.05   ,  -0.796394
          2,  124,        642,        171,       10.1,        101,       5.05   ,  -0.766979
          2,  125,        823,         68,       10.1,        101,       5.05   ,    1.29693
          2,  126,        115,        935,       10.1,        101,       5.05   ,   0.563851
          2,  127,         11,        600,       10.1,        101,       5.05   ,   0.271701
          2,  128,        154,        738,       10.1,        101,       5.05   ,  -0.147932
          2,  129,         55,        622,       10.1,        101,       5.05   ,   0.853191
          2,  130,        830,        599,       10.1,        101,       5.05   ,   0.500228
          2,  131,        948,        759,       10.1,        101,       5.05   ,  -0.647393
          2,  132,        240,        786,       10.1,        101,       5.05   ,  0.0276294
          2,  133,        219,        252,       10.1,        101,       5.05   ,  0.0353951
          2,  134,        798,        288,       10.1,        101,       5.05   ,    1.55911
          2,  135,        219,        112,       10.1,        101,       5.05   ,   0.867319
          2,  136,        455,        956,       10.1,        101,       5.05   ,   0.472711
          2,  137,        601,        898,       10.1,        101,       5.05   ,    1.28998
          2,  138,        131,        446,       10.1,        101,       5.05   ,    1.15854
          2,  139,         26,        465,       10.1,        101,       5.05   ,  -0.087551
          2,  140,        154,        553,       10.1,        101,       5.05   ,   -1.11974
          2,  141,        657,        796,       10.1,        101,       5.05   ,    1.11462
          2,  142,        977,        137,       10.1,        101,       5.05   ,   0.456361
          2,  143,        728,        296,       10.1,        101,       5.05   ,  -0.143522
          2,  144,        260,        969,       10.1,        101,       5.05   ,    1.51958
          2,  145,        480,        130,       10.1,        101,       5.05   ,   0.407984
          2,  146,        218,        978,       10.1,        101,       5.05   ,   0.054085
          2,  147,        352,        342,       10.1,        101,       5.05   ,  -0.321384
          2,  148,        401,          2,       10.1,        101,       5.05   ,    1.36376
          2,  149,        903,         60,       10.1,        101,       5.05   ,    -1.5221
          2,  150,        664,        272,       10.1,        101,       5.05   ,  0.0884665
          2,  151,        664,        416,       10.1,        101,       5.05   ,  -0.901079
          2,  152,        873,         19,       10.1,        101,       5.05   ,-0.00840606
          2,  153,        535,        870,       10.1,        101,       5.05   ,    1.34461
          2,  154,         32,        348,       10.1,        101,       5.05   ,   0.212784
          2,  155,        221,        380,       10.1,        101,       5.05   ,   -0.34094
          2,  156,        469,        308,       10.1,        101,       5.05   ,  -0.546543
          2,  157,        107,        468,       10.1,        101,       5.05   ,  -0.869565
          2,  158,        278,         35,       10.1,        101,       5.05   ,  -0.820104
          2,  159,        865,        783,       10.1,        101,       5.05   ,    1.36587
          2,  160,        250,         27,       10.1,        101,       5.05   ,   -1.43556
          2,  161,        201,        145,       10.1,        101,       5.05   ,   0.810445
          2,  162,        345,        766,       10.1,        101,       5.05   ,  0.0148929
          2,  163,        539,        882,       10.1,        101,       5.05   , -0.0560327
          2,  164,        846,        252,       10.1,        101,       5.05   ,    1.56284
          2,  165,        790,          7,       10.1,        101,       5.05   ,   -0.76089
          2,  166,        871,         60,       10.1,        101,       5.05   , 0.00591764
          2,  167,        295,        860,       10.1,        101,       5.05   ,    1.37622
          2,  168,         80,        998,       10.1,        101,       5.05   ,   -0.59441
          2,  169,        116,        429,       10.1,        101,       5.05   ,   0.176904
          2,  170,        683,        568,       10.1,        101,       5.05   ,    1.39789
          2,  171,        371,        954,       10.1,        101,       5.05   ,   0.397432
          2,  172,        861,        189,       10.1,        101,       5.05   ,  -0.990104
          2,  173,         45,        632,       10.1,        101,       5.05   ,  -0.892098
          2,  174,        248,        729,       10.1,        101,       5.05   ,   -1.03034
          2,  175,        430,        197,       10.1,        101,       5.05   ,   0.532462
          2,  176,        307,        553,       10.1,        101,       5.05   ,   -0.25452
          2,  177,        317,        543,       10.1,        101,       5.05   ,  -0.168312
          2,  178,        824,        857,       10.1,        101,       5.05   ,  -0.525193
          2,  179,        238,        725,       10.1,        101,       5.05   ,  -0.698227
          2,  180,        784,        193,       10.1,        101,       5.05   ,   0.645904
          2,  181,        598,        764,       10.1,        101,       5.05   ,   -1.17145
          2,  182,        374,        335,       10.1,        101,       5.05   ,   0.741236
          2,  183,        180,        681,       10.1,        101,       5.05   ,    1.28504
          2,  184,          2,        365,       10.1,        101,       5.05   ,   0.329345
          2,  185,        179,         39,       10.1,        101,       5.05   ,   0.502421
          2,  186,        882,        505,       10.1,        101,       5.05   ,  -0.720743
          2,  187,         41,        612,       10.1,        101,       5.05   ,   0.619311
          2,  188,        269,          3,       10.1,        101,       5.05   ,     1.4471
          2,  189,        727,        979,       10.1,        101,       5.05   ,  0.0894786
          2,  190,        305,        537,       10.1,        101,       5.05   ,   -1.20686
          2,  191,        622,        447,       10.1,        101,       5.05   ,   0.950288
          2,  192,        356,        821,       10.1,        101,       5.05   ,   -1.35245
          2,  193,        410,        434,       10.1,        101,       5.05   ,  -0.260174
          2,  194,        531,        104,       10.1,        101,       5.05   ,   0.326008
          2,  195,        569,        758,       10.1,        101,       5.05   ,   0.637055
          2,  196,        174,         95,       10.1,        101,       5.05   ,   -1.20575
          2,  197,        995,        409,       10.1,        101,       5.05   ,   0.667243
          2,  198,        459,         64,       10.1,        101,       5.05   ,   0.378693
          2,  199,        677,        886,       10.1,        101,       5.05   ,   0.955008
          2,  200,        534,        417,       10.1,        101,       5.05   ,    1.03364
          2,  201,        751,        764,       10.1,        101,       5.05   ,   -1.29792
          2,  202,         43,        231,       10.1,        101,       5.05   ,  -0.656402
          2,  203,        684,        910,       10.1,        101,       5.05   ,   -1.11914
          2,  204,        878,         77,       10.1,        101,       5.05   ,  -0.238581
          2,  205,         31,         52,       10.1,        101,       5.05   ,   0.851919
          2,  206,        946,        346,       10.1,        101,       5.05   , -0.0976598
          2,  207,        718,        523,       10.1,        101,       5.05   ,    1.10983
          2,  208,        544,        772,       10.1,        101,       5.05   ,   -1.25485
          2,  209,         93,        579,       10.1,        101,       5.05   ,    1.39077
          2,  210,        537,         60,       10.1,        101,       5.05   ,   -1.00494
          2,  211,        980,         78,       10.1,        101,       5.05   ,   -1.13123
          2,  212,        653,        630,       10.1,        101,       5.05   ,   0.133731
          2,  213,        919,        883,       10.1,        101,       5.05   ,    1.40492
          2,  214,        920,        879,       10.1,        101,       5.05   , -0.0911444
          2,  215,        805,        640,       10.1,        101,       5.05   ,  -0.722682
          2,  216,        667,        372,       10.1,        101,       5.05   ,   0.211105
          2,  217,        182,        306,       10.1,        101,       5.05   ,   0.964405
          2,  218,        581,        981,       10.1,        101,       5.05   ,   0.488965
          2,  219,        285,         40,       10.1,        101,       5.05   ,    1.20581
          2,  220,        332,        223,       10.1,        101,       5.05   ,    0.47453
          2,  221,        730,        581,       10.1,        101,       5.05   , -0.0598884
          2,  222,         51,        411,       10.1,        101,       5.05   ,   0.478588
          2,  223,        308,        923,       10.1,        101,       5.05   ,   -1.52118
          2,  224,        176,        899,       10.1,        101,       5.05   ,   -1.46471
          2,  225,         97,        851,       10.1,        101,       5.05   ,  -0.919044
          2,  226,        200,        718,       10.1,        101,       5.05   ,  -0.524644
          2,  227,        363,        633,       10.1,        101,       5.05   ,  -0.906032
          2,  228,        413,        584,       10.1,        101,       5.05   ,    1.18451
          2,  229,        123,        425,       10.1,        101,       5.05   ,  -0.596967
          2,  230,        674,        143,       10.1,        101,       5.05   ,  -0.332534
          2,  231,        690,        872,       10.1,        101,       5.05   ,   0.763143
          2,  232,        968,        971,       10.1,        101,       5.05   ,  -0.464045
          2,  233,        721,         47,       10.1,        101,       5.05   ,    1.04211
          2,  234,        903,        791,       10.1,        101,       5.05   ,    1.38316
          2,  235,        606,         98,       10.1,        101,       5.05   ,   0.684958
          2,  236,        597,        663,       10.1,        101,       5.05   ,    1.21243
          2,  237,         94,         73,       10.1,        101,       5.05   ,   0.160234
          2,  238,        979,        417,       10.1,        101,       5.05   ,  -0.664474
          2,  239,        991,         96,       10.1,        101,       5.05   ,   0.543672
          2,  240,         89,        135,       10.1,        101,       5.05   ,   0.374444
          2,  241,        341,          2,       10.1,        101,       5.05   ,    1.12928
          2,  242,        865,        335,       10.1,        101,       5.05   ,  -0.561831
          2,  243,        789,        567,       10.1,        101,       5.05   ,   -1.40846
          2,  244,         89,        190,       10.1,        101,       5.05   ,   -1.40305
          2,  245,        587,        959,       10.1,        101,       5.05   ,  -0.263662
          2,  246,        114,        709,       10.1,        101,       5.05   ,   0.418034
          2,  247,        156,        180,       10.1,        101,       5.05   ,   0.626079
          2,  248,        984,        539,       10.1,        101,       5.05   ,    1.36569
          2,  249,        875,        788,       10.1,        101,       5.05   , -0.0462542
          2,  250,        695,        484,       10.1,        101,       5.05   ,   -1.10447
          2,  251,        461,        781,       10.1,        101,       5.05   ,    1.23986
          2,  252,        377,        595,       10.1,        101,       5.05   ,   0.541319
          2,  253,        984,        713,       10.1,        101,       5.05   ,   0.763445
          2,  254,        169,        749,       10.1,        101,       5.05   ,    0.66049
          2,  255,        732,        667,       10.1,        101,       5.05   ,   0.723174
          2,  256,        856,        206,       10.1,        101,       5.05   ,  -0.281909
          2,  257,        374,        395,       10.1,        101,       5.05   ,   0.821413
          2,  258,        668,        387,       10.1,        101,       5.05   ,    0.96773
          2,  259,        153,        538,       10.1,        101,       5.05   ,  0.0806479
          2,  260,        962,         80,       10.1,        101,       5.05   ,   0.142619
          2,  261,        845,        896,       10.1,        101,       5.05   ,   -1.05384
          2,  262,        533,        488,       10.1,        101,       5.05   ,    1.41862
          2,  263,        360,        477,       10.1,        101,       5.05   ,    1.12619
          2,  264,        755,        108,       10.1,        101,       5.05   ,   0.176172
          2,  265,        874,         91,       10.1,        101,       5.05   ,  -0.448476
          2,  266,        410,        477,       10.1,        101,       5.05   ,    1.42191
          2,  267,        461,        902,       10.1,        101,       5.05   ,  -0.454078
          2,  268,        659,         25,       10.1,        101,       5.05   ,   -1.37137
          2,  269,        644,        925,       10.1,        101,       5.05   ,   0.741488
          2,  270,        573,        968,       10.1,        101,       5.05   ,    1.09001
          2,  271,        324,        242,       10.1,        101,       5.05   ,   -1.17956
          2,  272,        641,        343,       10.1,        101,       5.05   ,  -0.694615
          2,  273,        200,        703,       10.1,        101,       5.05   ,   -1.08635
          2,  274,        862,        402,       10.1,        101,       5.05   ,    0.63153
          2,  275,          0,        610,       10.1,        101,       5.05   ,  -0.352834
          2,  276,        720,        856,       10.1,        101,       5.05   ,    1.25172
          2,  277,        753,        301,       10.1,        101,       5.05   ,   0.796027
          2,  278,        303,        843,       10.1,        101,       5.05   ,  -0.470919
          2,  279,        765,        598,       10.1,        101,       5.05   ,  -0.452905
          2,  280,         81,        927,       10.1,        101,       5.05   ,  -0.408422
          2,  281,        458,        277,       10.1,        101,       5.05   ,  -0.924947
          2,  282,        372,        323,       10.1,        101,       5.05   ,  -0.474701
          2,  283,         75,         46,       10.1,        101,       5.05   ,   -0.36675
          2,  284,        613,        389,       10.1,        101,       5.05   ,  -0.733688
          2,  285,         26,         87,       10.1,        101,       5.05   ,  0.0538287
          2,  286,        895,        354,       10.1,        101,       5.05   ,   0.431411
          2,  287,        605,        343,       10.1,        101,       5.05   ,   0.657207
          2,  288,        420,        457,       10.1,        101,       5.05   ,    1.34338
          2,  289,         12,        762,       10.1,        101,       5.05   ,   -1.43979
          2,  290,        861,        166,       10.1,        101,       5.05   ,  -0.569319
          2,  291,        673,        187,       10.1,        101,       5.05   ,    1.41395
          2,  292,        784,        501,       10.1,        101,       5.05   ,   -1.15496
          2,  293,        760,        478,       10.1,        101,       5.05   ,    -0.3455
          2,  294,        674,        571,       10.1,        101,       5.05   ,   0.667818
          2,  295,        514,        452,       10.1,        101,       5.05   ,  0.0525926
          2,  296,        154,        390,       10.1,        101,       5.05   ,   0.151358
          2,  297,        118,        839,       10.1,        101,       5.05   ,  -0.703716
          2,  298,        813,        455,       10.1,        101,       5.05   ,  -0.436322
          2,  299,         76,        163,       10.1,        101,       5.05   ,   0.457007
          2,  300,        725,        234,       10.1,        101,       5.05   ,    1.12555
          2,  301,        371,        939,       10.1,        101,       5.05   ,    -1.0334
          2,  302,        554,        147,       10.1,        101,       5.05   ,   -1.23483
          2,  303,          7,        801,       10.1,        101,       5.05   ,   0.904543
          2,  304,        105,        750,       10.1,        101,       5.05   ,   -1.34662
          2,  305,        174,        763,       10.1,        101,       5.05   ,  -0.211684
          2,  306,         84,        388,       10.1,        101,       5.05   ,  -0.547423
          2,  307,        103,        365,       10.1,        101,       5.05   ,   -1.38884
          2,  308,        638,        585,       10.1,        101,       5.05   ,    1.00929
          2,  309,        672,        389,       10.1,        101,       5.05   ,  -0.440723
          2,  310,        855,        219,       10.1,        101,       5.05   ,    1.11188
          2,  311,         26,        248,       10.1,        101,       5.05   ,   0.452248
          2,  312,        601,        475,       10.1,        101,       5.05   ,  -0.793221
          2,  313,        186,        790,       10.1,        101,       5.05   ,  -0.129489
          2,  314,        537,        985,       10.1,        101,       5.05   ,   0.826211
          2,  315,        109,        743,       10.1,        101,       5.05   ,   0.342347
          2,  316,        722,        941,       10.1,        101,       5.05   ,    1.54992
          2,  317,        795,        567,       10.1,        101,       5.05   , -0.0186117
          2,  318,        551,        751,       10.1,        101,       5.05   ,    1.16889
          2,  319,         57,        766,       10.1,        101,       5.05   ,  -0.333902
          2,  320,        324,        644,       10.1,        101,       5.05   ,  -0.483486
          2,  321,        126,        447,       10.1,        101,       5.05   ,  0.0468191
          2,  322,        481,        708,       10.1,        101,       5.05   ,   -1.28785
          2,  323,        266,        693,       10.1,        101,       5.05   ,    1.40706
          2,  324,        248,        703,       10.1,        101,       5.05   ,  -0.618596
          2,  325,         74,        223,       10.1,        101,       5.05   ,    1.54098
          2,  326,          0,         82,       10.1,        101,       5.05   ,   0.972481
          2,  327,        746,        148,       10.1,        101,       5.05   ,   -1.15088
          2,  328,        824,        656,       10.1,        101,       5.05   ,   0.346863
          2,  329,        961,        823,       10.1,        101,       5.05   ,      0.468
          2,  330,        780,        885,       10.1,        101,       5.05   ,   0.779557
          2,  331,        136,        694,       10.1,        101,       5.05   ,  -0.825478
          2,  332,        116,         25,       10.1,        101,       5.05   ,    1.14845
          2,  333,        862,         56,       10.1,        101,       5.05   ,   -1.39471
          2,  334,        281,        583,       10.1,        101,       5.05   ,    1.13691
          2,  335,        440,        176,       10.1,        101,       5.05   ,   0.976656
          2,  336,        279,         76,       10.1,        101,       5.05   ,    0.76256
          2,  337,          2,        145,       10.1,        101,       5.05   ,   0.772076
          2,  338,        112,        627,       10.1,        101,       5.05   ,  -0.620563
          2,  339,        390,        993,       10.1,        101,       5.05   ,    -1.1484
          2,  340,        235,        693,       10.1,        101,       5.05   ,   -1.16621
          2,  341,         82,        570,       10.1,        101,       5.05   ,   -1.43998
          2,  342,        404,        867,       10.1,        101,       5.05   ,   0.622468
          2,  343,        664,        707,       10.1,        101,       5.05   ,   0.986571
          2,  344,        631,        941,       10.1,        101,       5.05   ,     -1.074
          2,  345,        641,        593,       10.1,        101,       5.05   ,  -0.565384
          2,  346,        652,        635,       10.1,        101,       5.05   ,   0.756811
          2,  347,        101,        743,       10.1,        101,       5.05   ,   0.728837
          2,  348,        840,        508,       10.1,        101,       5.05   ,  -0.588238
          2,  349,        235,        180,       10.1,        101,       5.05   ,  -0.357347
          2,  350,        283,        620,       10.1,        101,       5.05   ,   0.322386
          2,  351,         29,        157,       10.1,        101,       5.05   ,   -1.53749
          2,  352,        167,         19,       10.1,        101,       5.05   ,   0.255907
          2,  353,        496,        888,       10.1,        101,       5.05   ,    1.44699
          2,  354,        426,        714,       10.1,        101,       5.05   ,   0.703679
          2,  355,        420,        269,       10.1,        101,       5.05   ,  -0.602362
          2,  356,         85,        448,       10.1,        101,       5.05   ,    -1.4209
          2,  357,         89,        757,       10.1,        101,       5.05   ,    1.04632
          2,  358,        569,        470,       10.1,        101,       5.05   ,   0.926365
          2,  359,        863,        745,       10.1,        101,       5.05   ,    1.54233
          2,  360,        709,        144,       10.1,        101,       5.05   ,   0.366737
          2,  361,        865,        820,       10.1,        101,       5.05   , -0.0556457
          2,  362,        633,        739,       10.1,        101,       5.05   ,    0.43874
          2,  363,        479,        823,       10.1,        101,       5.05   ,  -0.159099
          2,  364,        560,        265,       10.1,        101,       5.05   ,   0.249184
          2,  365,        596,        194,       10.1,        101,       5.05   ,   0.137406
          2,  366,        299,        936,       10.1,        101,       5.05   ,   0.266907
          2,  367,        270,        908,       10.1,        101,       5.05   ,    1.01905
          2,  368,        371,        676,       10.1,        101,       5.05   ,  0.0442495
          2,  369,        861,        895,       10.1,        101,       5.05   ,  -0.469079
          2,  370,        182,        561,       10.1,        101,       5.05   ,   0.684277
          2,  371,        508,        388,       10.1,        101,       5.05   ,  -0.783042
          2,  372,        425,        598,       10.1,        101,       5.05   ,    1.49928
          2,  373,        879,        755,       10.1,        101,       5.05   ,   0.220237
          2,  374,        659,         56,       10.1,        101,       5.05   ,   -1.20908
          2,  375,        518,        278,       10.1,        101,       5.05   ,  -0.772067
          2,  376,        750,        528,       10.1,        101,       5.05   ,   0.808116
          2,  377,        649,        497,       10.1,        101,       5.05   ,   -1.15128
          2,  378,        311,        600,       10.1,        101,       5.05   ,   0.988611
          2,  379,        674,         36,       10.1,        101,       5.05   ,    0.78172
          2,  380,        160,        643,       10.1,        101,       5.05   ,   -1.48686
          2,  381,        821,         41,       10.1,        101,       5.05   ,     -1.457
          2,  382,        687,        390,       10.1,        101,       5.05   ,  0.0456354
          2,  383,        656,        471,       10.1,        101,       5.05   ,  -0.226062
          2,  384,        428,        682,       10.1,        101,       5.05   ,  -0.683987
          2,  385,         54,        139,       10.1,        101,       5.05   ,  -0.611457
          2,  386,        538,        822,       10.1,        101,       5.05   ,  0.0836551
          2,  387,        419,         33,       10.1,        101,       5.05   ,    1.56879
          2,  388,        404,        920,       10.1,        101,       5.05   ,    1.01463
          2,  389,        985,        349,       10.1,        101,       5.05   ,  -0.520271
          2,  390,        798,        805,       10.1,        101,       5.05   ,     1.4047
          2,  391,        469,        352,       10.1,        101,       5.05   ,   0.295416
          2,  392,        984,        715,       10.1,        101,       5.05   ,    1.22097
          2,  393,        341,        586,       10.1,        101,       5.05   ,  -0.918555
          2,  394,        962,        349,       10.1,        101,       5.05   ,    1.52301
          2,  395,        792,        924,       10.1,        101,       5.05   ,  -0.850117
          2,  396,        758,        671,       10.1,        101,       5.05   , -0.0634177
          2,  397,         78,        233,       10.1,        101,       5.05   ,    1.13314
          2,  398,        422,        385,       10.1,        101,       5.05   ,    -1.2664
          2,  399,        733,        305,       10.1,        101,       5.05   ,   -1.01445
          2,  400,          6,        580,       10.1,        101,       5.05   ,   0.632148
          2,  401,        664,        400,       10.1,        101,       5.05   ,    1.38666
          2,  402,        214,        178,       10.1,        101,       5.05   ,  -0.738735
          2,  403,        902,        864,       10.1,        101,       5.05   ,   0.450946
          2,  404,        260,         93,       10.1,        101,       5.05   ,   0.407714
          2,  405,        653,        773,       10.1,        101,       5.05   ,  -0.176605
          2,  406,        109,        628,       10.1,        101,       5.05   ,    1.32316
          2,  407,        995,        165,       10.1,        101,       5.05   ,   0.505982
          2,  408,        921,        182,       10.1,        101,       5.05   ,   -1.04488
          2,  409,        945,         56,       10.1,        101,       5.05   ,  -0.559128
          2,  410,        746,         93,       10.1,        101,       5.05   ,    1.39651
          2,  411,        290,        485,       10.1,        101,       5.05   ,   -1.42886
          2,  412,        476,        139,       10.1,        101,       5.05   ,    1.23025
          2,  413,        934,        570,       10.1,        101,       5.05   ,   0.602124
          2,  414,         29,        973,       10.1,        101,       5.05   ,   -1.44112
          2,  415,          5,        727,       10.1,        101,       5.05   ,    1.02142
          2,  416,        705,        663,       10.1,        101,       5.05   ,   0.858626
          2,  417,        998,        434,       10.1,        101,       5.05   ,   -1.40306
          2,  418,        425,        438,       10.1,        101,       5.05   ,    0.78509
          2,  419,         33,        909,       10.1,        101,       5.05   ,   0.249234
          2,  420,        584,        941,       10.1,        101,       5.05   ,   0.357231
          2,  421,        716,        379,       10.1,        101,       5.05   ,  0.0345207
          2,  422,        928,        672,       10.1,        101,       5.05   ,    1.46417
          2,  423,        983,        153,       10.1,        101,       5.05   ,  -0.432044
          2,  424,        787,        106,       10.1,        101,       5.05   ,    1.09709
          2,  425,        221,        225,       10.1,        101,       5.05   ,   0.950056
          2,  426,        615,        232,       10.1,        101,       5.05   ,  -0.548704
          2,  427,        116,        897,       10.1,        101,       5.05   ,  0.0181128
          2,  428,        534,        886,       10.1,        101,       5.05   ,    1.03863
          2,  429,        637,        658,       10.1,        101,       5.05   ,  -0.665727
          2,  430,        874,        759,       10.1,        101,       5.05   ,  -0.558856
          2,  431,        909,         30,       10.1,        101,       5.05   ,   0.256962
          2,  432,        869,         17,       10.1,        101,       5.05   ,    1.45059
          2,  433,        553,        646,       10.1,        101,       5.05   ,    -1.5325
          2,  434,        347,        836,       10.1,        101,       5.05   ,    1.51317
          2,  435,        907,        980,       10.1,        101,       5.05   ,  -0.775516
          2,  436,         41,        852,       10.1,        101,       5.05   ,   0.272717
          2,  437,         40,        813,       10.1,        101,       5.05   ,  -0.146461
          2,  438,        240,        430,       10.1,        101,       5.05   ,  -0.575642
          2,  439,        409,        640,       10.1,        101,       5.05   ,   -1.08571
          2,  440,        806,        516,       10.1,        101,       5.05   ,  -0.329641
          2,  441,        269,        592,       10.1,        101,       5.05   ,  -0.113113
          2,  442,        578,        476,       10.1,        101,       5.05   ,  -0.671199
          2,  443,        920,        275,       10.1,        101,       5.05   ,  -0.877051
          2,  444,        555,        468,       10.1,        101,       5.05   , -0.0223652
          2,  445,        432,        736,       10.1,        101,       5.05   ,   0.951008
          2,  446,        914,        903,       10.1,        101,       5.05   ,  -0.585628
          2,  447,        178,        427,       10.1,        101,       5.05   ,  -0.689487
          2,  448,         48,        538,       10.1,        101,       5.05   ,  -0.104388
          2,  449,        736,        192,       10.1,        101,       5.05   ,   0.537533
          2,  450,        260,        566,       10.1,        101,       5.05   ,   0.613354
          2,  451,        581,        928,       10.1,        101,       5.05   ,  -0.318709
          2,  452,        335,        543,       10.1,        101,       5.05   ,   0.354181
          2,  453,        629,        362,       10.1,        101,       5.05   ,    0.70296
          2,  454,         64,        893,       10.1,        101,       5.05   ,   0.663095
          2,  455,        966,        428,       10.1,        101,       5.05   ,-0.00102185
          2,  456,        997,        433,       10.1,        101,       5.05   ,   0.967693
          2,  457,        629,        422,       10.1,        101,       5.05   ,   0.264957
          2,  458,        419,        349,       10.1,        101,       5.05   ,    1.48316
          2,  459,        682,        692,       10.1,        101,       5.05   ,   -0.77533
          2,  460,        361,        933,       10.1,        101,       5.05   ,    1.30287
          2,  461,        887,        270,       10.1,        101,       5.05   ,  -0.633278
          2,  462,        776,        317,       10.1,        101,       5.05   ,    1.13245
          2,  463,        512,        172,       10.1,        101,       5.05   ,   0.937225
          2,  464,        343,        593,       10.1,        101,       5.05   ,  -0.323209
          2,  465,        914,        391,       10.1,        101,       5.05   ,  -0.301053
          2,  466,        999,        393,       10.1,        101,       5.05   ,    1.21686
          2,  467,        798,        861,       10.1,        101,       5.05   ,  -0.247556
          2,  468,        455,        534,       10.1,        101,       5.05   ,      1.185
          2,  469,        845,        106,       10.1,        101,       5.05   ,     1.4348
          2,  470,         85,        294,       10.1,        101,       5.05   ,   0.812737
          2,  471,        918,        778,       10.1,        101,       5.05   , -0.0347573
          2,  472,        726,        583,       10.1,        101,       5.05   ,  -0.443777
          2,  473,        265,        699,       10.1,        101,       5.05   ,   -1.03214
          2,  474,        101,        297,       10.1,        101,       5.05   ,    1.16604
          2,  475,        256,         20,       10.1,        101,       5.05   ,   0.341656
          2,  476,        692,        151,       10.1,        101,       5.05   ,   -1.21329
          2,  477,        289,         32,       10.1,        101,       5.05   ,   0.483261
          2,  478,        185,        107,       10.1,        101,       5.05   ,  -0.679317
          2,  479,         40,          1,       10.1,        101,       5.05   ,   -1.03617
          2,  480,        672,        261,       10.1,        101,       5.05   , 0.00597933
          2,  481,        656,         33,       10.1,        101,       5.05   ,   -1.31635
          2,  482,        177,         37,       10.1,        101,       5.05   ,  -0.977901
          2,  483,        126,        546,       10.1,        101,       5.05   ,   -1.52184
          2,  484,        478,        559,       10.1,        101,       5.05   ,  -0.982756
          2,  485,        662,        572,       10.1,        101,       5.05   ,  -0.697015
          2,  486,        430,         99,       10.1,        101,       5.05   ,   0.579124
          2,  487,        187,        790,       10.1,        101,       5.05   ,   0.948494
          2,  488,         61,        402,       10.1,        101,       5.05   ,   0.826816
          2,  489,        873,        639,       10.1,        101,       5.05   ,    1.08367
          2,  490,        802,        843,       10.1,        101,       5.05   ,  -0.512307
          2,  491,        464,        671,       10.1,        101,       5.05   ,   0.930178
          2,  492,        233,        807,       10.1,        101,       5.05   ,    0.13931
          2,  493,        267,        405,       10.1,        101,       5.05   ,  -0.392613
          2,  494,        455,        331,       10.1,        101,       5.05   ,  -0.525125
          2,  495,        605,        343,       10.1,        101,       5.05   ,   0.991728
          2,  496,        951,        577,       10.1,        101,       5.05   ,   0.275772
          2,  497,        666,        760,       10.1,        101,       5.05   ,    -1.1423
          2,  498,        152,        334,       10.1,        101,       5.05   ,    0.64082
          2,  499,        151,        339,       10.1,        101,       5.05   ,   0.758987
          2,  500,        601,        437,       10.1,        101,       5.05   ,  -0.193951
          2,  501,        386,        519,       10.1,        101,       5.05   ,   -1.08574
          2,  502,        186,        197,       10.1,        101,       5.05   ,  -0.249501
          2,  503,        321,        241,       10.1,        101,       5.05   ,  -0.150478
          2,  504,        596,         79,       10.1,        101,       5.05   , -0.0979623
          2,  505,        640,         85,       10.1,        101,       5.05   ,     1.5579
          2,  506,        598,        425,       10.1,        101,       5.05   ,   0.550437
          2,  507,        309,        734,       10.1,        101,       5.05   ,   0.546511
          2,  508,        880,        369,       10.1,        101,       5.05   ,   -1.01831
          2,  509,        492,        706,       10.1,        101,       5.05   ,   -1.40101
          2,  510,        694,        759,       10.1,        101,       5.05   ,    1.49368
          2,  511,        343,        495,       10.1,        101,       5.05   ,   0.538517
          2,  512,        208,        539,       10.1,        101,       5.05   ,  -0.971405
          2,  513,         72,         48,       10.1,        101,       5.05   ,   -1.31858
          2,  514,        555,        294,       10.1,        101,       5.05   ,  -0.222916
          2,  515,        198,        462,       10.1,        101,       5.05   ,   -1.19773
          2,  516,        854,        844,       10.1,        101,       5.05   ,  -0.778636
          2,  517,        544,        814,       10.1,        101,       5.05   ,  -0.825679
          2,  518,        324,         46,       10.1,        101,       5.05   ,    1.36889
          2,  519,        119,        757,       10.1,        101,       5.05   ,    1.30912
          2,  520,        494,        201,       10.1,        101,       5.05   ,   -0.84016
          2,  521,        300,        662,       10.1,        101,       5.05   ,  -0.728586
          2,  522,        818,        653,       10.1,        101,       5.05   ,   0.475494
          2,  523,        477,        527,       10.1,        101,       5.05   ,   0.303724
          2,  524,        775,        741,       10.1,        101,       5.05   ,   0.355136
          2,  525,        488,        987,       10.1,        101,       5.05   ,    -1.3449
          2,  526,        376,        354,       10.1,        101,       5.05   ,   0.828849
          2,  527,        290,        731,       10.1,        101,       5.05   ,   0.283579
          2,  528,        445,        731,       10.1,        101,       5.05   ,    1.19039
          2,  529,        662,        195,       10.1,        101,       5.05   ,   0.776602
          2,  530,        503,        317,       10.1,        101,       5.05   ,   0.871222
          2,  531,         50,        766,       10.1,        101,       5.05   ,   -1.45968
          2,  532,        923,        153,       10.1,        101,       5.05   ,    1.15798
          2,  533,        463,        642,       10.1,        101,       5.05   ,    -1.0278
          2,  534,         11,        657,       10.1,        101,       5.05   ,   0.951086
          2,  535,        504,        993,       10.1,        101,       5.05   ,   0.665825
          2,  536,        320,        175,       10.1,        101,       5.05   ,  -0.260876
          2,  537,        679,        838,       10.1,        101,       5.05   ,  0.0620589
          2,  538,        872,        851,       10.1,        101,       5.05   ,  -0.797143
          2,  539,        520,        893,       10.1,        101,       5.05   ,   -1.42278
          2,  540,        729,        210,       10.1,        101,       5.05   ,    1.10834
          2,  541,        477,        452,       10.1,        101,       5.05   ,  0.0590802
          2,  542,        912,        111,       10.1,        101,       5.05   ,   -1.23824
          2,  543,         12,        636,       10.1,        101,       5.05   ,   -1.41299
          2,  544,        174,        981,       10.1,        101,       5.05   ,  -0.405398
          2,  545,        347,        439,       10.1,        101,       5.05   ,   0.269893
          2,  546,        958,        289,       10.1,        101,       5.05   ,   -1.20016
          2,  547,         16,        576,       10.1,        101,       5.05   ,   -1.04358
          2,  548,        827,         81,       10.1,        101,       5.05   ,   0.248938
          2,  549,        196,         32,       10.1,        101,       5.05   ,   0.347245
          2,  550,        989,        975,       10.1,        101,       5.05   ,    1.00482
          2,  551,        340,        902,       10.1,        101,       5.05   ,   -1.56722
          2,  552,        624,        745,       10.1,        101,       5.05   ,   0.247529
          2,  553,        897,        560,       10.1,        101,       5.05   ,  -0.129616
          2,  554,        834,         74,       10.1,        101,       5.05   ,   -0.82505
          2,  555,        638,         45,       10.1,        101,       5.05   ,  -0.326366
          2,  556,        800,        893,       10.1,        101,       5.05   ,  -0.153797
          2,  557,        491,        284,       10.1,        101,       5.05   ,   0.896232
          2,  558,        924,        957,       10.1,        101,       5.05   ,  -0.127326
          2,  559,        175,        303,       10.1,        101,       5.05   ,   0.418098
          2,  560,        101,        342,       10.1,        101,       5.05   ,  -0.677437
          2,  561,        369,        518,       10.1,        101,       5.05   ,    1.44656
          2,  562,        221,        505,       10.1,        101,       5.05   ,  -0.691855
          2,  563,        385,        973,       10.1,        101,       5.05   ,    1.02294
          2,  564,        446,        847,       10.1,        101,       5.05   ,   0.886332
          2,  565,        644,        158,       10.1,        101,       5.05   ,   -1.50948
          2,  566,        602,        261,       10.1,        101,       5.05   ,    1.02242
          2,  567,        676,        566,       10.1,        101,       5.05   ,    1.39919
          2,  568,        447,        305,       10.1,        101,       5.05   ,   0.886425
          2,  569,        486,        447,       10.1,        101,       5.05   ,    1.39181
          2,  570,        392,        858,       10.1,        101,       5.05   ,  -0.464295
          2,  571,        233,        206,       10.1,        101,       5.05   ,  -0.405835
          2,  572,        503,        516,       10.1,        101,       5.05   ,   0.643372
          2,  573,        771,        828,       10.1,        101,       5.05   ,  -0.530984
          2,  574,         79,        729,       10.1,        101,       5.05   ,    1.26971
          2,  575,        897,         76,       10.1,        101,       5.05   ,  -0.860621
          2,  576,        468,        390,       10.1,        101,       5.05   ,   0.503643
          2,  577,        854,        366,       10.1,        101,       5.05   ,   0.113808
          2,  578,        940,        150,       10.1,        101,       5.05   ,  0.0121596
          2,  579,        683,        588,       10.1,        101,       5.05   ,   -0.71687
          2,  580,         90,        290,       10.1,        101,       5.05   ,   -1.47286
          2,  581,        600,        507,       10.1,        101,       5.05   ,  -0.899507
          2,  582,        138,        557,       10.1,        101,       5.05   ,   0.447534
          2,  583,        900,        904,       10.1,        101,       5.05   ,    1.28732
          2,  584,         90,        276,       10.1,        101,       5.05   ,    1.28779
          2,  585,        383,        750,       10.1,        101,       5.05   ,  -0.918593
          2,  586,         45,        512,       10.1,        101,       5.05   ,   -1.27177
          2,  587,        964,        314,       10.1,        101,       5.05   ,   0.258622
          2,  588,        469,        646,       10.1,        101,       5.05   ,    0.98598
          2,  589,        826,        145,       10.1,        101,       5.05   ,  -0.199909
          2,  590,        553,        404,       10.1,        101,       5.05   ,    0.58842
          2,  591,        194,        770,       10.1,        101,       5.05   ,   -1.20572
          2,  592,        365,        982,       10.1,        101,       5.05   ,  -0.520005
          2,  593,        262,        892,       10.1,        101,       5.05   ,    1.34968
          2,  594,        443,        186,       10.1,        101,       5.05   ,    1.56223
          2,  595,        831,        717,       10.1,        101,       5.05   ,  -0.572562
          2,  596,        650,         57,       10.1,        101,       5.05   ,  -0.265743
          2,  597,        447,        719,       10.1,        101,       5.05   ,   0.661784
          2,  598,        121,          6,       10.1,        101,       5.05   ,   -1.23956
          2,  599,        907,        696,       10.1,        101,       5.05   ,  -0.356117
          2,  600,        230,        723,       10.1,        101,       5.05   ,  -0.662634
          2,  601,        871,        976,       10.1,        101,       5.05   ,  -0.684718
          2,  602,        363,        968,       10.1,        101,       5.05   ,   0.320031
          2,  603,        542,        529,       10.1,        101,       5.05   ,    1.09673
          2,  604,        130,        413,       10.1,        101,       5.05   ,   0.987435
          2,  605,        786,        985,       10.1,        101,       5.05   ,  -0.404466
          2,  606,         12,        154,       10.1,        101,       5.05   ,   0.977192
          2,  607,        700,        776,       10.1,        101,       5.05   ,    1.05044
          2,  608,        545,        159,       10.1,        101,       5.05   ,  -0.385367
          2,  609,        959,        479,       10.1,        101,       5.05   ,   0.674502
          2,  610,        108,        116,       10.1,        101,       5.05   ,   -1.41198
          2,  611,        729,        600,       10.1,        101,       5.05   ,   0.410197
          2,  612,        318,        690,       10.1,        101,       5.05   ,  -0.843601
          2,  613,        467,        417,       10.1,        101,       5.05   ,   0.407601
          2,  614,        514,        636,       10.1,        101,       5.05   ,    1.54644
          2,  615,        450,        673,       10.1,        101,       5.05   ,   0.527042
          2,  616,        698,        291,       10.1,        101,       5.05   ,   0.689091
          2,  617,        382,        179,       10.1,        101,       5.05   ,   0.145804
          2,  618,        949,        590,       10.1,        101,       5.05   ,     1.1489
          2,  619,        669,        266,       10.1,        101,       5.05   ,    1.46225
          2,  620,         62,        322,       10.1,        101,       5.05   ,  -0.674873
          2,  621,        872,        505,       10.1,        101,       5.05   ,   -1.47965
          2,  622,        952,         41,       10.1,        101,       5.05   ,  -0.924986
          2,  623,        926,        280,       10.1,        101,       5.05   ,    -1.2354
          2,  624,        244,        741,       10.1,        101,       5.05   ,   -1.16477
          2,  625,        510,        517,       10.1,        101,       5.05   ,  -0.894207
          2,  626,        578,        908,       10.1,        101,       5.05   ,   0.424968
          2,  627,        930,        557,       10.1,        101,       5.05   ,   0.609346
          2,  628,        859,        192,       10.1,        101,       5.05   ,   0.790145
          2,  629,        829,        497,       10.1,        101,       5.05   ,  -0.471595
          2,  630,        721,        109,       10.1,        101,       5.05   ,   0.385946
          2,  631,        897,        625,       10.1,        101,       5.05   ,  -0.984649
          2,  632,        160,        218,       10.1,        101,       5.05   ,   -1.21257
          2,  633,        142,        681,       10.1,        101,       5.05   ,    0.89823
          2,  634,        689,         90,       10.1,        101,       5.05   ,   0.663043
          2,  635,        277,        845,       10.1,        101,       5.05   ,  -0.427645
          2,  636,        686,        365,       10.1,        101,       5.05   ,  -0.108937
          2,  637,        874,        137,       10.1,        101,       5.05   ,    1.14954
          2,  638,        795,        986,       10.1,        101,       5.05   ,    1.36395
          2,  639,        564,        801,       10.1,        101,       5.05   ,  0.0526888
          2,  640,        907,        188,       10.1,        101,       5.05   ,  -0.656274
          2,  641,        594,        314,       10.1,        101,       5.05   ,  -0.160635
          2,  642,        270,        181,       10.1,        101,       5.05   ,   0.815441
          2,  643,        747,        725,       10.1,        101,       5.05   ,   0.326648
          2,  644,        246,        480,       10.1,        101,       5.05   ,    1.46145
          2,  645,        129,        307,       10.1,        101,       5.05   ,  -0.371333
          2,  646,        510,        754,       10.1,        101,       5.05   ,   0.987293
          2,  647,        997,        333,       10.1,        101,       5.05   ,    1.45219
          2,  648,        838,        969,       10.1,        101,       5.05   ,    1.20213
          2,  649,        390,        993,       10.1,        101,       5.05   ,  -0.143074
          2,  650,        394,        811,       10.1,        101,       5.05   ,   -1.06325
          2,  651,         87,        729,       10.1,        101,       5.05   ,    1.39538
          2,  652,        788,        153,       10.1,        101,       5.05   ,  -0.141469
          2,  653,         55,        481,       10.1,        101,       5.05   ,   0.307171
          2,  654,        447,        258,       10.1,        101,       5.05   ,    1.55169
          2,  655,        107,        187,       10.1,        101,       5.05   ,   -1.35666
          2,  656,        532,        790,       10.1,        101,       5.05   ,   0.654355
          2,  657,        464,        169,       10.1,        101,       5.05   ,   0.466835
          2,  658,        134,         18,       10.1,        101,       5.05   ,     1.2011
          2,  659,        293,        165,       10.1,        101,       5.05   ,  -0.748884
          2,  660,        613,        964,       10.1,        101,       5.05   ,   0.550881
          2,  661,        884,        404,       10.1,        101,       5.05   ,     1.0447
          2,  662,        320,        206,       10.1,        101,       5.05   ,    1.17483
          2,  663,        289,        455,       10.1,        101,       5.05   ,  -0.679169
          2,  664,        636,        875,       10.1,        101,       5.05   ,  -0.190641
          2,  665,        572,        293,       10.1,        101,       5.05   ,   0.903196
          2,  666,        441,        259,       10.1,        101,       5.05   ,    1.40586
          2,  667,        685,        899,       10.1,        101,       5.05   ,    1.43906
          2,  668,        267,        307,       10.1,        101,       5.05   ,  0.0833398
          2,  669,        731,        898,       10.1,        101,       5.05   ,   0.945627
          2,  670,        594,         11,       10.1,        101,       5.05   ,   0.307867
          2,  671,        682,        985,       10.1,        101,       5.05   ,   -1.24099
          2,  672,        839,        361,       10.1,        101,       5.05   ,    1.02312
          2,  673,        196,        502,       10.1,        101,       5.05   ,   0.930033
          2,  674,        831,        398,       10.1,        101,       5.05   ,  -0.769388
          2,  675,        365,        408,       10.1,        101,       5.05   ,   0.643915
          2,  676,        633,        952,       10.1,        101,       5.05   ,     1.3824
          2,  677,        352,        429,       10.1,        101,       5.05   ,   -0.95541
          2,  678,        635,        472,       10.1,        101,       5.05   ,   -1.25013
------------------------------------------------------------------------------
Component[2] Total Sloped Parallelepiped = 678