Component 1 maximum area=0.326731 [on 1000x1000]
Component type: Ellipse
---------------------------------------------------------------------------------------
--------------|------- Center-----|----- dimensions---------|----------------------
component| id|   X        |     Y    |  Width/a     | height/b |   hoop   |   Slope    
---------------------------------------------------------------------------------------
          1,    1,        804,         77,       50.5,       50.5,      2.525   ,   -1.44237
          1,    2,        730,        708,       50.5,       50.5,      2.525   ,    -0.9621
          1,    3,        154,        950,       50.5,       50.5,      2.525   ,  -0.665887
          1,    4,        667,        822,       50.5,       50.5,      2.525   ,   0.633137
          1,    5,        451,        559,       50.5,       50.5,      2.525   ,  -0.446278
          1,    6,        808,        367,       50.5,       50.5,      2.525   ,   0.115271
          1,    7,        738,        361,       50.5,       50.5,      2.525   ,   -1.20503
          1,    8,        873,        346,       50.5,       50.5,      2.525   ,   0.311765
          1,    9,        240,        935,       50.5,       50.5,      2.525   ,    1.37253
          1,   10,        393,        722,       50.5,       50.5,      2.525   ,    1.02251
          1,   11,        909,        928,       50.5,       50.5,      2.525   ,  -0.810982
          1,   12,         30,        345,       50.5,       50.5,      2.525   ,   0.613705
          1,   13,        612,        281,       50.5,       50.5,      2.525   ,   -1.02204
          1,   14,        198,        275,       50.5,       50.5,      2.525   ,   -1.11952
          1,   15,        508,        291,       50.5,       50.5,      2.525   ,    1.56163
          1,   16,        811,        304,       50.5,       50.5,      2.525   ,   -1.34878
          1,   17,        557,        976,       50.5,       50.5,      2.525   ,     1.4521
          1,   18,        293,        201,       50.5,       50.5,      2.525   ,   -1.05601
          1,   19,        108,        790,       50.5,       50.5,      2.525   ,   0.828028
          1,   20,        415,        992,       50.5,       50.5,      2.525   ,   -0.84336
          1,   21,        449,        861,       50.5,       50.5,      2.525   ,    0.69568
          1,   22,        795,        241,       50.5,       50.5,      2.525   ,  -0.290314
          1,   23,        691,        523,       50.5,       50.5,      2.525   ,   -1.05978
          1,   24,        854,        558,       50.5,       50.5,      2.525   ,    1.04848
          1,   25,        289,        662,       50.5,       50.5,      2.525   ,  -0.735069
          1,   26,        898,        711,       50.5,       50.5,      2.525   ,   0.727414
          1,   27,        351,        924,       50.5,       50.5,      2.525   ,    1.24894
          1,   28,        634,        438,       50.5,       50.5,      2.525   ,  0.0009448
          1,   29,        480,        903,       50.5,       50.5,      2.525   ,   0.237737
          1,   30,         87,        748,       50.5,       50.5,      2.525   ,  -0.651907
          1,   31,        153,        694,       50.5,       50.5,      2.525   ,   0.937744
          1,   32,        195,        733,       50.5,       50.5,      2.525   ,  -0.243477
          1,   33,        811,        587,       50.5,       50.5,      2.525   ,    1.26725
          1,   34,        765,         36,       50.5,       50.5,      2.525   ,     -1.457
          1,   35,        576,        674,       50.5,       50.5,      2.525   ,    1.55588
          1,   36,        904,        227,       50.5,       50.5,      2.525   ,   -0.31275
          1,   37,        846,        879,       50.5,       50.5,      2.525   ,  -0.889231
          1,   38,        503,        144,       50.5,       50.5,      2.525   ,  -0.395777
          1,   39,         20,          7,       50.5,       50.5,      2.525   ,    1.03903
          1,   40,          7,        676,       50.5,       50.5,      2.525   ,     1.4422
          1,   41,         19,         84,       50.5,       50.5,      2.525   ,    0.59915
          1,   42,        466,        903,       50.5,       50.5,      2.525   ,  -0.234179
          1,   43,         50,         56,       50.5,       50.5,      2.525   ,   0.464475
          1,   44,         91,        864,       50.5,       50.5,      2.525   ,  -0.635473
          1,   45,        683,        983,       50.5,       50.5,      2.525   ,   0.292863
          1,   46,        185,        247,       50.5,       50.5,      2.525   ,  -0.599744
          1,   47,        568,        792,       50.5,       50.5,      2.525   ,   -1.35461
          1,   48,        463,        482,       50.5,       50.5,      2.525   ,   -0.10691
          1,   49,        725,        772,       50.5,       50.5,      2.525   ,    1.31766
------------------------------------------------------------------------------
Component[1] Total Ellipsoids = 49
Component[1] Real area in [1000x1000]= 0.327065%=
------------------------------------------------------------------------------
