Component 1 maximum area=0.326731 [on 1000x1000]
Component type: Ellipse
---------------------------------------------------------------------------------------
--------------|------- Center-----|----- dimensions---------|----------------------
component| id|    X       |     Y      |  Width/a     | height/b |   hoop   |   Slope   
---------------------------------------------------------------------------------------
          1,    1,        577,        629,       50.5,       50.5,      2.525   ,    1.33491
          1,    2,        780,        745,       50.5,       50.5,      2.525   ,    1.56702
          1,    3,        358,        150,       50.5,       50.5,      2.525   ,   0.581716
          1,    4,        839,        130,       50.5,       50.5,      2.525   ,  -0.711608
          1,    5,        425,        942,       50.5,       50.5,      2.525   ,   0.390473
          1,    6,        870,        480,       50.5,       50.5,      2.525   ,    1.09544
          1,    7,        579,        471,       50.5,       50.5,      2.525   ,   0.727661
          1,    8,        191,        327,       50.5,       50.5,      2.525   ,  -0.976165
          1,    9,        799,        906,       50.5,       50.5,      2.525   ,     -1.315
          1,   10,        201,        800,       50.5,       50.5,      2.525   ,   0.985028
          1,   11,        857,        223,       50.5,       50.5,      2.525   ,   -1.32595
          1,   12,        593,        883,       50.5,       50.5,      2.525   ,  0.0165371
          1,   13,        110,        523,       50.5,       50.5,      2.525   ,   0.504017
          1,   14,        993,        273,       50.5,       50.5,      2.525   ,  -0.593339
          1,   15,        508,        744,       50.5,       50.5,      2.525   ,  -0.414154
          1,   16,        855,        632,       50.5,       50.5,      2.525   ,    1.37366
          1,   17,         70,        337,       50.5,       50.5,      2.525   ,   0.693461
          1,   18,         56,        740,       50.5,       50.5,      2.525   ,    1.45779
          1,   19,        767,        923,       50.5,       50.5,      2.525   ,   -1.55947
          1,   20,        988,        567,       50.5,       50.5,      2.525   ,    1.53318
          1,   21,        870,        879,       50.5,       50.5,      2.525   ,  -0.673644
          1,   22,        856,        374,       50.5,       50.5,      2.525   ,  -0.731784
          1,   23,         42,        172,       50.5,       50.5,      2.525   ,  -0.618443
          1,   24,        282,        710,       50.5,       50.5,      2.525   ,   -0.26098
          1,   25,        933,         94,       50.5,       50.5,      2.525   ,   -1.19118
          1,   26,        988,         27,       50.5,       50.5,      2.525   ,  -0.788355
          1,   27,        112,        254,       50.5,       50.5,      2.525   ,   0.620544
          1,   28,        159,        358,       50.5,       50.5,      2.525   ,  -0.829016
          1,   29,        282,        928,       50.5,       50.5,      2.525   ,  -0.335784
          1,   30,        949,        543,       50.5,       50.5,      2.525   ,  -0.507443
          1,   31,        913,        843,       50.5,       50.5,      2.525   ,    1.07424
          1,   32,        320,        396,       50.5,       50.5,      2.525   ,   -1.41919
          1,   33,        379,        203,       50.5,       50.5,      2.525   ,  -0.381272
          1,   34,        300,        365,       50.5,       50.5,      2.525   ,   -0.95834
          1,   35,        916,        725,       50.5,       50.5,      2.525   ,     1.1719
          1,   36,        640,         97,       50.5,       50.5,      2.525   ,   0.333057
          1,   37,        707,        860,       50.5,       50.5,      2.525   ,   -1.34174
          1,   38,        121,        512,       50.5,       50.5,      2.525   ,   -1.04973
          1,   39,        159,        887,       50.5,       50.5,      2.525   ,  -0.404137
          1,   40,        890,        861,       50.5,       50.5,      2.525   ,  -0.586718
          1,   41,         19,        948,       50.5,       50.5,      2.525   ,   0.386416
          1,   42,        985,        448,       50.5,       50.5,      2.525   ,    1.08813
          1,   43,        826,        612,       50.5,       50.5,      2.525   ,    1.49651
          1,   44,        524,        123,       50.5,       50.5,      2.525   ,  -0.981324
          1,   45,        118,        423,       50.5,       50.5,      2.525   ,    1.37356
          1,   46,        495,        360,       50.5,       50.5,      2.525   ,  -0.519213
          1,   47,        805,        397,       50.5,       50.5,      2.525   ,   -1.30347
          1,   48,        678,        714,       50.5,       50.5,      2.525   ,   0.963526
          1,   49,        783,         25,       50.5,       50.5,      2.525   ,   -1.32825
------------------------------------------------------------------------------
Component[1] Total Ellipsoids = 49