Component 2 maximum area=0.323322 [on 1000x1000]
Component type: Sloped rectangle
---------------------------------------------------------------------------------------
--------------|------- Center-----|----- dimensions---------|----------------------
component| id|    X       |     Y      |  Width/a     | height/b |   hoop   |   Slope   
---------------------------------------------------------------------------------------
          2,    1,        787,        194,       10.1,        101,       5.05   ,  -0.399312
          2,    2,        517,        632,       10.1,        101,       5.05   ,  -0.749516
          2,    3,        856,        404,       10.1,        101,       5.05   ,   -1.12146
          2,    4,        633,        634,       10.1,        101,       5.05   ,  -0.666992
          2,    5,        787,        540,       10.1,        101,       5.05   ,   0.235467
          2,    6,        387,        430,       10.1,        101,       5.05   ,   0.822628
          2,    7,         28,        557,       10.1,        101,       5.05   ,   -1.19233
          2,    8,        126,        991,       10.1,        101,       5.05   ,    1.12521
          2,    9,        991,        237,       10.1,        101,       5.05   ,   -1.53017
          2,   10,          2,        616,       10.1,        101,       5.05   ,    1.30655
          2,   11,        302,        314,       10.1,        101,       5.05   ,    0.38939
          2,   12,        624,        327,       10.1,        101,       5.05   ,   -1.17118
          2,   13,        815,        397,       10.1,        101,       5.05   ,   0.227429
          2,   14,        332,        294,       10.1,        101,       5.05   ,  -0.952107
          2,   15,        271,        756,       10.1,        101,       5.05   ,    1.06174
          2,   16,        152,        712,       10.1,        101,       5.05   ,   -1.41468
          2,   17,        620,          1,       10.1,        101,       5.05   ,    1.30872
          2,   18,        177,        173,       10.1,        101,       5.05   ,  -0.298769
          2,   19,         47,        989,       10.1,        101,       5.05   ,   -0.24208
          2,   20,        336,        923,       10.1,        101,       5.05   ,  -0.080084
          2,   21,        958,        880,       10.1,        101,       5.05   ,   -0.26306
          2,   22,         14,        268,       10.1,        101,       5.05   ,    0.68288
          2,   23,        193,        816,       10.1,        101,       5.05   ,    1.13527
          2,   24,        587,        870,       10.1,        101,       5.05   ,    1.56621
          2,   25,        512,        444,       10.1,        101,       5.05   ,    1.49671
          2,   26,        688,        435,       10.1,        101,       5.05   ,   -1.36694
          2,   27,         40,        721,       10.1,        101,       5.05   ,   -1.45875
          2,   28,        126,        948,       10.1,        101,       5.05   ,  -0.721116
          2,   29,        870,        546,       10.1,        101,       5.05   ,   0.288191
          2,   30,        914,        742,       10.1,        101,       5.05   ,   0.295853
          2,   31,        892,        220,       10.1,        101,       5.05   ,    0.07282
          2,   32,         62,         67,       10.1,        101,       5.05   ,  -0.605152
          2,   33,        861,        386,       10.1,        101,       5.05   ,   0.258418
          2,   34,        772,        459,       10.1,        101,       5.05   ,    1.46864
          2,   35,        757,        179,       10.1,        101,       5.05   ,  -0.988992
          2,   36,        353,        521,       10.1,        101,       5.05   ,   -1.21604
          2,   37,        511,        303,       10.1,        101,       5.05   ,    1.18291
          2,   38,        244,        126,       10.1,        101,       5.05   ,   0.231912
          2,   39,        630,        106,       10.1,        101,       5.05   ,    1.15856
          2,   40,        290,        126,       10.1,        101,       5.05   ,   0.894584
          2,   41,        888,        201,       10.1,        101,       5.05   ,   -1.05663
          2,   42,        687,        574,       10.1,        101,       5.05   ,   0.400186
          2,   43,        604,        201,       10.1,        101,       5.05   ,   -1.19994
          2,   44,        728,        322,       10.1,        101,       5.05   ,   0.205389
          2,   45,        345,        143,       10.1,        101,       5.05   ,     1.3767
          2,   46,        668,          2,       10.1,        101,       5.05   ,    1.42192
          2,   47,        437,        104,       10.1,        101,       5.05   ,  -0.698464
          2,   48,        875,        474,       10.1,        101,       5.05   ,  -0.152307
          2,   49,        157,         61,       10.1,        101,       5.05   ,   0.444831
          2,   50,        453,        342,       10.1,        101,       5.05   ,  -0.647615
          2,   51,        380,        329,       10.1,        101,       5.05   ,   0.502797
          2,   52,        211,        278,       10.1,        101,       5.05   ,    1.11922
          2,   53,        490,        618,       10.1,        101,       5.05   ,  -0.897112
          2,   54,        898,        831,       10.1,        101,       5.05   , -0.0856091
          2,   55,        238,        961,       10.1,        101,       5.05   ,   0.781066
          2,   56,        168,        258,       10.1,        101,       5.05   ,  -0.514486
          2,   57,        294,        186,       10.1,        101,       5.05   ,   0.368082
          2,   58,        958,        349,       10.1,        101,       5.05   ,   -0.84423
          2,   59,        643,        336,       10.1,        101,       5.05   ,    1.34962
          2,   60,        937,        727,       10.1,        101,       5.05   ,  -0.447886
          2,   61,        569,        936,       10.1,        101,       5.05   ,    1.46904
          2,   62,        469,        523,       10.1,        101,       5.05   ,  -0.164611
          2,   63,        780,        487,       10.1,        101,       5.05   ,    1.54763
          2,   64,        683,        133,       10.1,        101,       5.05   ,    1.07604
          2,   65,        400,        863,       10.1,        101,       5.05   ,   -1.21636
          2,   66,        461,         95,       10.1,        101,       5.05   ,  -0.262936
          2,   67,        121,        526,       10.1,        101,       5.05   ,     -1.184
          2,   68,        633,         55,       10.1,        101,       5.05   ,   0.924301
          2,   69,        231,        651,       10.1,        101,       5.05   ,  -0.906574
          2,   70,        593,        262,       10.1,        101,       5.05   ,    1.21729
          2,   71,        465,        923,       10.1,        101,       5.05   ,     1.0049
          2,   72,        155,        849,       10.1,        101,       5.05   , -0.0596288
          2,   73,        213,        970,       10.1,        101,       5.05   ,   0.786748
          2,   74,        815,        595,       10.1,        101,       5.05   ,   0.257143
          2,   75,        449,         65,       10.1,        101,       5.05   ,  0.0925708
          2,   76,        115,         48,       10.1,        101,       5.05   ,   0.661913
          2,   77,        648,        236,       10.1,        101,       5.05   ,  -0.857771
          2,   78,        842,        231,       10.1,        101,       5.05   ,   -1.48112
          2,   79,        811,        816,       10.1,        101,       5.05   ,  -0.169016
          2,   80,        393,        431,       10.1,        101,       5.05   ,   -1.35705
          2,   81,        189,        802,       10.1,        101,       5.05   ,    1.28549
          2,   82,        339,        710,       10.1,        101,       5.05   ,    1.27238
          2,   83,        422,        760,       10.1,        101,       5.05   ,   0.263756
          2,   84,        102,        729,       10.1,        101,       5.05   ,    1.12937
          2,   85,        481,         11,       10.1,        101,       5.05   ,   0.664197
          2,   86,        479,        691,       10.1,        101,       5.05   ,  -0.323896
          2,   87,        248,         47,       10.1,        101,       5.05   ,    0.11794
          2,   88,        483,        715,       10.1,        101,       5.05   ,    1.53291
          2,   89,        407,        576,       10.1,        101,       5.05   ,   -1.09651
          2,   90,        676,        163,       10.1,        101,       5.05   ,  -0.391279
          2,   91,        988,        800,       10.1,        101,       5.05   ,   -1.06422
          2,   92,        735,        546,       10.1,        101,       5.05   ,  -0.354336
          2,   93,        539,        328,       10.1,        101,       5.05   ,   0.974115
          2,   94,        953,         21,       10.1,        101,       5.05   ,   0.202821
          2,   95,        465,        391,       10.1,        101,       5.05   ,   0.924485
          2,   96,        202,        282,       10.1,        101,       5.05   ,  -0.911825
          2,   97,        555,        194,       10.1,        101,       5.05   ,   0.548004
          2,   98,        844,        837,       10.1,        101,       5.05   ,  -0.284158
          2,   99,        320,        153,       10.1,        101,       5.05   ,   -1.03533
          2,  100,        949,        375,       10.1,        101,       5.05   ,   0.478891
          2,  101,        934,        600,       10.1,        101,       5.05   ,  -0.171105
          2,  102,        535,        815,       10.1,        101,       5.05   ,  -0.239481
          2,  103,        137,        678,       10.1,        101,       5.05   ,   -1.36331
          2,  104,        815,        497,       10.1,        101,       5.05   ,   0.347696
          2,  105,        466,        634,       10.1,        101,       5.05   ,   -1.37138
          2,  106,        527,        974,       10.1,        101,       5.05   ,   -1.30704
          2,  107,        953,        240,       10.1,        101,       5.05   ,   0.611233
          2,  108,        548,        280,       10.1,        101,       5.05   ,  -0.961434
          2,  109,        685,        889,       10.1,        101,       5.05   ,   -1.18128
          2,  110,        886,        389,       10.1,        101,       5.05   , -0.0346063
          2,  111,        887,        236,       10.1,        101,       5.05   ,  -0.759078
          2,  112,         88,        495,       10.1,        101,       5.05   ,  -0.953674
          2,  113,        278,        187,       10.1,        101,       5.05   ,   0.458456
          2,  114,        162,        413,       10.1,        101,       5.05   , -0.0851065
          2,  115,        817,        374,       10.1,        101,       5.05   ,   0.825109
          2,  116,        847,        290,       10.1,        101,       5.05   ,    1.41903
          2,  117,        500,        179,       10.1,        101,       5.05   ,   -0.47935
          2,  118,        348,        279,       10.1,        101,       5.05   ,   -1.23189
          2,  119,        398,        858,       10.1,        101,       5.05   ,  0.0632496
          2,  120,        255,        693,       10.1,        101,       5.05   ,   0.958791
          2,  121,        349,        353,       10.1,        101,       5.05   ,   0.169966
          2,  122,        101,        749,       10.1,        101,       5.05   ,  -0.268334
          2,  123,        349,        564,       10.1,        101,       5.05   ,    1.22009
          2,  124,        806,        532,       10.1,        101,       5.05   ,   -1.41521
          2,  125,        299,        924,       10.1,        101,       5.05   , -0.0212014
          2,  126,        647,        477,       10.1,        101,       5.05   ,  -0.951677
          2,  127,        105,        109,       10.1,        101,       5.05   ,    1.16821
          2,  128,        452,        518,       10.1,        101,       5.05   ,    1.05587
          2,  129,        235,        298,       10.1,        101,       5.05   ,   -1.42122
          2,  130,        553,        307,       10.1,        101,       5.05   ,   0.613529
          2,  131,        155,          9,       10.1,        101,       5.05   ,    1.43356
          2,  132,         45,        987,       10.1,        101,       5.05   ,  -0.143637
          2,  133,         96,        434,       10.1,        101,       5.05   ,   0.428903
          2,  134,        512,        970,       10.1,        101,       5.05   ,   -1.47057
          2,  135,        644,        132,       10.1,        101,       5.05   ,   -1.36217
          2,  136,        590,        241,       10.1,        101,       5.05   ,   0.236396
          2,  137,        773,        268,       10.1,        101,       5.05   ,   0.566411
          2,  138,        727,        319,       10.1,        101,       5.05   ,   -1.54061
          2,  139,        230,        752,       10.1,        101,       5.05   ,  0.0204307
          2,  140,        830,        839,       10.1,        101,       5.05   ,-0.00459826
          2,  141,        110,         32,       10.1,        101,       5.05   ,  -0.551875
          2,  142,        292,        493,       10.1,        101,       5.05   ,   -1.53282
          2,  143,        989,        860,       10.1,        101,       5.05   ,  -0.244877
          2,  144,        233,        544,       10.1,        101,       5.05   ,  -0.470514
          2,  145,        979,        933,       10.1,        101,       5.05   ,   0.564911
          2,  146,        850,        862,       10.1,        101,       5.05   ,   -1.35626
          2,  147,        380,        676,       10.1,        101,       5.05   ,   0.635355
          2,  148,        932,        906,       10.1,        101,       5.05   ,   -1.02152
          2,  149,        611,        833,       10.1,        101,       5.05   ,  -0.288283
          2,  150,        302,        108,       10.1,        101,       5.05   , -0.0131716
          2,  151,        578,        507,       10.1,        101,       5.05   ,  -0.416447
          2,  152,        683,        661,       10.1,        101,       5.05   ,   0.322621
          2,  153,        851,        475,       10.1,        101,       5.05   ,   -1.14814
          2,  154,        519,        225,       10.1,        101,       5.05   , -0.0689764
          2,  155,        464,        703,       10.1,        101,       5.05   ,   0.777897
          2,  156,        640,        752,       10.1,        101,       5.05   ,   0.111019
          2,  157,        675,        751,       10.1,        101,       5.05   ,  -0.358531
          2,  158,        988,        459,       10.1,        101,       5.05   ,  -0.245374
          2,  159,        918,        465,       10.1,        101,       5.05   ,   0.830121
          2,  160,        408,        752,       10.1,        101,       5.05   ,  -0.161751
          2,  161,        611,        363,       10.1,        101,       5.05   ,   -1.04747
          2,  162,        224,        927,       10.1,        101,       5.05   ,   -0.59844
          2,  163,        623,        711,       10.1,        101,       5.05   ,   0.479048
          2,  164,         45,        246,       10.1,        101,       5.05   ,  -0.126268
          2,  165,        683,        592,       10.1,        101,       5.05   ,    1.48853
          2,  166,        844,         39,       10.1,        101,       5.05   ,   0.497071
          2,  167,        264,        764,       10.1,        101,       5.05   ,   0.350578
          2,  168,        377,        248,       10.1,        101,       5.05   ,   -1.02547
          2,  169,        495,        900,       10.1,        101,       5.05   ,   -0.11591
          2,  170,        955,        729,       10.1,        101,       5.05   ,    1.31657
          2,  171,        389,        433,       10.1,        101,       5.05   ,  -0.297562
          2,  172,        776,        499,       10.1,        101,       5.05   ,  -0.116149
          2,  173,        889,        277,       10.1,        101,       5.05   ,    0.33977
          2,  174,        445,        327,       10.1,        101,       5.05   ,   0.109557
          2,  175,        285,        857,       10.1,        101,       5.05   ,    1.06724
          2,  176,        104,        188,       10.1,        101,       5.05   ,   -1.02838
          2,  177,        979,        871,       10.1,        101,       5.05   ,   -0.30275
          2,  178,        274,        471,       10.1,        101,       5.05   ,    1.45421
          2,  179,        809,        513,       10.1,        101,       5.05   ,   0.200295
          2,  180,        116,        102,       10.1,        101,       5.05   ,   0.157661
          2,  181,        589,        420,       10.1,        101,       5.05   ,   0.661937
          2,  182,        911,        788,       10.1,        101,       5.05   ,  0.0810875
          2,  183,        108,        734,       10.1,        101,       5.05   ,  -0.724637
          2,  184,        573,        695,       10.1,        101,       5.05   ,    1.01523
          2,  185,        502,        405,       10.1,        101,       5.05   ,   -1.50984
          2,  186,        347,        215,       10.1,        101,       5.05   ,  -0.589219
          2,  187,        713,         62,       10.1,        101,       5.05   ,  -0.760602
          2,  188,        219,        509,       10.1,        101,       5.05   ,  -0.817196
          2,  189,        646,        697,       10.1,        101,       5.05   ,   0.458529
          2,  190,        761,        959,       10.1,        101,       5.05   ,  -0.223095
          2,  191,        231,        681,       10.1,        101,       5.05   ,   0.677214
          2,  192,        919,        219,       10.1,        101,       5.05   ,     1.2851
          2,  193,        111,        617,       10.1,        101,       5.05   , -0.0955999
          2,  194,         80,        660,       10.1,        101,       5.05   ,   0.602946
          2,  195,         56,        128,       10.1,        101,       5.05   ,   0.128216
          2,  196,        671,        464,       10.1,        101,       5.05   ,   0.930253
          2,  197,        541,        115,       10.1,        101,       5.05   ,  -0.286528
          2,  198,        822,        152,       10.1,        101,       5.05   ,    1.16022
          2,  199,        234,        499,       10.1,        101,       5.05   ,    1.08196
          2,  200,        894,        822,       10.1,        101,       5.05   ,   -1.24265
          2,  201,        273,        595,       10.1,        101,       5.05   ,   -1.05854
          2,  202,        436,        800,       10.1,        101,       5.05   ,  -0.931179
          2,  203,        143,        250,       10.1,        101,       5.05   ,  -0.126216
          2,  204,        160,        445,       10.1,        101,       5.05   ,   0.145243
          2,  205,        475,        832,       10.1,        101,       5.05   ,    1.20214
          2,  206,        532,        896,       10.1,        101,       5.05   ,   -1.16428
          2,  207,        945,        184,       10.1,        101,       5.05   ,   0.221483
          2,  208,        495,        758,       10.1,        101,       5.05   ,  0.0535076
          2,  209,        965,        746,       10.1,        101,       5.05   ,   0.552254
          2,  210,        369,        182,       10.1,        101,       5.05   ,  -0.336431
          2,  211,         18,        937,       10.1,        101,       5.05   ,    1.07522
          2,  212,        313,        307,       10.1,        101,       5.05   ,  -0.131996
          2,  213,        455,        368,       10.1,        101,       5.05   ,    1.16765
          2,  214,        327,        409,       10.1,        101,       5.05   ,    0.45401
          2,  215,        746,        509,       10.1,        101,       5.05   ,  -0.823601
          2,  216,        600,        356,       10.1,        101,       5.05   ,  -0.894337
          2,  217,        522,        588,       10.1,        101,       5.05   ,  -0.412582
          2,  218,         67,        361,       10.1,        101,       5.05   ,     1.4968
          2,  219,        487,        665,       10.1,        101,       5.05   ,-0.00484198
          2,  220,        621,         39,       10.1,        101,       5.05   ,  -0.824654
          2,  221,        131,        303,       10.1,        101,       5.05   ,    1.09494
          2,  222,        277,        225,       10.1,        101,       5.05   ,   -1.17658
          2,  223,        564,        667,       10.1,        101,       5.05   ,   0.387978
          2,  224,        309,        339,       10.1,        101,       5.05   ,   0.535365
          2,  225,        539,        989,       10.1,        101,       5.05   ,  0.0534397
          2,  226,        880,        928,       10.1,        101,       5.05   ,   0.158395
          2,  227,          0,        418,       10.1,        101,       5.05   ,   0.469558
          2,  228,        153,        427,       10.1,        101,       5.05   ,    1.54807
          2,  229,        267,        365,       10.1,        101,       5.05   ,    1.24587
          2,  230,         54,         99,       10.1,        101,       5.05   ,  -0.316458
          2,  231,        527,         80,       10.1,        101,       5.05   ,  -0.216083
          2,  232,        766,        736,       10.1,        101,       5.05   ,    1.09283
          2,  233,        105,        362,       10.1,        101,       5.05   ,  -0.570476
          2,  234,        233,        995,       10.1,        101,       5.05   ,   -1.05386
          2,  235,        627,        236,       10.1,        101,       5.05   ,   0.400961
          2,  236,        386,        175,       10.1,        101,       5.05   ,    1.48195
          2,  237,        229,        283,       10.1,        101,       5.05   ,    1.04308
          2,  238,         20,        511,       10.1,        101,       5.05   ,  -0.836146
          2,  239,        473,        714,       10.1,        101,       5.05   ,  -0.563115
          2,  240,        391,        314,       10.1,        101,       5.05   , -0.0525589
          2,  241,        932,        767,       10.1,        101,       5.05   ,    1.19324
          2,  242,        586,        556,       10.1,        101,       5.05   , -0.0256881
          2,  243,        864,        614,       10.1,        101,       5.05   ,   0.035338
          2,  244,         59,        873,       10.1,        101,       5.05   ,    1.00214
          2,  245,        865,        696,       10.1,        101,       5.05   ,   -1.06214
          2,  246,        987,        442,       10.1,        101,       5.05   ,   0.156556
          2,  247,        359,        954,       10.1,        101,       5.05   ,    1.20715
          2,  248,        543,        778,       10.1,        101,       5.05   ,   -1.07466
          2,  249,        668,        142,       10.1,        101,       5.05   ,  -0.331272
          2,  250,        874,        937,       10.1,        101,       5.05   ,    1.14258
          2,  251,         77,        513,       10.1,        101,       5.05   ,   -1.48353
          2,  252,        147,        317,       10.1,        101,       5.05   ,   -1.14831
          2,  253,        954,        564,       10.1,        101,       5.05   ,  -0.775415
          2,  254,        243,        607,       10.1,        101,       5.05   ,  -0.233129
          2,  255,        603,        522,       10.1,        101,       5.05   ,      0.951
          2,  256,        336,         80,       10.1,        101,       5.05   ,   0.900957
          2,  257,        573,        987,       10.1,        101,       5.05   ,   -1.43703
          2,  258,        309,         52,       10.1,        101,       5.05   ,   0.689404
          2,  259,        930,        141,       10.1,        101,       5.05   ,    1.55587
          2,  260,        773,        727,       10.1,        101,       5.05   ,  0.0729349
          2,  261,        727,        427,       10.1,        101,       5.05   ,    1.25818
          2,  262,        245,        924,       10.1,        101,       5.05   ,   -1.05478
          2,  263,        930,        356,       10.1,        101,       5.05   ,   -1.00042
          2,  264,        548,        223,       10.1,        101,       5.05   ,   0.423389
          2,  265,        682,        118,       10.1,        101,       5.05   ,   0.365373
          2,  266,        177,        823,       10.1,        101,       5.05   ,    1.22898
          2,  267,         91,        548,       10.1,        101,       5.05   ,    1.00904
          2,  268,        519,        415,       10.1,        101,       5.05   ,   -0.21334
          2,  269,        226,        822,       10.1,        101,       5.05   ,   -0.86973
          2,  270,        489,        176,       10.1,        101,       5.05   ,   0.517931
          2,  271,        979,        847,       10.1,        101,       5.05   ,   0.969874
          2,  272,        658,        748,       10.1,        101,       5.05   ,   0.738114
          2,  273,        548,          6,       10.1,        101,       5.05   , -0.0308824
          2,  274,        720,        413,       10.1,        101,       5.05   ,  -0.365408
          2,  275,        520,        450,       10.1,        101,       5.05   ,   0.600728
          2,  276,        801,        156,       10.1,        101,       5.05   ,  -0.436671
          2,  277,        854,        722,       10.1,        101,       5.05   ,    1.09812
          2,  278,        816,        245,       10.1,        101,       5.05   ,    1.28563
          2,  279,        557,        344,       10.1,        101,       5.05   ,  -0.459875
          2,  280,        662,        299,       10.1,        101,       5.05   ,   0.966431
          2,  281,        866,        177,       10.1,        101,       5.05   ,   0.890763
          2,  282,        339,        499,       10.1,        101,       5.05   ,   0.319104
          2,  283,         76,        677,       10.1,        101,       5.05   ,    0.11322
          2,  284,        518,        587,       10.1,        101,       5.05   ,  -0.734269
          2,  285,        455,        206,       10.1,        101,       5.05   ,   0.805512
          2,  286,        782,        776,       10.1,        101,       5.05   ,   -1.21583
          2,  287,        844,        531,       10.1,        101,       5.05   ,  -0.436223
          2,  288,        982,        709,       10.1,        101,       5.05   ,   -1.45835
          2,  289,          8,        794,       10.1,        101,       5.05   , -0.0638431
          2,  290,        325,         84,       10.1,        101,       5.05   ,     1.5079
          2,  291,        618,        816,       10.1,        101,       5.05   ,    1.37871
          2,  292,         60,        986,       10.1,        101,       5.05   ,    1.18658
          2,  293,        715,        176,       10.1,        101,       5.05   ,     1.2744
          2,  294,        354,         16,       10.1,        101,       5.05   ,   -1.35527
          2,  295,         17,         83,       10.1,        101,       5.05   ,   0.942896
          2,  296,         94,        364,       10.1,        101,       5.05   ,    1.04535
          2,  297,        964,        382,       10.1,        101,       5.05   ,    1.31774
          2,  298,        602,        616,       10.1,        101,       5.05   ,     1.0462
          2,  299,        488,        181,       10.1,        101,       5.05   ,   0.618322
          2,  300,        250,        377,       10.1,        101,       5.05   ,   -1.51585
          2,  301,        674,        852,       10.1,        101,       5.05   ,   0.835624
          2,  302,        886,        201,       10.1,        101,       5.05   ,  -0.281834
          2,  303,        654,        322,       10.1,        101,       5.05   , -0.0734218
          2,  304,        623,        210,       10.1,        101,       5.05   ,   -1.50517
          2,  305,        799,         12,       10.1,        101,       5.05   ,  0.0326452
          2,  306,        404,        546,       10.1,        101,       5.05   ,   0.642731
          2,  307,        454,        381,       10.1,        101,       5.05   ,    1.46767
          2,  308,        399,        932,       10.1,        101,       5.05   ,  -0.572713
          2,  309,        782,        292,       10.1,        101,       5.05   ,   0.430562
          2,  310,        437,        511,       10.1,        101,       5.05   ,   0.787511
          2,  311,        872,        726,       10.1,        101,       5.05   ,    1.02401
          2,  312,        474,        935,       10.1,        101,       5.05   ,   0.661057
          2,  313,        628,        504,       10.1,        101,       5.05   ,   -1.52835
          2,  314,        826,        622,       10.1,        101,       5.05   ,   -1.36905
          2,  315,        189,        860,       10.1,        101,       5.05   ,   -1.18537
          2,  316,        520,        114,       10.1,        101,       5.05   ,  -0.436264
          2,  317,        264,        539,       10.1,        101,       5.05   ,   -1.29368
          2,  318,        963,        522,       10.1,        101,       5.05   ,    0.90532
          2,  319,        103,        930,       10.1,        101,       5.05   ,    1.53118
          2,  320,        671,        709,       10.1,        101,       5.05   ,   0.150185
          2,  321,        801,        943,       10.1,        101,       5.05   ,   0.150487
          2,  322,        792,        108,       10.1,        101,       5.05   ,   0.166465
          2,  323,        681,        870,       10.1,        101,       5.05   ,  -0.111896
          2,  324,        568,        510,       10.1,        101,       5.05   ,   -1.25641
          2,  325,        447,         16,       10.1,        101,       5.05   ,   0.485703
          2,  326,        754,        545,       10.1,        101,       5.05   ,    1.06735
          2,  327,        259,        265,       10.1,        101,       5.05   ,   0.632031
          2,  328,        143,        573,       10.1,        101,       5.05   ,   -1.21122
          2,  329,        867,        101,       10.1,        101,       5.05   ,  -0.235052
          2,  330,        493,        218,       10.1,        101,       5.05   ,   0.998541
          2,  331,        643,        260,       10.1,        101,       5.05   ,  -0.286282
          2,  332,        299,        870,       10.1,        101,       5.05   ,   -1.06838
          2,  333,        751,        627,       10.1,        101,       5.05   ,  0.0438723
          2,  334,        661,        828,       10.1,        101,       5.05   , -0.0597937
          2,  335,        460,        344,       10.1,        101,       5.05   ,   0.619114
          2,  336,        701,        756,       10.1,        101,       5.05   ,   0.434775
          2,  337,        643,        387,       10.1,        101,       5.05   ,   0.450245
          2,  338,        208,        231,       10.1,        101,       5.05   ,    1.01241
          2,  339,        606,        138,       10.1,        101,       5.05   ,  -0.448245
          2,  340,        628,        486,       10.1,        101,       5.05   ,   -1.26636
          2,  341,        408,        420,       10.1,        101,       5.05   ,   -0.82564
          2,  342,        841,        681,       10.1,        101,       5.05   ,   0.282643
          2,  343,        932,        250,       10.1,        101,       5.05   ,  -0.714404
          2,  344,        971,         47,       10.1,        101,       5.05   ,   0.269462
          2,  345,        429,        516,       10.1,        101,       5.05   ,    1.27617
          2,  346,         37,        552,       10.1,        101,       5.05   ,   0.876647
          2,  347,        213,        842,       10.1,        101,       5.05   ,    1.28401
          2,  348,        965,        585,       10.1,        101,       5.05   , -0.0775277
          2,  349,        668,        510,       10.1,        101,       5.05   ,    1.00185
          2,  350,        282,        311,       10.1,        101,       5.05   ,   0.294107
          2,  351,        285,        596,       10.1,        101,       5.05   ,   0.570749
          2,  352,        887,         40,       10.1,        101,       5.05   , -0.0442353
          2,  353,        128,        349,       10.1,        101,       5.05   ,    1.42832
          2,  354,        462,        762,       10.1,        101,       5.05   ,  -0.463273
          2,  355,        116,        575,       10.1,        101,       5.05   ,    1.33644
          2,  356,        101,        432,       10.1,        101,       5.05   ,   0.145849
          2,  357,         71,         28,       10.1,        101,       5.05   ,   0.567618
          2,  358,        173,        336,       10.1,        101,       5.05   ,  -0.420105
          2,  359,        379,        937,       10.1,        101,       5.05   ,  -0.024688
          2,  360,        690,        735,       10.1,        101,       5.05   ,   -1.41279
          2,  361,        402,        870,       10.1,        101,       5.05   ,  -0.966368
          2,  362,        630,        404,       10.1,        101,       5.05   ,  -0.217992
          2,  363,        610,        193,       10.1,        101,       5.05   ,  -0.891357
          2,  364,        123,        482,       10.1,        101,       5.05   ,   0.772829
          2,  365,        595,        419,       10.1,        101,       5.05   ,  -0.723595
          2,  366,        940,        294,       10.1,        101,       5.05   ,   0.329545
          2,  367,        753,        595,       10.1,        101,       5.05   ,  -0.401888
          2,  368,        888,        722,       10.1,        101,       5.05   ,    1.49587
          2,  369,        550,        642,       10.1,        101,       5.05   ,   -1.47345
          2,  370,        866,        429,       10.1,        101,       5.05   ,  -0.774885
          2,  371,        155,        308,       10.1,        101,       5.05   ,   -1.25398
          2,  372,        809,        937,       10.1,        101,       5.05   ,   -1.50773
          2,  373,        986,        917,       10.1,        101,       5.05   ,   -1.56219
          2,  374,        321,        200,       10.1,        101,       5.05   ,   0.379507
          2,  375,        209,        948,       10.1,        101,       5.05   ,    -1.3333
          2,  376,        525,        549,       10.1,        101,       5.05   ,    -1.4973
          2,  377,        483,        496,       10.1,        101,       5.05   ,   -1.26582
          2,  378,        520,        391,       10.1,        101,       5.05   ,    1.40755
          2,  379,        258,        655,       10.1,        101,       5.05   ,-0.00836527
          2,  380,        710,        762,       10.1,        101,       5.05   ,   -1.32822
          2,  381,        602,        205,       10.1,        101,       5.05   ,  -0.589338
          2,  382,        677,        758,       10.1,        101,       5.05   ,  -0.192002
          2,  383,        586,        775,       10.1,        101,       5.05   ,   -1.01397
          2,  384,        955,        479,       10.1,        101,       5.05   ,  -0.536347
          2,  385,        823,        960,       10.1,        101,       5.05   ,   0.406509
          2,  386,         56,        785,       10.1,        101,       5.05   ,   -1.19015
          2,  387,        122,        909,       10.1,        101,       5.05   ,  0.0348389
          2,  388,        510,        756,       10.1,        101,       5.05   ,    -1.4312
          2,  389,        863,        317,       10.1,        101,       5.05   ,  -0.117488
          2,  390,        413,        825,       10.1,        101,       5.05   ,    1.31418
          2,  391,        386,         82,       10.1,        101,       5.05   ,  -0.904536
          2,  392,        570,        120,       10.1,        101,       5.05   ,   -1.31518
          2,  393,        769,        632,       10.1,        101,       5.05   ,    1.00245
          2,  394,        770,        962,       10.1,        101,       5.05   ,   -1.09803
          2,  395,        906,        122,       10.1,        101,       5.05   ,  -0.189138
          2,  396,        338,        598,       10.1,        101,       5.05   ,   0.526069
          2,  397,        612,        491,       10.1,        101,       5.05   ,    1.09083
          2,  398,        263,        404,       10.1,        101,       5.05   , -0.0931876
          2,  399,        186,        159,       10.1,        101,       5.05   ,   -1.39721
          2,  400,        149,        832,       10.1,        101,       5.05   ,    1.49515
          2,  401,        524,        469,       10.1,        101,       5.05   ,  -0.395561
          2,  402,        413,        113,       10.1,        101,       5.05   ,   -1.31315
          2,  403,        718,        176,       10.1,        101,       5.05   ,  -0.786899
          2,  404,        598,        481,       10.1,        101,       5.05   ,  -0.991536
          2,  405,        961,        412,       10.1,        101,       5.05   ,    1.01669
          2,  406,        342,        603,       10.1,        101,       5.05   ,  0.0736665
          2,  407,         64,        185,       10.1,        101,       5.05   ,   -1.54658
          2,  408,        427,        409,       10.1,        101,       5.05   ,  -0.431682
          2,  409,        641,        457,       10.1,        101,       5.05   ,  -0.641969
          2,  410,        194,        738,       10.1,        101,       5.05   ,   0.861051
          2,  411,        561,        552,       10.1,        101,       5.05   ,  0.0117503
          2,  412,        217,        448,       10.1,        101,       5.05   ,     1.0225
          2,  413,        718,        945,       10.1,        101,       5.05   ,    1.32511
          2,  414,        266,        237,       10.1,        101,       5.05   ,    1.50688
          2,  415,         94,        285,       10.1,        101,       5.05   ,   -1.18084
          2,  416,        874,        604,       10.1,        101,       5.05   , -0.0973725
          2,  417,        902,        987,       10.1,        101,       5.05   ,  -0.650956
          2,  418,        617,        561,       10.1,        101,       5.05   ,    1.34266
          2,  419,         78,        211,       10.1,        101,       5.05   ,   0.232216
          2,  420,        487,        454,       10.1,        101,       5.05   ,   -1.09888
          2,  421,        758,        489,       10.1,        101,       5.05   ,   0.784435
          2,  422,         77,        703,       10.1,        101,       5.05   ,   -1.26283
          2,  423,        938,        557,       10.1,        101,       5.05   ,  -0.391727
          2,  424,        380,        559,       10.1,        101,       5.05   ,  0.0733092
          2,  425,        468,        842,       10.1,        101,       5.05   ,   0.190009
          2,  426,        904,        529,       10.1,        101,       5.05   ,  -0.377455
          2,  427,        434,        725,       10.1,        101,       5.05   ,   0.280474
          2,  428,        537,        759,       10.1,        101,       5.05   ,   0.658835
          2,  429,         82,        495,       10.1,        101,       5.05   ,   -1.01346
          2,  430,        346,        520,       10.1,        101,       5.05   ,   0.199149
          2,  431,        745,        344,       10.1,        101,       5.05   ,  -0.859666
          2,  432,        954,         98,       10.1,        101,       5.05   ,   -1.51095
          2,  433,        941,        995,       10.1,        101,       5.05   ,    0.87871
          2,  434,        472,         29,       10.1,        101,       5.05   ,    1.32549
          2,  435,        363,        808,       10.1,        101,       5.05   ,    1.44089
          2,  436,        695,        322,       10.1,        101,       5.05   ,  -0.879311
          2,  437,        183,        693,       10.1,        101,       5.05   ,   0.389802
          2,  438,        351,        871,       10.1,        101,       5.05   ,  -0.379398
          2,  439,         91,        887,       10.1,        101,       5.05   ,   0.273024
          2,  440,        177,        119,       10.1,        101,       5.05   ,    1.07988
          2,  441,        714,        984,       10.1,        101,       5.05   ,  -0.111518
          2,  442,        204,        974,       10.1,        101,       5.05   ,   0.443136
          2,  443,        927,        134,       10.1,        101,       5.05   , -0.0302673
          2,  444,        448,        488,       10.1,        101,       5.05   ,   -1.25804
          2,  445,        438,        899,       10.1,        101,       5.05   ,  -0.630549
          2,  446,        902,        114,       10.1,        101,       5.05   ,   0.413838
          2,  447,        789,        786,       10.1,        101,       5.05   ,   0.358805
          2,  448,        862,        102,       10.1,        101,       5.05   ,    1.08396
          2,  449,        603,        657,       10.1,        101,       5.05   ,  -0.967256
          2,  450,        533,        917,       10.1,        101,       5.05   ,    1.12197
          2,  451,        200,        793,       10.1,        101,       5.05   ,   -1.34088
          2,  452,        308,        750,       10.1,        101,       5.05   ,   0.768851
          2,  453,        926,        105,       10.1,        101,       5.05   ,  -0.481073
          2,  454,        423,        169,       10.1,        101,       5.05   ,   0.426726
          2,  455,        411,        982,       10.1,        101,       5.05   ,  -0.880987
          2,  456,        356,        700,       10.1,        101,       5.05   ,  -0.879937
          2,  457,        392,        353,       10.1,        101,       5.05   ,   0.952556
          2,  458,        717,        475,       10.1,        101,       5.05   ,   0.370461
          2,  459,        981,        289,       10.1,        101,       5.05   ,   -1.17497
          2,  460,        748,        465,       10.1,        101,       5.05   ,   -1.19516
          2,  461,        837,        742,       10.1,        101,       5.05   ,   -0.43797
          2,  462,        694,        262,       10.1,        101,       5.05   ,   -1.18778
          2,  463,        248,        875,       10.1,        101,       5.05   ,   0.857388
          2,  464,        382,        517,       10.1,        101,       5.05   ,   0.239474
          2,  465,        950,        503,       10.1,        101,       5.05   ,   -1.51875
          2,  466,        486,        877,       10.1,        101,       5.05   ,   0.578986
          2,  467,        865,        389,       10.1,        101,       5.05   ,    -0.3076
          2,  468,        621,        456,       10.1,        101,       5.05   ,  -0.923375
          2,  469,        946,        415,       10.1,        101,       5.05   ,     1.2938
          2,  470,        750,        927,       10.1,        101,       5.05   ,    -1.3151
          2,  471,        790,        169,       10.1,        101,       5.05   ,    1.05957
          2,  472,        598,        559,       10.1,        101,       5.05   ,  -0.166733
          2,  473,        583,        621,       10.1,        101,       5.05   ,  -0.941496
          2,  474,        711,        961,       10.1,        101,       5.05   ,  -0.725344
          2,  475,        720,         42,       10.1,        101,       5.05   , -0.0802255
          2,  476,        813,        492,       10.1,        101,       5.05   ,   0.828972
          2,  477,        549,        889,       10.1,        101,       5.05   ,   -1.13393
          2,  478,        366,        703,       10.1,        101,       5.05   , -0.0625933
          2,  479,        294,          8,       10.1,        101,       5.05   ,    1.11503
          2,  480,        182,        948,       10.1,        101,       5.05   ,  -0.647229
          2,  481,        675,        367,       10.1,        101,       5.05   ,    1.14041
          2,  482,        837,        793,       10.1,        101,       5.05   ,  -0.322846
          2,  483,        129,        846,       10.1,        101,       5.05   ,    1.37316
          2,  484,         33,        494,       10.1,        101,       5.05   ,   0.464354
          2,  485,        369,        840,       10.1,        101,       5.05   ,   -1.30478
          2,  486,        429,        612,       10.1,        101,       5.05   ,  -0.239678
          2,  487,        731,         25,       10.1,        101,       5.05   ,   0.481793
          2,  488,        836,         89,       10.1,        101,       5.05   ,  -0.384984
          2,  489,        668,        783,       10.1,        101,       5.05   ,    1.54669
          2,  490,        290,         44,       10.1,        101,       5.05   ,   0.289279
          2,  491,        530,        350,       10.1,        101,       5.05   ,   0.366352
          2,  492,        372,        356,       10.1,        101,       5.05   ,   -1.56565
          2,  493,        508,        525,       10.1,        101,       5.05   ,   -0.73165
          2,  494,        442,        773,       10.1,        101,       5.05   ,   0.792943
          2,  495,        347,         41,       10.1,        101,       5.05   ,   0.456868
          2,  496,        955,        362,       10.1,        101,       5.05   ,   0.302784
          2,  497,         17,        609,       10.1,        101,       5.05   ,  -0.877929
          2,  498,        862,        658,       10.1,        101,       5.05   ,    0.45591
          2,  499,        176,        802,       10.1,        101,       5.05   ,    0.50199
          2,  500,        942,        908,       10.1,        101,       5.05   ,   0.959209
          2,  501,        202,        379,       10.1,        101,       5.05   ,   0.965569
          2,  502,        996,        686,       10.1,        101,       5.05   ,   -1.35038
          2,  503,        220,        475,       10.1,        101,       5.05   ,    0.67289
          2,  504,        757,        386,       10.1,        101,       5.05   , -0.0426608
          2,  505,        947,        321,       10.1,        101,       5.05   ,  0.0500566
          2,  506,        673,        778,       10.1,        101,       5.05   ,   0.676292
          2,  507,        120,        754,       10.1,        101,       5.05   ,   0.379276
          2,  508,        476,        268,       10.1,        101,       5.05   ,   -1.44896
          2,  509,        833,        445,       10.1,        101,       5.05   ,   0.880813
          2,  510,        889,        360,       10.1,        101,       5.05   ,    1.16716
          2,  511,        996,        239,       10.1,        101,       5.05   ,   -1.31694
          2,  512,        610,        167,       10.1,        101,       5.05   ,  -0.812615
          2,  513,        691,        105,       10.1,        101,       5.05   ,   -1.09023
          2,  514,        394,         64,       10.1,        101,       5.05   ,  -0.798138
          2,  515,        330,         87,       10.1,        101,       5.05   ,    0.79216
          2,  516,        781,        116,       10.1,        101,       5.05   ,   0.234708
          2,  517,        834,        751,       10.1,        101,       5.05   ,   0.515233
          2,  518,        270,        581,       10.1,        101,       5.05   ,  -0.613471
          2,  519,        931,        947,       10.1,        101,       5.05   ,   -1.53354
          2,  520,        922,        727,       10.1,        101,       5.05   ,   0.858361
          2,  521,        183,        475,       10.1,        101,       5.05   ,  -0.337032
          2,  522,        317,        673,       10.1,        101,       5.05   ,  -0.802457
          2,  523,        981,        336,       10.1,        101,       5.05   ,  -0.166624
          2,  524,        666,        389,       10.1,        101,       5.05   ,   -1.14775
          2,  525,        467,         70,       10.1,        101,       5.05   ,     1.1538
          2,  526,        592,        702,       10.1,        101,       5.05   ,   0.940514
          2,  527,        420,        237,       10.1,        101,       5.05   ,   0.668721
          2,  528,        717,        287,       10.1,        101,       5.05   ,   0.090299
          2,  529,        702,        923,       10.1,        101,       5.05   ,    1.52068
          2,  530,        833,        559,       10.1,        101,       5.05   ,   0.886509
          2,  531,        337,        744,       10.1,        101,       5.05   ,   0.788471
          2,  532,        415,        557,       10.1,        101,       5.05   ,    0.79105
          2,  533,        769,        437,       10.1,        101,       5.05   ,    1.19415
          2,  534,        200,        382,       10.1,        101,       5.05   ,    1.26218
          2,  535,         57,        928,       10.1,        101,       5.05   ,    1.02862
          2,  536,        186,        694,       10.1,        101,       5.05   ,   0.658892
          2,  537,        421,        664,       10.1,        101,       5.05   ,   -1.50684
          2,  538,        775,        208,       10.1,        101,       5.05   ,    1.44272
          2,  539,        820,         49,       10.1,        101,       5.05   ,    1.03946
          2,  540,         87,        344,       10.1,        101,       5.05   ,    0.99642
          2,  541,        834,        207,       10.1,        101,       5.05   ,   0.476431
          2,  542,        675,        499,       10.1,        101,       5.05   ,   0.271817
          2,  543,        919,         94,       10.1,        101,       5.05   ,   0.901296
          2,  544,        671,        738,       10.1,        101,       5.05   ,    1.03369
          2,  545,        890,        866,       10.1,        101,       5.05   ,   -1.22679
          2,  546,        163,        382,       10.1,        101,       5.05   ,   -1.54046
          2,  547,        667,          1,       10.1,        101,       5.05   ,  -0.867462
          2,  548,        231,         81,       10.1,        101,       5.05   ,    1.00339
          2,  549,        761,        538,       10.1,        101,       5.05   ,   -0.43827
          2,  550,        440,        920,       10.1,        101,       5.05   ,  -0.513087
          2,  551,        221,        263,       10.1,        101,       5.05   ,    1.05533
          2,  552,         74,        172,       10.1,        101,       5.05   ,   0.385124
          2,  553,        389,         66,       10.1,        101,       5.05   ,   -0.81713
          2,  554,        336,        494,       10.1,        101,       5.05   ,  -0.911794
          2,  555,         77,        353,       10.1,        101,       5.05   ,    1.34022
          2,  556,        262,        311,       10.1,        101,       5.05   ,    1.14619
          2,  557,        361,        529,       10.1,        101,       5.05   ,  0.0356484
          2,  558,        643,        115,       10.1,        101,       5.05   ,    1.53624
          2,  559,        479,        329,       10.1,        101,       5.05   ,    1.34618
          2,  560,        626,        255,       10.1,        101,       5.05   ,   0.446605
          2,  561,         15,        778,       10.1,        101,       5.05   ,   0.450153
          2,  562,        835,        256,       10.1,        101,       5.05   ,   0.932441
          2,  563,        800,        482,       10.1,        101,       5.05   ,    1.43807
          2,  564,        842,        225,       10.1,        101,       5.05   ,     1.4771
          2,  565,        419,        224,       10.1,        101,       5.05   ,    1.35877
          2,  566,        865,        665,       10.1,        101,       5.05   ,    1.18848
          2,  567,        352,        936,       10.1,        101,       5.05   ,  -0.427068
          2,  568,        366,        755,       10.1,        101,       5.05   ,   -1.38565
          2,  569,        260,        501,       10.1,        101,       5.05   ,   0.364557
          2,  570,        985,        756,       10.1,        101,       5.05   ,  -0.843235
          2,  571,        926,        135,       10.1,        101,       5.05   ,    1.29888
          2,  572,        309,         62,       10.1,        101,       5.05   ,   -1.40831
          2,  573,        255,         96,       10.1,        101,       5.05   ,    1.04288
          2,  574,        933,        792,       10.1,        101,       5.05   ,   -1.27506
          2,  575,        928,        655,       10.1,        101,       5.05   ,  -0.792373
          2,  576,         17,        839,       10.1,        101,       5.05   ,   -1.37815
          2,  577,          7,        632,       10.1,        101,       5.05   ,  -0.586141
          2,  578,        430,        851,       10.1,        101,       5.05   ,    1.34032
          2,  579,        992,         86,       10.1,        101,       5.05   ,   -1.13238
          2,  580,        897,        136,       10.1,        101,       5.05   , -0.0814927
          2,  581,        843,        295,       10.1,        101,       5.05   ,    1.16693
          2,  582,        813,        486,       10.1,        101,       5.05   ,   -1.42431
          2,  583,        650,        372,       10.1,        101,       5.05   ,   -1.23547
          2,  584,        150,        835,       10.1,        101,       5.05   ,   -1.40458
          2,  585,        972,        492,       10.1,        101,       5.05   ,   -1.03206
          2,  586,         39,        230,       10.1,        101,       5.05   ,   0.213195
          2,  587,        635,        564,       10.1,        101,       5.05   ,   -1.40262
          2,  588,        162,        410,       10.1,        101,       5.05   ,  -0.837817
          2,  589,        703,        605,       10.1,        101,       5.05   ,  -0.961239
          2,  590,        500,        119,       10.1,        101,       5.05   ,   0.937912
          2,  591,        537,        945,       10.1,        101,       5.05   ,  -0.811859
          2,  592,         12,        611,       10.1,        101,       5.05   ,   -0.77979
          2,  593,         95,         10,       10.1,        101,       5.05   ,   -1.18309
          2,  594,        379,        123,       10.1,        101,       5.05   ,  0.0544674
          2,  595,        726,        610,       10.1,        101,       5.05   ,    1.11286
          2,  596,        339,        946,       10.1,        101,       5.05   ,   -1.32561
          2,  597,        740,         17,       10.1,        101,       5.05   ,   0.598268
          2,  598,        686,        783,       10.1,        101,       5.05   ,  0.0930563
          2,  599,        361,        150,       10.1,        101,       5.05   ,  -0.939519
          2,  600,        632,        847,       10.1,        101,       5.05   ,   -1.21782
          2,  601,        781,        469,       10.1,        101,       5.05   ,    0.42687
          2,  602,        207,        614,       10.1,        101,       5.05   ,  -0.128025
          2,  603,        653,        412,       10.1,        101,       5.05   ,   0.301746
          2,  604,        127,        918,       10.1,        101,       5.05   ,   0.964737
          2,  605,        825,        561,       10.1,        101,       5.05   ,   0.593776
          2,  606,        305,        374,       10.1,        101,       5.05   ,   0.910346
          2,  607,        248,        316,       10.1,        101,       5.05   ,  -0.667125
          2,  608,        206,        308,       10.1,        101,       5.05   ,    1.24372
          2,  609,         68,         96,       10.1,        101,       5.05   ,   0.172179
          2,  610,        752,        603,       10.1,        101,       5.05   ,  -0.359558
          2,  611,        123,        615,       10.1,        101,       5.05   ,   -0.22348
          2,  612,        756,        541,       10.1,        101,       5.05   ,   0.260689
          2,  613,        236,        217,       10.1,        101,       5.05   ,  -0.952619
          2,  614,        450,        460,       10.1,        101,       5.05   ,   0.739796
          2,  615,        603,        646,       10.1,        101,       5.05   ,  -0.785552
          2,  616,        714,         71,       10.1,        101,       5.05   ,   -1.17394
          2,  617,        458,        466,       10.1,        101,       5.05   ,  -0.500146
          2,  618,        608,        419,       10.1,        101,       5.05   ,   -1.08703
          2,  619,         39,        868,       10.1,        101,       5.05   ,    1.30115
          2,  620,        541,        996,       10.1,        101,       5.05   ,   0.727397
          2,  621,         13,        652,       10.1,        101,       5.05   ,   0.301416
          2,  622,        689,         18,       10.1,        101,       5.05   ,    1.47534
          2,  623,        165,        979,       10.1,        101,       5.05   ,   -0.25806
          2,  624,        614,        682,       10.1,        101,       5.05   ,    1.42031
          2,  625,        652,        535,       10.1,        101,       5.05   ,    1.26416
          2,  626,        987,         47,       10.1,        101,       5.05   ,    1.44306
          2,  627,        415,        602,       10.1,        101,       5.05   ,   -1.20073
          2,  628,        812,        449,       10.1,        101,       5.05   ,    1.12276
          2,  629,        859,        878,       10.1,        101,       5.05   ,  -0.625791
          2,  630,        643,        475,       10.1,        101,       5.05   ,  0.0665318
          2,  631,        548,        317,       10.1,        101,       5.05   ,   -1.00027
          2,  632,        740,        356,       10.1,        101,       5.05   ,  -0.835866
          2,  633,        749,         80,       10.1,        101,       5.05   ,  -0.906874
          2,  634,        308,        924,       10.1,        101,       5.05   ,    1.12902
          2,  635,        621,        479,       10.1,        101,       5.05   ,  0.0306457
          2,  636,        982,        918,       10.1,        101,       5.05   ,  -0.352675
          2,  637,        520,        955,       10.1,        101,       5.05   ,  0.0385086
          2,  638,        961,        231,       10.1,        101,       5.05   ,   -1.31332
          2,  639,        436,        794,       10.1,        101,       5.05   ,  -0.524715
          2,  640,        921,        126,       10.1,        101,       5.05   ,   0.916009
          2,  641,        523,        154,       10.1,        101,       5.05   ,    1.44998
          2,  642,        615,        170,       10.1,        101,       5.05   ,   -1.09978
          2,  643,        636,        828,       10.1,        101,       5.05   ,    1.15432
          2,  644,        947,        964,       10.1,        101,       5.05   ,   0.421959
          2,  645,        788,        353,       10.1,        101,       5.05   ,   0.160811
          2,  646,         81,        747,       10.1,        101,       5.05   , -0.0168125
          2,  647,        628,        846,       10.1,        101,       5.05   ,  -0.529337
          2,  648,        384,        307,       10.1,        101,       5.05   ,   0.662324
          2,  649,        119,        961,       10.1,        101,       5.05   ,    1.32914
          2,  650,        121,        397,       10.1,        101,       5.05   ,   -1.12443
          2,  651,         48,        291,       10.1,        101,       5.05   ,    1.14573
          2,  652,         95,        862,       10.1,        101,       5.05   ,   0.735803
          2,  653,        998,        916,       10.1,        101,       5.05   ,   0.728821
          2,  654,        122,        601,       10.1,        101,       5.05   ,   0.851921
          2,  655,        444,          4,       10.1,        101,       5.05   ,  -0.460574
          2,  656,        422,         18,       10.1,        101,       5.05   ,   0.576157
          2,  657,         94,        826,       10.1,        101,       5.05   ,  -0.174482
          2,  658,        734,         31,       10.1,        101,       5.05   ,   -1.56258
          2,  659,        589,        579,       10.1,        101,       5.05   ,  -0.134903
          2,  660,        723,        961,       10.1,        101,       5.05   , -0.0280671
          2,  661,        401,        894,       10.1,        101,       5.05   ,   0.178686
          2,  662,        570,        629,       10.1,        101,       5.05   ,  -0.565541
          2,  663,        692,        961,       10.1,        101,       5.05   ,   -1.14278
          2,  664,        988,        354,       10.1,        101,       5.05   ,   -1.37325
          2,  665,        181,        434,       10.1,        101,       5.05   ,   -1.33103
          2,  666,        448,        387,       10.1,        101,       5.05   ,  -0.217902
          2,  667,        245,        229,       10.1,        101,       5.05   ,  -0.724731
          2,  668,        563,        213,       10.1,        101,       5.05   ,   -0.99297
          2,  669,        898,        416,       10.1,        101,       5.05   ,   -1.45044
          2,  670,        846,        360,       10.1,        101,       5.05   ,  -0.736262
          2,  671,        667,        926,       10.1,        101,       5.05   ,  -0.935897
          2,  672,        403,        484,       10.1,        101,       5.05   ,    1.44051
          2,  673,        826,        637,       10.1,        101,       5.05   ,    0.94703
          2,  674,        734,        115,       10.1,        101,       5.05   ,   -1.25944
          2,  675,        881,        516,       10.1,        101,       5.05   ,   -1.06298
          2,  676,        116,        656,       10.1,        101,       5.05   ,  0.0592575
          2,  677,        635,         26,       10.1,        101,       5.05   ,   0.811787
------------------------------------------------------------------------------
Component[2] Total Sloped Parallelepiped = 677