Component 1 maximum area=0.326731 [on 1000x1000]
Component type: Ellipse
---------------------------------------------------------------------------------------
--------------|------- Center-----|----- dimensions---------|----------------------
component| id|    X       |     Y      |  Width/a     | height/b |   hoop   |   Slope   
---------------------------------------------------------------------------------------
          1,    1,        208,        501,       50.5,       50.5,      2.525   ,    1.17992
          1,    2,        868,        296,       50.5,       50.5,      2.525   ,  -0.679435
          1,    3,        973,        293,       50.5,       50.5,      2.525   ,   0.518558
          1,    4,        183,        885,       50.5,       50.5,      2.525   ,  -0.170804
          1,    5,         94,        457,       50.5,       50.5,      2.525   ,  -0.196337
          1,    6,        133,        792,       50.5,       50.5,      2.525   ,   0.673334
          1,    7,        952,        609,       50.5,       50.5,      2.525   ,    1.29502
          1,    8,        638,        724,       50.5,       50.5,      2.525   ,  -0.369488
          1,    9,        482,        243,       50.5,       50.5,      2.525   ,   0.952479
          1,   10,        299,        497,       50.5,       50.5,      2.525   ,  -0.220717
          1,   11,        381,        843,       50.5,       50.5,      2.525   ,    1.26578
          1,   12,        879,        376,       50.5,       50.5,      2.525   ,    1.27263
          1,   13,        182,        554,       50.5,       50.5,      2.525   ,  -0.521303
          1,   14,        346,        832,       50.5,       50.5,      2.525   ,  -0.473858
          1,   15,        239,        703,       50.5,       50.5,      2.525   ,  -0.246537
          1,   16,        926,         44,       50.5,       50.5,      2.525   ,  -0.734318
          1,   17,        833,        196,       50.5,       50.5,      2.525   ,   0.837144
          1,   18,        690,        299,       50.5,       50.5,      2.525   ,    1.18721
          1,   19,        114,        135,       50.5,       50.5,      2.525   , -0.0869059
          1,   20,        733,        552,       50.5,       50.5,      2.525   ,   0.897161
          1,   21,        176,        953,       50.5,       50.5,      2.525   ,    1.16243
          1,   22,         73,        986,       50.5,       50.5,      2.525   ,  -0.604315
          1,   23,        800,        554,       50.5,       50.5,      2.525   ,   0.852672
          1,   24,        112,        608,       50.5,       50.5,      2.525   ,  -0.427928
          1,   25,        461,        286,       50.5,       50.5,      2.525   ,   -1.52984
          1,   26,        170,        328,       50.5,       50.5,      2.525   ,   -1.04308
          1,   27,        764,        673,       50.5,       50.5,      2.525   ,   0.881898
          1,   28,        178,        785,       50.5,       50.5,      2.525   ,   0.783193
          1,   29,         89,        585,       50.5,       50.5,      2.525   ,    -1.2973
          1,   30,        828,        907,       50.5,       50.5,      2.525   ,  -0.978304
          1,   31,        910,         78,       50.5,       50.5,      2.525   ,   0.976098
          1,   32,        278,        768,       50.5,       50.5,      2.525   ,    1.39795
          1,   33,        392,          1,       50.5,       50.5,      2.525   ,  -0.140844
          1,   34,        667,        489,       50.5,       50.5,      2.525   ,  -0.271186
          1,   35,        392,        446,       50.5,       50.5,      2.525   ,    1.10945
          1,   36,        142,         54,       50.5,       50.5,      2.525   ,   0.199181
          1,   37,        209,        181,       50.5,       50.5,      2.525   , -0.0745638
          1,   38,        619,        287,       50.5,       50.5,      2.525   ,  -0.114026
          1,   39,        743,        361,       50.5,       50.5,      2.525   ,   0.321942
          1,   40,        335,        309,       50.5,       50.5,      2.525   ,  -0.938791
          1,   41,        391,        898,       50.5,       50.5,      2.525   ,   -1.06171
          1,   42,        775,        828,       50.5,       50.5,      2.525   ,    0.84761
          1,   43,        132,        327,       50.5,       50.5,      2.525   ,    1.38432
          1,   44,        481,        817,       50.5,       50.5,      2.525   ,    -1.4616
          1,   45,        742,        195,       50.5,       50.5,      2.525   ,    1.46698
          1,   46,        606,        216,       50.5,       50.5,      2.525   ,   0.841505
          1,   47,        348,        533,       50.5,       50.5,      2.525   ,    1.04737
          1,   48,        391,        880,       50.5,       50.5,      2.525   ,    1.09899
          1,   49,          6,        236,       50.5,       50.5,      2.525   ,  -0.340518
------------------------------------------------------------------------------
Component[1] Total Ellipsoids = 49