Component 2 maximum area=0.323322 [on 1000x1000]
Component type: Sloped rectangle
---------------------------------------------------------------------------------------
--------------|------- Center-----|----- dimensions---------|----------------------
component| id|    X       |     Y      |  Width/a     | height/b |   hoop   |   Slope   
---------------------------------------------------------------------------------------
          2,    1,         52,        981,       10.1,        101,       5.05   ,   -1.04705
          2,    2,        175,        373,       10.1,        101,       5.05   ,   0.590637
          2,    3,        490,        502,       10.1,        101,       5.05   ,   -0.72773
          2,    4,        705,        551,       10.1,        101,       5.05   ,     1.5292
          2,    5,        382,        672,       10.1,        101,       5.05   ,   -1.32474
          2,    6,        669,        962,       10.1,        101,       5.05   ,  -0.993695
          2,    7,        154,        953,       10.1,        101,       5.05   ,  -0.730794
          2,    8,        689,        591,       10.1,        101,       5.05   ,   -0.54161
          2,    9,         77,        225,       10.1,        101,       5.05   ,   0.130558
          2,   10,        506,        625,       10.1,        101,       5.05   ,  -0.466073
          2,   11,        926,        550,       10.1,        101,       5.05   ,   0.592527
          2,   12,        362,        340,       10.1,        101,       5.05   ,   0.707635
          2,   13,        540,        601,       10.1,        101,       5.05   ,  -0.210043
          2,   14,        685,         40,       10.1,        101,       5.05   ,    0.71127
          2,   15,        599,        325,       10.1,        101,       5.05   ,  -0.516511
          2,   16,        887,        772,       10.1,        101,       5.05   ,   0.686791
          2,   17,        363,        271,       10.1,        101,       5.05   ,   0.304722
          2,   18,        168,        264,       10.1,        101,       5.05   ,   -1.41666
          2,   19,        608,        691,       10.1,        101,       5.05   ,  -0.246683
          2,   20,        907,        579,       10.1,        101,       5.05   ,  -0.453541
          2,   21,        699,        473,       10.1,        101,       5.05   ,  -0.683969
          2,   22,        908,         68,       10.1,        101,       5.05   ,   0.472072
          2,   23,         32,        400,       10.1,        101,       5.05   , -0.0709492
          2,   24,        400,        403,       10.1,        101,       5.05   ,   -1.48711
          2,   25,        634,        903,       10.1,        101,       5.05   ,   0.408762
          2,   26,        753,        795,       10.1,        101,       5.05   ,  -0.789176
          2,   27,        901,        790,       10.1,        101,       5.05   ,   0.923834
          2,   28,        968,        105,       10.1,        101,       5.05   ,  -0.258252
          2,   29,         58,        525,       10.1,        101,       5.05   ,   -1.24983
          2,   30,        260,        839,       10.1,        101,       5.05   ,   0.022978
          2,   31,        527,        291,       10.1,        101,       5.05   ,  -0.969788
          2,   32,        417,         21,       10.1,        101,       5.05   ,  -0.895035
          2,   33,        918,        812,       10.1,        101,       5.05   ,   -0.18259
          2,   34,        812,        796,       10.1,        101,       5.05   , -0.0669627
          2,   35,        397,        841,       10.1,        101,       5.05   ,   0.781673
          2,   36,        216,        701,       10.1,        101,       5.05   ,  -0.410895
          2,   37,        967,        570,       10.1,        101,       5.05   , -0.0567635
          2,   38,        976,        180,       10.1,        101,       5.05   ,    1.33754
          2,   39,        220,         27,       10.1,        101,       5.05   ,   0.894965
          2,   40,        238,        696,       10.1,        101,       5.05   ,   0.531525
          2,   41,        329,        478,       10.1,        101,       5.05   ,   0.145468
          2,   42,        469,        688,       10.1,        101,       5.05   ,   0.309518
          2,   43,        771,        801,       10.1,        101,       5.05   ,  -0.733409
          2,   44,        481,        316,       10.1,        101,       5.05   ,   0.239134
          2,   45,        523,        552,       10.1,        101,       5.05   ,   0.895385
          2,   46,        829,         90,       10.1,        101,       5.05   ,   0.423837
          2,   47,        120,         85,       10.1,        101,       5.05   ,    1.31601
          2,   48,        750,        432,       10.1,        101,       5.05   ,  -0.766145
          2,   49,        951,        706,       10.1,        101,       5.05   ,  -0.568864
          2,   50,        616,        314,       10.1,        101,       5.05   , -0.0598428
          2,   51,        540,        856,       10.1,        101,       5.05   ,    0.94225
          2,   52,        523,        287,       10.1,        101,       5.05   ,    1.45777
          2,   53,        431,        891,       10.1,        101,       5.05   ,  -0.369368
          2,   54,        886,        185,       10.1,        101,       5.05   ,    1.03842
          2,   55,        937,        351,       10.1,        101,       5.05   ,  -0.815951
          2,   56,        387,        667,       10.1,        101,       5.05   ,    1.18897
          2,   57,        502,        692,       10.1,        101,       5.05   ,   0.238065
          2,   58,         68,         18,       10.1,        101,       5.05   ,  -0.908212
          2,   59,        671,        106,       10.1,        101,       5.05   ,   0.352629
          2,   60,        424,        426,       10.1,        101,       5.05   ,   0.378713
          2,   61,        559,        802,       10.1,        101,       5.05   ,  -0.688872
          2,   62,        259,        869,       10.1,        101,       5.05   ,  -0.540417
          2,   63,        787,        869,       10.1,        101,       5.05   ,  0.0794313
          2,   64,        682,        391,       10.1,        101,       5.05   ,   0.313565
          2,   65,         10,        346,       10.1,        101,       5.05   ,   -1.03345
          2,   66,        623,        228,       10.1,        101,       5.05   ,  -0.624588
          2,   67,        939,        137,       10.1,        101,       5.05   ,  -0.362984
          2,   68,        598,        930,       10.1,        101,       5.05   ,  -0.488605
          2,   69,        424,        132,       10.1,        101,       5.05   ,   -1.11901
          2,   70,        912,        807,       10.1,        101,       5.05   ,    1.51862
          2,   71,        458,        602,       10.1,        101,       5.05   ,   -1.21051
          2,   72,        585,        544,       10.1,        101,       5.05   ,  -0.336407
          2,   73,        679,        993,       10.1,        101,       5.05   ,   -1.49727
          2,   74,        255,        383,       10.1,        101,       5.05   ,  -0.330078
          2,   75,        701,        507,       10.1,        101,       5.05   ,   -1.12014
          2,   76,        899,        664,       10.1,        101,       5.05   ,   0.354373
          2,   77,        530,        486,       10.1,        101,       5.05   ,   -1.45605
          2,   78,        593,        629,       10.1,        101,       5.05   ,   -1.27392
          2,   79,        901,        665,       10.1,        101,       5.05   ,   -1.47878
          2,   80,        498,        930,       10.1,        101,       5.05   ,   -1.20511
          2,   81,        353,        905,       10.1,        101,       5.05   ,   0.639004
          2,   82,        356,         95,       10.1,        101,       5.05   ,   0.336591
          2,   83,        421,         93,       10.1,        101,       5.05   ,  -0.312163
          2,   84,        670,        965,       10.1,        101,       5.05   ,  -0.273428
          2,   85,        760,        983,       10.1,        101,       5.05   ,   -1.48088
          2,   86,        369,        441,       10.1,        101,       5.05   ,   -1.07006
          2,   87,        355,        626,       10.1,        101,       5.05   ,    0.69021
          2,   88,        473,        195,       10.1,        101,       5.05   ,    0.77952
          2,   89,        621,        731,       10.1,        101,       5.05   ,    1.03118
          2,   90,         26,        776,       10.1,        101,       5.05   ,    1.18161
          2,   91,        406,        581,       10.1,        101,       5.05   ,  0.0569972
          2,   92,        415,        559,       10.1,        101,       5.05   ,  -0.873595
          2,   93,        882,         44,       10.1,        101,       5.05   ,  -0.607344
          2,   94,        134,         65,       10.1,        101,       5.05   ,   0.326507
          2,   95,        100,        136,       10.1,        101,       5.05   ,  -0.747254
          2,   96,        184,        794,       10.1,        101,       5.05   ,    1.26103
          2,   97,        389,         12,       10.1,        101,       5.05   ,   -1.29659
          2,   98,        720,        210,       10.1,        101,       5.05   ,   0.780632
          2,   99,        901,        109,       10.1,        101,       5.05   ,    1.23863
          2,  100,        939,        419,       10.1,        101,       5.05   ,   0.562528
          2,  101,          3,        730,       10.1,        101,       5.05   ,   0.842774
          2,  102,          9,        887,       10.1,        101,       5.05   ,   0.439848
          2,  103,        400,        699,       10.1,        101,       5.05   ,    1.47123
          2,  104,        337,        983,       10.1,        101,       5.05   ,  -0.838032
          2,  105,        728,        419,       10.1,        101,       5.05   ,    0.23681
          2,  106,        704,        216,       10.1,        101,       5.05   ,  -0.149727
          2,  107,        587,        449,       10.1,        101,       5.05   ,    1.56279
          2,  108,        785,        290,       10.1,        101,       5.05   ,    1.35625
          2,  109,        646,         36,       10.1,        101,       5.05   ,   -1.56732
          2,  110,        149,        319,       10.1,        101,       5.05   ,   -1.12374
          2,  111,        501,        565,       10.1,        101,       5.05   ,   -1.07266
          2,  112,        296,        109,       10.1,        101,       5.05   ,     -1.491
          2,  113,        807,        360,       10.1,        101,       5.05   ,   0.383829
          2,  114,        524,          4,       10.1,        101,       5.05   ,    0.36789
          2,  115,         15,        925,       10.1,        101,       5.05   ,    1.49948
          2,  116,        662,        321,       10.1,        101,       5.05   ,   0.308902
          2,  117,        168,         77,       10.1,        101,       5.05   ,   -1.49921
          2,  118,        467,        171,       10.1,        101,       5.05   ,    1.25566
          2,  119,        593,        541,       10.1,        101,       5.05   ,   -0.71642
          2,  120,        312,         53,       10.1,        101,       5.05   ,   -1.09127
          2,  121,        224,        505,       10.1,        101,       5.05   ,    0.44782
          2,  122,        864,        598,       10.1,        101,       5.05   ,   0.691792
          2,  123,        353,        473,       10.1,        101,       5.05   ,    0.50073
          2,  124,        929,        933,       10.1,        101,       5.05   ,    -1.5583
          2,  125,        339,        696,       10.1,        101,       5.05   ,  -0.825757
          2,  126,        468,        436,       10.1,        101,       5.05   ,    0.99613
          2,  127,        293,         33,       10.1,        101,       5.05   ,   0.651384
          2,  128,        701,        263,       10.1,        101,       5.05   ,  -0.832797
          2,  129,        730,        871,       10.1,        101,       5.05   ,   0.318811
          2,  130,        224,        243,       10.1,        101,       5.05   ,   0.454173
          2,  131,        233,        340,       10.1,        101,       5.05   ,   0.963406
          2,  132,        958,        635,       10.1,        101,       5.05   ,  -0.392796
          2,  133,        710,        375,       10.1,        101,       5.05   ,  -0.214403
          2,  134,        110,        384,       10.1,        101,       5.05   ,   0.614655
          2,  135,        878,        182,       10.1,        101,       5.05   ,  -0.270247
          2,  136,        113,        406,       10.1,        101,       5.05   ,  -0.478876
          2,  137,        870,        849,       10.1,        101,       5.05   ,   -1.10572
          2,  138,        980,        921,       10.1,        101,       5.05   ,   -1.23184
          2,  139,        516,         57,       10.1,        101,       5.05   ,   0.520609
          2,  140,         51,        428,       10.1,        101,       5.05   ,  -0.574905
          2,  141,        474,        879,       10.1,        101,       5.05   ,   0.364583
          2,  142,        667,        659,       10.1,        101,       5.05   ,    0.51949
          2,  143,        815,        510,       10.1,        101,       5.05   ,    -1.5379
          2,  144,        567,        417,       10.1,        101,       5.05   ,   -1.05862
          2,  145,        549,        418,       10.1,        101,       5.05   ,   0.781101
          2,  146,        574,        119,       10.1,        101,       5.05   ,    1.23813
          2,  147,        900,        688,       10.1,        101,       5.05   ,  -0.125205
          2,  148,        958,        183,       10.1,        101,       5.05   ,   0.304253
          2,  149,          4,        227,       10.1,        101,       5.05   ,    1.10805
          2,  150,        362,        489,       10.1,        101,       5.05   ,    1.51331
          2,  151,        887,        914,       10.1,        101,       5.05   ,   0.621544
          2,  152,        439,        970,       10.1,        101,       5.05   ,  -0.137885
          2,  153,        619,        136,       10.1,        101,       5.05   ,  -0.362599
          2,  154,        819,        349,       10.1,        101,       5.05   ,    1.40231
          2,  155,        606,        803,       10.1,        101,       5.05   ,    1.46396
          2,  156,        582,        568,       10.1,        101,       5.05   ,   0.187942
          2,  157,        772,        100,       10.1,        101,       5.05   ,    0.77663
          2,  158,         14,        535,       10.1,        101,       5.05   ,   -1.26786
          2,  159,        527,        780,       10.1,        101,       5.05   ,   0.391837
          2,  160,        499,        343,       10.1,        101,       5.05   ,   -1.44226
          2,  161,        757,        405,       10.1,        101,       5.05   , -0.0807485
          2,  162,        369,        978,       10.1,        101,       5.05   , -0.0954402
          2,  163,        715,        810,       10.1,        101,       5.05   ,   -1.44599
          2,  164,        628,        946,       10.1,        101,       5.05   ,   0.583749
          2,  165,        304,        441,       10.1,        101,       5.05   ,  -0.332028
          2,  166,        626,        728,       10.1,        101,       5.05   ,    1.45021
          2,  167,        470,        407,       10.1,        101,       5.05   ,  -0.856934
          2,  168,        107,        717,       10.1,        101,       5.05   ,  -0.437918
          2,  169,        884,        758,       10.1,        101,       5.05   ,    1.36627
          2,  170,        665,        715,       10.1,        101,       5.05   ,   -1.10754
          2,  171,        242,        385,       10.1,        101,       5.05   ,  -0.674879
          2,  172,        251,        938,       10.1,        101,       5.05   ,  -0.749688
          2,  173,        511,        561,       10.1,        101,       5.05   ,    0.20715
          2,  174,        421,        967,       10.1,        101,       5.05   ,  -0.916133
          2,  175,        212,        994,       10.1,        101,       5.05   ,   0.650375
          2,  176,        754,        477,       10.1,        101,       5.05   ,  -0.856583
          2,  177,        534,        762,       10.1,        101,       5.05   ,    0.75186
          2,  178,        336,        927,       10.1,        101,       5.05   ,  0.0604183
          2,  179,        843,        465,       10.1,        101,       5.05   ,    1.24863
          2,  180,        771,        825,       10.1,        101,       5.05   ,  0.0990948
          2,  181,         12,         42,       10.1,        101,       5.05   ,   -0.39908
          2,  182,        349,        714,       10.1,        101,       5.05   ,  -0.852618
          2,  183,         36,        671,       10.1,        101,       5.05   ,  -0.517881
          2,  184,        702,        572,       10.1,        101,       5.05   ,   0.821713
          2,  185,        546,        679,       10.1,        101,       5.05   ,    1.43777
          2,  186,        631,        282,       10.1,        101,       5.05   ,   -1.31678
          2,  187,        703,        208,       10.1,        101,       5.05   ,  -0.596046
          2,  188,        150,        456,       10.1,        101,       5.05   ,   0.593887
          2,  189,        268,        284,       10.1,        101,       5.05   ,   -1.33578
          2,  190,        353,        710,       10.1,        101,       5.05   ,     1.3286
          2,  191,        506,        600,       10.1,        101,       5.05   ,  -0.157183
          2,  192,        490,        126,       10.1,        101,       5.05   ,   -1.33109
          2,  193,        291,        487,       10.1,        101,       5.05   ,    1.37107
          2,  194,         50,        801,       10.1,        101,       5.05   ,  -0.812224
          2,  195,        896,        173,       10.1,        101,       5.05   ,   0.502767
          2,  196,        525,        742,       10.1,        101,       5.05   ,   0.588271
          2,  197,        234,         23,       10.1,        101,       5.05   ,      1.419
          2,  198,        885,        910,       10.1,        101,       5.05   ,   0.665941
          2,  199,        451,        709,       10.1,        101,       5.05   ,   -0.64919
          2,  200,         97,        668,       10.1,        101,       5.05   ,  -0.455992
          2,  201,        580,        613,       10.1,        101,       5.05   ,    0.98834
          2,  202,        594,        220,       10.1,        101,       5.05   ,  -0.398218
          2,  203,        407,        956,       10.1,        101,       5.05   ,  0.0515113
          2,  204,        513,         69,       10.1,        101,       5.05   ,   0.476465
          2,  205,        316,        726,       10.1,        101,       5.05   ,   -1.08335
          2,  206,        777,         91,       10.1,        101,       5.05   ,   -1.29587
          2,  207,        117,        522,       10.1,        101,       5.05   ,   -1.03712
          2,  208,        579,        735,       10.1,        101,       5.05   ,    1.32085
          2,  209,        255,        733,       10.1,        101,       5.05   ,   0.619569
          2,  210,        285,        263,       10.1,        101,       5.05   ,   -1.04257
          2,  211,        493,        265,       10.1,        101,       5.05   ,  -0.779889
          2,  212,        669,        633,       10.1,        101,       5.05   ,   0.536008
          2,  213,        153,        894,       10.1,        101,       5.05   ,     1.0939
          2,  214,        163,        242,       10.1,        101,       5.05   ,    1.56123
          2,  215,        151,        209,       10.1,        101,       5.05   ,    1.34535
          2,  216,        874,        137,       10.1,        101,       5.05   ,  -0.705371
          2,  217,        797,        607,       10.1,        101,       5.05   ,    1.38098
          2,  218,        368,        794,       10.1,        101,       5.05   ,  -0.454326
          2,  219,        988,        732,       10.1,        101,       5.05   ,-0.00207931
          2,  220,        439,        454,       10.1,        101,       5.05   ,  0.0296216
          2,  221,        991,        665,       10.1,        101,       5.05   ,    1.45037
          2,  222,        133,        751,       10.1,        101,       5.05   ,   -1.45773
          2,  223,        353,        747,       10.1,        101,       5.05   ,  -0.791649
          2,  224,        667,        813,       10.1,        101,       5.05   ,   -1.23743
          2,  225,        869,        879,       10.1,        101,       5.05   ,    1.45452
          2,  226,        936,        845,       10.1,        101,       5.05   ,   0.745013
          2,  227,        481,        235,       10.1,        101,       5.05   ,   -1.12257
          2,  228,        812,        534,       10.1,        101,       5.05   ,-0.00138481
          2,  229,         26,        330,       10.1,        101,       5.05   ,   -1.18918
          2,  230,        161,        180,       10.1,        101,       5.05   ,    1.42424
          2,  231,        801,        253,       10.1,        101,       5.05   ,   0.457531
          2,  232,        566,         64,       10.1,        101,       5.05   ,   -1.12719
          2,  233,        251,        309,       10.1,        101,       5.05   ,  -0.622931
          2,  234,         43,        392,       10.1,        101,       5.05   ,  -0.484513
          2,  235,        304,        389,       10.1,        101,       5.05   ,    -1.3027
          2,  236,        625,        686,       10.1,        101,       5.05   ,     1.0037
          2,  237,        337,        169,       10.1,        101,       5.05   ,     1.0862
          2,  238,        194,        597,       10.1,        101,       5.05   ,   0.119325
          2,  239,        189,        370,       10.1,        101,       5.05   ,   -1.20316
          2,  240,        402,        961,       10.1,        101,       5.05   ,    1.49205
          2,  241,        810,        628,       10.1,        101,       5.05   ,   -1.17343
          2,  242,        130,        897,       10.1,        101,       5.05   ,  -0.268389
          2,  243,        158,        567,       10.1,        101,       5.05   ,    1.03166
          2,  244,        864,        456,       10.1,        101,       5.05   ,   -1.51673
          2,  245,         41,        538,       10.1,        101,       5.05   ,   0.282738
          2,  246,        138,        945,       10.1,        101,       5.05   ,   -1.38883
          2,  247,        329,         62,       10.1,        101,       5.05   ,   -0.77234
          2,  248,        873,        601,       10.1,        101,       5.05   ,   0.638705
          2,  249,        134,        353,       10.1,        101,       5.05   ,  -0.403054
          2,  250,         46,         97,       10.1,        101,       5.05   ,    1.16198
          2,  251,        510,        787,       10.1,        101,       5.05   ,   0.707823
          2,  252,        636,        421,       10.1,        101,       5.05   ,   -1.27703
          2,  253,        352,        284,       10.1,        101,       5.05   ,  -0.926067
          2,  254,        809,        998,       10.1,        101,       5.05   ,  -0.645242
          2,  255,        660,        981,       10.1,        101,       5.05   ,     1.2527
          2,  256,        712,        454,       10.1,        101,       5.05   ,  -0.633524
          2,  257,         61,        597,       10.1,        101,       5.05   ,  -0.398604
          2,  258,        105,        622,       10.1,        101,       5.05   ,  -0.566407
          2,  259,        689,        269,       10.1,        101,       5.05   ,   -1.33394
          2,  260,        244,        526,       10.1,        101,       5.05   ,   0.887694
          2,  261,        902,        621,       10.1,        101,       5.05   ,    1.44503
          2,  262,         64,        699,       10.1,        101,       5.05   ,   0.921243
          2,  263,        552,        655,       10.1,        101,       5.05   ,  -0.708403
          2,  264,        143,        906,       10.1,        101,       5.05   ,  -0.190884
          2,  265,        124,        673,       10.1,        101,       5.05   ,   0.990714
          2,  266,        812,        169,       10.1,        101,       5.05   ,   -1.35121
          2,  267,         97,        771,       10.1,        101,       5.05   ,  -0.628281
          2,  268,        335,        524,       10.1,        101,       5.05   , -0.0537183
          2,  269,        136,        246,       10.1,        101,       5.05   ,  -0.797173
          2,  270,         20,        762,       10.1,        101,       5.05   ,  -0.595901
          2,  271,        874,        578,       10.1,        101,       5.05   ,  0.0223364
          2,  272,        279,        318,       10.1,        101,       5.05   ,   -1.44091
          2,  273,        313,        152,       10.1,        101,       5.05   ,  -0.679484
          2,  274,        623,        973,       10.1,        101,       5.05   ,  -0.584984
          2,  275,        160,        346,       10.1,        101,       5.05   ,  0.0967813
          2,  276,        339,        606,       10.1,        101,       5.05   ,  -0.460396
          2,  277,        882,        393,       10.1,        101,       5.05   ,    1.43256
          2,  278,        141,        889,       10.1,        101,       5.05   ,  -0.941277
          2,  279,        316,         57,       10.1,        101,       5.05   ,    -1.1387
          2,  280,        441,        735,       10.1,        101,       5.05   ,   -0.20259
          2,  281,         47,        530,       10.1,        101,       5.05   ,   0.635188
          2,  282,        818,        267,       10.1,        101,       5.05   ,  -0.283483
          2,  283,        584,        116,       10.1,        101,       5.05   ,     0.3932
          2,  284,        631,        420,       10.1,        101,       5.05   ,   0.524129
          2,  285,        550,        475,       10.1,        101,       5.05   ,   0.896459
          2,  286,        598,        417,       10.1,        101,       5.05   ,   -1.17755
          2,  287,        194,        883,       10.1,        101,       5.05   ,    1.33591
          2,  288,        608,        238,       10.1,        101,       5.05   ,   -1.54291
          2,  289,        602,         99,       10.1,        101,       5.05   ,   0.571356
          2,  290,         58,        246,       10.1,        101,       5.05   ,    1.16383
          2,  291,          2,         59,       10.1,        101,       5.05   ,    1.32933
          2,  292,        954,        386,       10.1,        101,       5.05   ,    1.40411
          2,  293,        936,        447,       10.1,        101,       5.05   ,   0.602502
          2,  294,        387,        606,       10.1,        101,       5.05   ,   0.361367
          2,  295,        914,        106,       10.1,        101,       5.05   ,  -0.852364
          2,  296,        588,        944,       10.1,        101,       5.05   , -0.0523897
          2,  297,        120,         70,       10.1,        101,       5.05   ,   0.645228
          2,  298,         98,        235,       10.1,        101,       5.05   ,   0.498542
          2,  299,        956,        534,       10.1,        101,       5.05   ,  -0.154402
          2,  300,        758,        416,       10.1,        101,       5.05   ,  -0.747105
          2,  301,        369,        730,       10.1,        101,       5.05   ,   0.147492
          2,  302,        227,        198,       10.1,        101,       5.05   ,   0.524204
          2,  303,        519,        790,       10.1,        101,       5.05   ,   0.122713
          2,  304,        840,        333,       10.1,        101,       5.05   , -0.0741006
          2,  305,         30,        978,       10.1,        101,       5.05   ,    1.55518
          2,  306,        833,         40,       10.1,        101,       5.05   ,   0.515719
          2,  307,        692,        228,       10.1,        101,       5.05   ,    1.54693
          2,  308,        727,         58,       10.1,        101,       5.05   ,    1.26209
          2,  309,        924,        287,       10.1,        101,       5.05   ,   -1.14268
          2,  310,        250,        651,       10.1,        101,       5.05   ,  -0.918285
          2,  311,        209,         35,       10.1,        101,       5.05   ,   -1.36663
          2,  312,        156,        208,       10.1,        101,       5.05   ,  -0.930474
          2,  313,        252,        331,       10.1,        101,       5.05   ,    0.91437
          2,  314,        286,         21,       10.1,        101,       5.05   ,   -0.75439
          2,  315,        917,        134,       10.1,        101,       5.05   ,    -0.1642
          2,  316,        112,        423,       10.1,        101,       5.05   ,   0.747004
          2,  317,        190,         12,       10.1,        101,       5.05   ,   -1.49276
          2,  318,         95,        483,       10.1,        101,       5.05   ,  -0.688203
          2,  319,        316,        523,       10.1,        101,       5.05   ,   0.209263
          2,  320,        963,         63,       10.1,        101,       5.05   ,   0.905866
          2,  321,        449,        314,       10.1,        101,       5.05   ,   0.121618
          2,  322,        792,        761,       10.1,        101,       5.05   ,    1.16164
          2,  323,        512,        932,       10.1,        101,       5.05   ,   -1.00077
          2,  324,        640,        143,       10.1,        101,       5.05   ,   0.432523
          2,  325,        812,        415,       10.1,        101,       5.05   ,  -0.318247
          2,  326,        715,        329,       10.1,        101,       5.05   ,  -0.915695
          2,  327,        185,        918,       10.1,        101,       5.05   ,   0.533294
          2,  328,         51,        105,       10.1,        101,       5.05   ,  -0.504147
          2,  329,         73,        923,       10.1,        101,       5.05   ,    1.31943
          2,  330,        685,        886,       10.1,        101,       5.05   ,    0.98552
          2,  331,        375,        840,       10.1,        101,       5.05   ,   0.200814
          2,  332,        128,        115,       10.1,        101,       5.05   ,   -1.49025
          2,  333,        818,        786,       10.1,        101,       5.05   ,  -0.658527
          2,  334,        163,        512,       10.1,        101,       5.05   ,    1.03102
          2,  335,        245,         61,       10.1,        101,       5.05   ,     1.3573
          2,  336,        844,        129,       10.1,        101,       5.05   ,  -0.492551
          2,  337,        103,         86,       10.1,        101,       5.05   ,  -0.613664
          2,  338,        784,        605,       10.1,        101,       5.05   ,   0.127586
          2,  339,        549,        800,       10.1,        101,       5.05   ,    -1.5698
          2,  340,        874,        735,       10.1,        101,       5.05   ,    1.24249
          2,  341,        777,        642,       10.1,        101,       5.05   ,-0.00506625
          2,  342,        305,        412,       10.1,        101,       5.05   ,    0.51898
          2,  343,        763,        832,       10.1,        101,       5.05   ,  -0.113797
          2,  344,        384,        936,       10.1,        101,       5.05   ,   -1.04053
          2,  345,        305,        311,       10.1,        101,       5.05   ,  -0.865499
          2,  346,        477,        637,       10.1,        101,       5.05   ,  -0.620427
          2,  347,        519,        849,       10.1,        101,       5.05   ,  -0.768681
          2,  348,        314,         49,       10.1,        101,       5.05   ,   -1.04485
          2,  349,         87,        345,       10.1,        101,       5.05   ,   0.799534
          2,  350,        917,        201,       10.1,        101,       5.05   ,    -1.2149
          2,  351,        597,        996,       10.1,        101,       5.05   ,  -0.841621
          2,  352,        604,        179,       10.1,        101,       5.05   ,  -0.746657
          2,  353,        470,        996,       10.1,        101,       5.05   ,   -1.11538
          2,  354,        183,        983,       10.1,        101,       5.05   ,    1.54952
          2,  355,        586,        457,       10.1,        101,       5.05   ,   0.756386
          2,  356,        380,        982,       10.1,        101,       5.05   ,   0.209478
          2,  357,        491,        946,       10.1,        101,       5.05   ,   0.227806
          2,  358,        865,        126,       10.1,        101,       5.05   ,   0.660101
          2,  359,        428,        912,       10.1,        101,       5.05   ,   -1.52975
          2,  360,        568,        632,       10.1,        101,       5.05   ,   0.952722
          2,  361,        595,        371,       10.1,        101,       5.05   ,    1.26896
          2,  362,        372,        478,       10.1,        101,       5.05   ,    1.01035
          2,  363,        235,        782,       10.1,        101,       5.05   ,  -0.250353
          2,  364,        335,        236,       10.1,        101,       5.05   ,   -1.31295
          2,  365,        479,        164,       10.1,        101,       5.05   ,  -0.598048
          2,  366,        675,        745,       10.1,        101,       5.05   ,  -0.506123
          2,  367,        641,        518,       10.1,        101,       5.05   ,   0.309063
          2,  368,        944,        490,       10.1,        101,       5.05   ,   -1.19791
          2,  369,        270,        288,       10.1,        101,       5.05   ,     1.1508
          2,  370,        920,        870,       10.1,        101,       5.05   ,   -1.25723
          2,  371,        926,        874,       10.1,        101,       5.05   ,   0.872288
          2,  372,        870,        596,       10.1,        101,       5.05   ,    0.63588
          2,  373,        649,        193,       10.1,        101,       5.05   ,   -1.35587
          2,  374,        657,        920,       10.1,        101,       5.05   ,   0.453099
          2,  375,        181,        523,       10.1,        101,       5.05   ,    0.95671
          2,  376,        169,        412,       10.1,        101,       5.05   ,   -1.18752
          2,  377,        809,         84,       10.1,        101,       5.05   ,   0.745112
          2,  378,        617,        462,       10.1,        101,       5.05   ,   -1.45894
          2,  379,        231,        532,       10.1,        101,       5.05   ,    -0.6846
          2,  380,        333,        329,       10.1,        101,       5.05   ,   -1.39198
          2,  381,         83,        153,       10.1,        101,       5.05   ,  -0.159909
          2,  382,        708,        172,       10.1,        101,       5.05   ,    1.03494
          2,  383,        803,        455,       10.1,        101,       5.05   ,   0.696099
          2,  384,        767,         40,       10.1,        101,       5.05   ,  0.0937665
          2,  385,        684,        377,       10.1,        101,       5.05   ,   0.229498
          2,  386,        428,        993,       10.1,        101,       5.05   ,  -0.289629
          2,  387,        739,        835,       10.1,        101,       5.05   ,  -0.204013
          2,  388,        356,         97,       10.1,        101,       5.05   ,   0.439099
          2,  389,        435,        594,       10.1,        101,       5.05   ,  -0.113127
          2,  390,        389,        338,       10.1,        101,       5.05   ,  0.0457763
          2,  391,        987,        642,       10.1,        101,       5.05   ,   -1.05016
          2,  392,        195,        367,       10.1,        101,       5.05   ,   -1.44722
          2,  393,        172,        132,       10.1,        101,       5.05   ,   0.783855
          2,  394,        940,        802,       10.1,        101,       5.05   ,   0.143302
          2,  395,         81,        959,       10.1,        101,       5.05   ,    0.87244
          2,  396,        690,        840,       10.1,        101,       5.05   ,  -0.587973
          2,  397,        433,        723,       10.1,        101,       5.05   ,  -0.255784
          2,  398,        447,        260,       10.1,        101,       5.05   ,   -1.48865
          2,  399,        789,         45,       10.1,        101,       5.05   ,   0.151009
          2,  400,         14,        886,       10.1,        101,       5.05   ,   -1.27175
          2,  401,        330,        109,       10.1,        101,       5.05   ,   0.729555
          2,  402,        841,        388,       10.1,        101,       5.05   ,   0.332279
          2,  403,        720,        420,       10.1,        101,       5.05   ,    1.56956
          2,  404,        805,         85,       10.1,        101,       5.05   ,     1.5123
          2,  405,        249,        276,       10.1,        101,       5.05   ,    1.19219
          2,  406,        510,        439,       10.1,        101,       5.05   ,   0.511305
          2,  407,        717,        795,       10.1,        101,       5.05   ,   0.853265
          2,  408,        590,        756,       10.1,        101,       5.05   ,   -1.09973
          2,  409,        569,        887,       10.1,        101,       5.05   ,   -0.20133
          2,  410,        739,        605,       10.1,        101,       5.05   ,  -0.356024
          2,  411,        575,        321,       10.1,        101,       5.05   ,  -0.849645
          2,  412,        130,        659,       10.1,        101,       5.05   ,  -0.260649
          2,  413,        577,        938,       10.1,        101,       5.05   ,      1.317
          2,  414,        713,        672,       10.1,        101,       5.05   ,   0.651659
          2,  415,        678,          1,       10.1,        101,       5.05   ,   0.569233
          2,  416,        180,        561,       10.1,        101,       5.05   ,   0.553662
          2,  417,        691,         65,       10.1,        101,       5.05   ,   0.337438
          2,  418,        717,        887,       10.1,        101,       5.05   , -0.0921429
          2,  419,        339,        680,       10.1,        101,       5.05   ,  -0.685072
          2,  420,        488,        172,       10.1,        101,       5.05   ,   0.917828
          2,  421,        577,        821,       10.1,        101,       5.05   ,   0.604638
          2,  422,        282,        322,       10.1,        101,       5.05   ,    1.46926
          2,  423,        357,        478,       10.1,        101,       5.05   ,   0.948998
          2,  424,         12,        291,       10.1,        101,       5.05   ,   0.662777
          2,  425,        675,        567,       10.1,        101,       5.05   ,    -1.2253
          2,  426,        110,        517,       10.1,        101,       5.05   ,   0.976912
          2,  427,        956,        423,       10.1,        101,       5.05   ,   -0.81702
          2,  428,         90,        499,       10.1,        101,       5.05   ,    1.33087
          2,  429,        940,        421,       10.1,        101,       5.05   ,    1.12727
          2,  430,        141,          3,       10.1,        101,       5.05   ,    1.26956
          2,  431,        302,        566,       10.1,        101,       5.05   ,   0.484543
          2,  432,        661,        880,       10.1,        101,       5.05   ,  -0.901296
          2,  433,        600,        229,       10.1,        101,       5.05   ,   0.829278
          2,  434,        142,        109,       10.1,        101,       5.05   ,   -1.06081
          2,  435,         20,        422,       10.1,        101,       5.05   ,  -0.326505
          2,  436,        977,        482,       10.1,        101,       5.05   ,   0.108108
          2,  437,        227,        933,       10.1,        101,       5.05   ,    -1.3737
          2,  438,        350,        118,       10.1,        101,       5.05   ,  -0.373261
          2,  439,        647,         61,       10.1,        101,       5.05   ,   -0.48306
          2,  440,        413,        690,       10.1,        101,       5.05   ,    1.45629
          2,  441,        822,        511,       10.1,        101,       5.05   ,  -0.906876
          2,  442,        916,        940,       10.1,        101,       5.05   ,    1.54337
          2,  443,        755,         42,       10.1,        101,       5.05   ,   -1.23265
          2,  444,        873,        674,       10.1,        101,       5.05   ,  -0.388553
          2,  445,         42,        881,       10.1,        101,       5.05   , -0.0887885
          2,  446,        647,        166,       10.1,        101,       5.05   ,   0.565738
          2,  447,        485,        623,       10.1,        101,       5.05   ,   -0.52812
          2,  448,        506,        986,       10.1,        101,       5.05   ,    1.08502
          2,  449,        445,        494,       10.1,        101,       5.05   ,   -1.12822
          2,  450,        180,         12,       10.1,        101,       5.05   ,   0.141519
          2,  451,        594,         47,       10.1,        101,       5.05   ,   -1.03007
          2,  452,        578,        314,       10.1,        101,       5.05   ,    1.02713
          2,  453,        556,        325,       10.1,        101,       5.05   ,   0.835212
          2,  454,        429,        937,       10.1,        101,       5.05   ,    1.26494
          2,  455,        667,        695,       10.1,        101,       5.05   ,  -0.220978
          2,  456,        436,        532,       10.1,        101,       5.05   ,    1.31102
          2,  457,        588,        402,       10.1,        101,       5.05   ,   0.183466
          2,  458,        907,        668,       10.1,        101,       5.05   ,    -1.3493
          2,  459,        625,        388,       10.1,        101,       5.05   ,  -0.201035
          2,  460,        755,        282,       10.1,        101,       5.05   ,  -0.652402
          2,  461,         72,        276,       10.1,        101,       5.05   ,   -0.31307
          2,  462,        582,          3,       10.1,        101,       5.05   ,    1.45708
          2,  463,        164,        285,       10.1,        101,       5.05   ,   -1.16665
          2,  464,        315,        403,       10.1,        101,       5.05   ,  -0.241949
          2,  465,        368,        726,       10.1,        101,       5.05   ,  -0.538833
          2,  466,        771,          8,       10.1,        101,       5.05   ,  -0.732316
          2,  467,        450,         37,       10.1,        101,       5.05   ,    1.12546
          2,  468,        792,        792,       10.1,        101,       5.05   ,  0.0737253
          2,  469,        511,        915,       10.1,        101,       5.05   ,   0.312728
          2,  470,         67,        281,       10.1,        101,       5.05   ,  -0.267355
          2,  471,        397,        341,       10.1,        101,       5.05   ,   0.582231
          2,  472,        520,        618,       10.1,        101,       5.05   ,   -1.43098
          2,  473,        123,        224,       10.1,        101,       5.05   , -0.0564339
          2,  474,        667,        434,       10.1,        101,       5.05   ,   -0.93854
          2,  475,        990,        353,       10.1,        101,       5.05   ,   0.263571
          2,  476,        179,        776,       10.1,        101,       5.05   ,  -0.448558
          2,  477,        596,        548,       10.1,        101,       5.05   ,  -0.559417
          2,  478,        806,        370,       10.1,        101,       5.05   ,    1.18621
          2,  479,        566,        597,       10.1,        101,       5.05   ,    0.36043
          2,  480,        149,        546,       10.1,        101,       5.05   ,  -0.541727
          2,  481,        574,        716,       10.1,        101,       5.05   ,  -0.244094
          2,  482,        254,        676,       10.1,        101,       5.05   ,   0.412223
          2,  483,        112,        974,       10.1,        101,       5.05   ,  -0.680914
          2,  484,         59,        284,       10.1,        101,       5.05   ,    1.54805
          2,  485,        185,        456,       10.1,        101,       5.05   , -0.0414964
          2,  486,        220,        433,       10.1,        101,       5.05   ,   0.813299
          2,  487,        225,        839,       10.1,        101,       5.05   ,   -1.14209
          2,  488,        168,        419,       10.1,        101,       5.05   ,   -1.00947
          2,  489,        282,         27,       10.1,        101,       5.05   ,   0.514105
          2,  490,        346,        681,       10.1,        101,       5.05   ,    -0.2046
          2,  491,         86,        635,       10.1,        101,       5.05   ,-0.00337906
          2,  492,        141,        342,       10.1,        101,       5.05   ,  -0.898987
          2,  493,        728,        977,       10.1,        101,       5.05   ,  -0.239798
          2,  494,        745,        688,       10.1,        101,       5.05   ,  -0.346097
          2,  495,        924,        215,       10.1,        101,       5.05   ,   -1.44658
          2,  496,        534,        577,       10.1,        101,       5.05   ,  -0.305955
          2,  497,        289,        502,       10.1,        101,       5.05   ,    1.48608
          2,  498,         25,        433,       10.1,        101,       5.05   ,   0.484528
          2,  499,        681,        306,       10.1,        101,       5.05   ,  -0.519489
          2,  500,        196,        881,       10.1,        101,       5.05   ,   0.627543
          2,  501,        667,        777,       10.1,        101,       5.05   ,   -1.06154
          2,  502,        314,         28,       10.1,        101,       5.05   ,   -1.24705
          2,  503,        672,        670,       10.1,        101,       5.05   ,  -0.429484
          2,  504,        507,        472,       10.1,        101,       5.05   ,   0.212613
          2,  505,        138,        794,       10.1,        101,       5.05   ,   0.458038
          2,  506,        420,        616,       10.1,        101,       5.05   ,   -1.53787
          2,  507,        988,        637,       10.1,        101,       5.05   ,   -1.53952
          2,  508,        514,        647,       10.1,        101,       5.05   , -0.0746708
          2,  509,        428,        179,       10.1,        101,       5.05   ,    1.35117
          2,  510,        705,        417,       10.1,        101,       5.05   ,   0.511998
          2,  511,        815,        244,       10.1,        101,       5.05   ,   -1.55557
          2,  512,         38,         65,       10.1,        101,       5.05   ,   0.410823
          2,  513,        364,        890,       10.1,        101,       5.05   ,   -1.06667
          2,  514,        755,        775,       10.1,        101,       5.05   ,  -0.491937
          2,  515,        891,         51,       10.1,        101,       5.05   ,   0.917165
          2,  516,        986,        578,       10.1,        101,       5.05   ,    1.41933
          2,  517,        618,        733,       10.1,        101,       5.05   ,  -0.657886
          2,  518,        271,        897,       10.1,        101,       5.05   ,  -0.968958
          2,  519,        427,        660,       10.1,        101,       5.05   ,   0.627829
          2,  520,        578,        513,       10.1,        101,       5.05   ,   -0.99307
          2,  521,        732,        570,       10.1,        101,       5.05   ,  -0.981343
          2,  522,        268,        339,       10.1,        101,       5.05   , -0.0713488
          2,  523,        276,        905,       10.1,        101,       5.05   ,    1.28611
          2,  524,          1,        319,       10.1,        101,       5.05   ,  0.0544389
          2,  525,        169,         82,       10.1,        101,       5.05   ,   0.566317
          2,  526,        140,        587,       10.1,        101,       5.05   ,    1.07607
          2,  527,        670,         66,       10.1,        101,       5.05   ,   0.955771
          2,  528,        236,        686,       10.1,        101,       5.05   ,   -1.08381
          2,  529,        947,        629,       10.1,        101,       5.05   ,   0.252045
          2,  530,        556,        794,       10.1,        101,       5.05   ,    1.22556
          2,  531,        715,        726,       10.1,        101,       5.05   ,  0.0300557
          2,  532,        190,        905,       10.1,        101,       5.05   ,   -1.15039
          2,  533,        374,        602,       10.1,        101,       5.05   ,  -0.964473
          2,  534,        529,         15,       10.1,        101,       5.05   ,   0.429446
          2,  535,        333,        400,       10.1,        101,       5.05   ,   -1.47947
          2,  536,        240,        827,       10.1,        101,       5.05   ,   -1.46683
          2,  537,        285,        437,       10.1,        101,       5.05   ,   0.429072
          2,  538,        254,        664,       10.1,        101,       5.05   ,     -1.147
          2,  539,        788,         36,       10.1,        101,       5.05   ,  -0.445749
          2,  540,        668,        699,       10.1,        101,       5.05   , -0.0682979
          2,  541,        901,        565,       10.1,        101,       5.05   ,   0.648747
          2,  542,         96,        993,       10.1,        101,       5.05   ,  -0.100852
          2,  543,        912,        658,       10.1,        101,       5.05   ,   -1.17155
          2,  544,        758,        742,       10.1,        101,       5.05   ,   -1.49302
          2,  545,        988,        556,       10.1,        101,       5.05   ,   0.740247
          2,  546,        701,        829,       10.1,        101,       5.05   ,   -1.04681
          2,  547,        225,        910,       10.1,        101,       5.05   ,  -0.833888
          2,  548,        506,        241,       10.1,        101,       5.05   ,   0.108909
          2,  549,        915,        351,       10.1,        101,       5.05   ,  -0.528186
          2,  550,        202,        293,       10.1,        101,       5.05   ,   -1.55404
          2,  551,        152,        972,       10.1,        101,       5.05   ,   0.871942
          2,  552,        547,         38,       10.1,        101,       5.05   ,  -0.643773
          2,  553,        369,        749,       10.1,        101,       5.05   ,  -0.706969
          2,  554,         42,        456,       10.1,        101,       5.05   ,    1.52161
          2,  555,        295,        625,       10.1,        101,       5.05   ,    1.42034
          2,  556,        100,        483,       10.1,        101,       5.05   ,  -0.479352
          2,  557,        967,        737,       10.1,        101,       5.05   ,   0.630879
          2,  558,        855,         56,       10.1,        101,       5.05   ,   0.944956
          2,  559,        653,        253,       10.1,        101,       5.05   ,   -1.05405
          2,  560,        969,          8,       10.1,        101,       5.05   ,    1.24307
          2,  561,        319,        332,       10.1,        101,       5.05   ,   -1.34206
          2,  562,        299,        170,       10.1,        101,       5.05   ,    1.48564
          2,  563,        239,        395,       10.1,        101,       5.05   ,   0.609757
          2,  564,        435,        442,       10.1,        101,       5.05   ,  -0.405411
          2,  565,        877,        993,       10.1,        101,       5.05   ,      -1.15
          2,  566,        473,        841,       10.1,        101,       5.05   ,  -0.110977
          2,  567,         74,        973,       10.1,        101,       5.05   ,    1.22734
          2,  568,        266,          2,       10.1,        101,       5.05   ,   0.245433
          2,  569,        472,        443,       10.1,        101,       5.05   ,   -1.18051
          2,  570,        224,         46,       10.1,        101,       5.05   ,  -0.171305
          2,  571,         81,        988,       10.1,        101,       5.05   ,    0.96574
          2,  572,        920,        968,       10.1,        101,       5.05   ,   0.111005
          2,  573,        747,        604,       10.1,        101,       5.05   ,  -0.196922
          2,  574,        359,         50,       10.1,        101,       5.05   ,   0.636958
          2,  575,        425,        987,       10.1,        101,       5.05   ,    1.33264
          2,  576,        704,        164,       10.1,        101,       5.05   ,  -0.827213
          2,  577,        219,        365,       10.1,        101,       5.05   ,   0.177402
          2,  578,        467,        338,       10.1,        101,       5.05   ,   -1.05382
          2,  579,        404,        731,       10.1,        101,       5.05   ,    0.88788
          2,  580,        978,        153,       10.1,        101,       5.05   ,    1.34719
          2,  581,        610,        894,       10.1,        101,       5.05   ,  -0.589335
          2,  582,        104,        274,       10.1,        101,       5.05   ,   0.418682
          2,  583,         97,        566,       10.1,        101,       5.05   ,  0.0817687
          2,  584,        362,        181,       10.1,        101,       5.05   ,  0.0449224
          2,  585,        718,        443,       10.1,        101,       5.05   ,   0.330247
          2,  586,        572,        349,       10.1,        101,       5.05   ,  -0.929471
          2,  587,        215,        522,       10.1,        101,       5.05   ,   0.848617
          2,  588,        232,        493,       10.1,        101,       5.05   ,  -0.890209
          2,  589,        798,        660,       10.1,        101,       5.05   ,    1.11861
          2,  590,        945,        695,       10.1,        101,       5.05   ,    1.20817
          2,  591,        875,        273,       10.1,        101,       5.05   ,   0.320511
          2,  592,        254,        524,       10.1,        101,       5.05   ,   -1.25286
          2,  593,         14,        424,       10.1,        101,       5.05   ,  -0.193593
          2,  594,        706,        665,       10.1,        101,       5.05   ,   0.260859
          2,  595,        725,        605,       10.1,        101,       5.05   ,   -1.45882
          2,  596,        137,        854,       10.1,        101,       5.05   ,  -0.625542
          2,  597,        877,        345,       10.1,        101,       5.05   ,    1.15565
          2,  598,        695,        197,       10.1,        101,       5.05   ,   0.646581
          2,  599,        300,        550,       10.1,        101,       5.05   ,  -0.207396
          2,  600,        653,        100,       10.1,        101,       5.05   ,    1.52538
          2,  601,        797,          9,       10.1,        101,       5.05   ,  -0.552398
          2,  602,        939,        466,       10.1,        101,       5.05   ,   0.429003
          2,  603,        195,        574,       10.1,        101,       5.05   ,    1.28268
          2,  604,        686,        981,       10.1,        101,       5.05   ,    1.05718
          2,  605,        819,        882,       10.1,        101,       5.05   ,  -0.726587
          2,  606,        471,        595,       10.1,        101,       5.05   ,  0.0169916
          2,  607,        837,        389,       10.1,        101,       5.05   ,   0.286284
          2,  608,        464,        248,       10.1,        101,       5.05   ,    1.21011
          2,  609,        514,        494,       10.1,        101,       5.05   ,  -0.488725
          2,  610,         10,        162,       10.1,        101,       5.05   ,    1.39872
          2,  611,        522,        163,       10.1,        101,       5.05   ,  -0.176275
          2,  612,        279,         53,       10.1,        101,       5.05   ,  -0.550548
          2,  613,        850,        950,       10.1,        101,       5.05   ,  -0.410892
          2,  614,        275,        145,       10.1,        101,       5.05   ,   0.866418
          2,  615,        556,        765,       10.1,        101,       5.05   ,   0.750206
          2,  616,        708,        704,       10.1,        101,       5.05   ,   -1.51456
          2,  617,        934,        213,       10.1,        101,       5.05   ,   0.733082
          2,  618,         59,        122,       10.1,        101,       5.05   ,    0.11008
          2,  619,        540,        181,       10.1,        101,       5.05   ,  -0.124563
          2,  620,        982,         79,       10.1,        101,       5.05   ,    1.46381
          2,  621,        255,        769,       10.1,        101,       5.05   ,     1.2031
          2,  622,        841,         88,       10.1,        101,       5.05   ,   -1.09719
          2,  623,        605,        989,       10.1,        101,       5.05   ,    1.56406
          2,  624,        558,         80,       10.1,        101,       5.05   ,  -0.304095
          2,  625,        582,        638,       10.1,        101,       5.05   ,  -0.140388
          2,  626,        743,        100,       10.1,        101,       5.05   ,    1.00179
          2,  627,        592,        525,       10.1,        101,       5.05   ,    1.19308
          2,  628,        257,        992,       10.1,        101,       5.05   ,   0.584834
          2,  629,        412,        831,       10.1,        101,       5.05   ,   -1.17506
          2,  630,        339,        869,       10.1,        101,       5.05   ,  -0.452894
          2,  631,        914,        901,       10.1,        101,       5.05   ,   0.499862
          2,  632,        422,        989,       10.1,        101,       5.05   ,    1.20114
          2,  633,        370,        424,       10.1,        101,       5.05   ,   -1.46956
          2,  634,        911,        254,       10.1,        101,       5.05   ,   -1.16625
          2,  635,        669,        947,       10.1,        101,       5.05   ,    1.16162
          2,  636,         71,         23,       10.1,        101,       5.05   ,   -0.39523
          2,  637,        622,        464,       10.1,        101,       5.05   ,  -0.962517
          2,  638,        730,        885,       10.1,        101,       5.05   ,   0.952387
          2,  639,        208,        129,       10.1,        101,       5.05   ,  -0.746371
          2,  640,        821,        245,       10.1,        101,       5.05   ,   0.336218
          2,  641,        826,        221,       10.1,        101,       5.05   ,  -0.574602
          2,  642,        982,        153,       10.1,        101,       5.05   ,   0.212046
          2,  643,        954,        199,       10.1,        101,       5.05   ,  -0.680273
          2,  644,        632,         78,       10.1,        101,       5.05   ,   -0.52526
          2,  645,        662,        707,       10.1,        101,       5.05   ,   0.832187
          2,  646,        287,        739,       10.1,        101,       5.05   ,  -0.167385
          2,  647,        116,        508,       10.1,        101,       5.05   ,  0.0311961
          2,  648,        804,         50,       10.1,        101,       5.05   ,    1.24104
          2,  649,        643,        284,       10.1,        101,       5.05   ,   -1.49587
          2,  650,        421,        775,       10.1,        101,       5.05   ,   -0.91675
          2,  651,        819,        223,       10.1,        101,       5.05   ,   -1.28899
------------------------------------------------------------------------------
Component[2] Total Sloped Parallelepiped = 651