Component 2 maximum area=0.323322 [on 1000x1000]
Component type: Sloped rectangle
---------------------------------------------------------------------------------------
--------------|------- Center-----|----- dimensions---------|----------------------
component| id|    X       |     Y      |  Width/a     | height/b |   hoop   |   Slope   
---------------------------------------------------------------------------------------
          2,    1,        404,        136,       10.1,        101,       5.05   ,    1.29103
          2,    2,        322,        140,       10.1,        101,       5.05   ,   -1.36136
          2,    3,         91,        662,       10.1,        101,       5.05   ,    1.51411
          2,    4,        328,        819,       10.1,        101,       5.05   ,  -0.470686
          2,    5,        586,         82,       10.1,        101,       5.05   , 0.00249142
          2,    6,        664,        375,       10.1,        101,       5.05   ,  -0.570472
          2,    7,        603,        705,       10.1,        101,       5.05   ,   -0.60452
          2,    8,        221,         18,       10.1,        101,       5.05   ,  -0.630685
          2,    9,        320,        738,       10.1,        101,       5.05   ,   -1.55991
          2,   10,        577,        891,       10.1,        101,       5.05   ,   0.685227
          2,   11,        615,        944,       10.1,        101,       5.05   ,   0.567581
          2,   12,        433,        585,       10.1,        101,       5.05   ,   -1.18131
          2,   13,        549,        295,       10.1,        101,       5.05   ,   -1.26389
          2,   14,         64,        933,       10.1,        101,       5.05   ,   0.468704
          2,   15,        691,        840,       10.1,        101,       5.05   ,   -1.22913
          2,   16,        793,        269,       10.1,        101,       5.05   ,  -0.849859
          2,   17,        704,        300,       10.1,        101,       5.05   ,   -1.42666
          2,   18,        824,         90,       10.1,        101,       5.05   ,   0.971753
          2,   19,        426,        861,       10.1,        101,       5.05   ,    1.30004
          2,   20,        334,        193,       10.1,        101,       5.05   ,    1.36752
          2,   21,        381,        192,       10.1,        101,       5.05   ,  -0.169524
          2,   22,        292,        582,       10.1,        101,       5.05   ,  0.0776706
          2,   23,        970,        626,       10.1,        101,       5.05   ,   -0.89858
          2,   24,        186,        455,       10.1,        101,       5.05   ,   -1.45862
          2,   25,        399,        553,       10.1,        101,       5.05   , -0.0934528
          2,   26,        589,        233,       10.1,        101,       5.05   ,   0.366912
          2,   27,        327,        656,       10.1,        101,       5.05   ,   -1.21824
          2,   28,        947,        750,       10.1,        101,       5.05   ,   0.161481
          2,   29,        472,        628,       10.1,        101,       5.05   ,   0.238099
          2,   30,        569,        803,       10.1,        101,       5.05   ,   -1.17423
          2,   31,        171,        899,       10.1,        101,       5.05   ,   0.639404
          2,   32,        485,        856,       10.1,        101,       5.05   ,     0.1282
          2,   33,        763,        713,       10.1,        101,       5.05   ,    -1.0493
          2,   34,        398,        255,       10.1,        101,       5.05   ,    1.00846
          2,   35,        771,        987,       10.1,        101,       5.05   ,    -1.1728
          2,   36,        805,         97,       10.1,        101,       5.05   ,  -0.666283
          2,   37,        687,         55,       10.1,        101,       5.05   , -0.0270259
          2,   38,        360,        911,       10.1,        101,       5.05   ,    1.44972
          2,   39,        390,        602,       10.1,        101,       5.05   ,   -1.19772
          2,   40,        640,        168,       10.1,        101,       5.05   ,    1.25401
          2,   41,        170,        657,       10.1,        101,       5.05   ,   -0.85782
          2,   42,        926,        617,       10.1,        101,       5.05   ,    1.48009
          2,   43,        131,        587,       10.1,        101,       5.05   ,   -1.15709
          2,   44,        253,        427,       10.1,        101,       5.05   ,    1.08881
          2,   45,        348,        214,       10.1,        101,       5.05   ,   -1.32551
          2,   46,        828,        958,       10.1,        101,       5.05   ,   -1.31101
          2,   47,        342,        643,       10.1,        101,       5.05   ,  -0.056411
          2,   48,         20,        595,       10.1,        101,       5.05   ,    1.42155
          2,   49,        134,        392,       10.1,        101,       5.05   ,   0.986269
          2,   50,         51,        781,       10.1,        101,       5.05   ,   0.265348
          2,   51,        830,        654,       10.1,        101,       5.05   ,   -1.40317
          2,   52,        199,        987,       10.1,        101,       5.05   ,  -0.926658
          2,   53,        118,        849,       10.1,        101,       5.05   ,  0.0575453
          2,   54,        975,        428,       10.1,        101,       5.05   ,  -0.938132
          2,   55,         87,        278,       10.1,        101,       5.05   ,   -1.25592
          2,   56,        258,        980,       10.1,        101,       5.05   ,   0.271184
          2,   57,        695,        596,       10.1,        101,       5.05   ,   -1.56684
          2,   58,        462,        699,       10.1,        101,       5.05   ,  -0.106375
          2,   59,        555,        787,       10.1,        101,       5.05   ,   0.399847
          2,   60,        719,         80,       10.1,        101,       5.05   ,   -1.05081
          2,   61,        910,        810,       10.1,        101,       5.05   ,   0.795718
          2,   62,        468,        529,       10.1,        101,       5.05   ,  -0.899319
          2,   63,        144,        239,       10.1,        101,       5.05   ,    -1.4483
          2,   64,        901,        154,       10.1,        101,       5.05   ,  -0.120407
          2,   65,        850,        591,       10.1,        101,       5.05   ,    1.51611
          2,   66,        450,        913,       10.1,        101,       5.05   ,    1.52125
          2,   67,        866,         30,       10.1,        101,       5.05   ,   0.376835
          2,   68,        924,        958,       10.1,        101,       5.05   ,    1.17169
          2,   69,        856,        848,       10.1,        101,       5.05   ,   0.978035
          2,   70,        431,        905,       10.1,        101,       5.05   ,   0.393345
          2,   71,        718,        843,       10.1,        101,       5.05   ,   0.940778
          2,   72,         76,        603,       10.1,        101,       5.05   ,   -1.01132
          2,   73,        103,        964,       10.1,        101,       5.05   ,  -0.775134
          2,   74,        421,        934,       10.1,        101,       5.05   , -0.0529672
          2,   75,        767,        194,       10.1,        101,       5.05   ,    1.11549
          2,   76,        988,        334,       10.1,        101,       5.05   ,    1.29304
          2,   77,        802,        292,       10.1,        101,       5.05   ,  -0.727302
          2,   78,        827,        411,       10.1,        101,       5.05   ,    1.05148
          2,   79,        453,        509,       10.1,        101,       5.05   ,   0.666003
          2,   80,        909,        585,       10.1,        101,       5.05   ,   -1.00662
          2,   81,        788,        296,       10.1,        101,       5.05   ,   -1.26101
          2,   82,        114,        692,       10.1,        101,       5.05   ,     1.2247
          2,   83,        905,        565,       10.1,        101,       5.05   ,    1.49946
          2,   84,         54,        986,       10.1,        101,       5.05   ,-0.00854775
          2,   85,        541,        136,       10.1,        101,       5.05   ,   0.430707
          2,   86,        691,         74,       10.1,        101,       5.05   ,   -1.15257
          2,   87,        303,        849,       10.1,        101,       5.05   ,  -0.937199
          2,   88,        377,         32,       10.1,        101,       5.05   ,    1.01659
          2,   89,        276,        934,       10.1,        101,       5.05   ,  -0.187359
          2,   90,        389,        244,       10.1,        101,       5.05   ,  -0.676766
          2,   91,        818,        258,       10.1,        101,       5.05   ,    0.48157
          2,   92,        308,        100,       10.1,        101,       5.05   ,    1.46779
          2,   93,         64,        768,       10.1,        101,       5.05   ,    1.55885
          2,   94,        194,        457,       10.1,        101,       5.05   ,   -1.35949
          2,   95,        185,        923,       10.1,        101,       5.05   ,   -1.24543
          2,   96,        995,        413,       10.1,        101,       5.05   ,  0.0424378
          2,   97,        612,        777,       10.1,        101,       5.05   ,    0.56838
          2,   98,        946,        556,       10.1,        101,       5.05   ,    1.51353
          2,   99,        798,        422,       10.1,        101,       5.05   ,  -0.519074
          2,  100,          9,        263,       10.1,        101,       5.05   ,   0.466658
          2,  101,        902,        339,       10.1,        101,       5.05   ,   0.582641
          2,  102,        607,        255,       10.1,        101,       5.05   ,  0.0214487
          2,  103,        188,        907,       10.1,        101,       5.05   ,    1.38374
          2,  104,        792,        164,       10.1,        101,       5.05   ,   -1.25858
          2,  105,        152,        134,       10.1,        101,       5.05   ,    1.37127
          2,  106,        614,        743,       10.1,        101,       5.05   ,   -1.42651
          2,  107,        128,        529,       10.1,        101,       5.05   ,  -0.995401
          2,  108,        536,        669,       10.1,        101,       5.05   ,  -0.603543
          2,  109,        527,        175,       10.1,        101,       5.05   ,  0.0243002
          2,  110,        782,        143,       10.1,        101,       5.05   ,   -1.56459
          2,  111,        612,        986,       10.1,        101,       5.05   ,   -1.20021
          2,  112,        516,        877,       10.1,        101,       5.05   ,   0.451193
          2,  113,        964,        476,       10.1,        101,       5.05   ,  -0.188114
          2,  114,        759,        971,       10.1,        101,       5.05   ,    1.47891
          2,  115,        747,        402,       10.1,        101,       5.05   ,   -1.25616
          2,  116,        678,        132,       10.1,        101,       5.05   ,   -1.42223
          2,  117,        164,        533,       10.1,        101,       5.05   ,    1.10007
          2,  118,        361,        191,       10.1,        101,       5.05   ,  -0.410335
          2,  119,         95,        838,       10.1,        101,       5.05   ,   0.697931
          2,  120,        505,        291,       10.1,        101,       5.05   ,   -1.33326
          2,  121,        886,        362,       10.1,        101,       5.05   ,  -0.522852
          2,  122,        782,        829,       10.1,        101,       5.05   ,  -0.612702
          2,  123,        726,        229,       10.1,        101,       5.05   ,    1.18939
          2,  124,        141,        828,       10.1,        101,       5.05   ,   -1.01669
          2,  125,        433,         48,       10.1,        101,       5.05   ,  -0.871034
          2,  126,        611,        313,       10.1,        101,       5.05   ,   0.564456
          2,  127,        600,        177,       10.1,        101,       5.05   ,  -0.351045
          2,  128,        865,        914,       10.1,        101,       5.05   ,   -1.41535
          2,  129,        938,        750,       10.1,        101,       5.05   ,    1.52372
          2,  130,        570,         27,       10.1,        101,       5.05   , -0.0781439
          2,  131,        934,        553,       10.1,        101,       5.05   ,    0.55904
          2,  132,        480,        642,       10.1,        101,       5.05   ,  -0.941491
          2,  133,        718,        320,       10.1,        101,       5.05   ,  -0.075994
          2,  134,        711,        412,       10.1,        101,       5.05   ,   -1.31761
          2,  135,        418,        902,       10.1,        101,       5.05   ,  -0.653738
          2,  136,        520,        246,       10.1,        101,       5.05   ,   0.558035
          2,  137,        656,        921,       10.1,        101,       5.05   ,   0.387385
          2,  138,        905,        755,       10.1,        101,       5.05   ,    1.03676
          2,  139,        815,        938,       10.1,        101,       5.05   ,   0.764129
          2,  140,        429,        364,       10.1,        101,       5.05   ,     1.1859
          2,  141,        243,        970,       10.1,        101,       5.05   ,   0.189134
          2,  142,        725,        944,       10.1,        101,       5.05   ,   0.759868
          2,  143,        555,        368,       10.1,        101,       5.05   ,    1.44396
          2,  144,        456,        270,       10.1,        101,       5.05   , -0.0282893
          2,  145,         63,         25,       10.1,        101,       5.05   ,   -1.31655
          2,  146,        727,        482,       10.1,        101,       5.05   ,   0.828602
          2,  147,        781,        585,       10.1,        101,       5.05   ,   0.431211
          2,  148,        929,        697,       10.1,        101,       5.05   ,  -0.457083
          2,  149,         35,        539,       10.1,        101,       5.05   ,   -0.84235
          2,  150,        172,        938,       10.1,        101,       5.05   ,   0.385998
          2,  151,        441,         65,       10.1,        101,       5.05   ,   0.695718
          2,  152,        992,        733,       10.1,        101,       5.05   ,   -1.19393
          2,  153,        327,        254,       10.1,        101,       5.05   ,  -0.601059
          2,  154,        875,        696,       10.1,        101,       5.05   ,  -0.634751
          2,  155,        315,        478,       10.1,        101,       5.05   ,   0.194896
          2,  156,        921,         25,       10.1,        101,       5.05   ,  -0.652322
          2,  157,        618,        774,       10.1,        101,       5.05   ,   0.263124
          2,  158,        512,        439,       10.1,        101,       5.05   ,   0.992182
          2,  159,        251,        125,       10.1,        101,       5.05   ,   0.488544
          2,  160,        763,        120,       10.1,        101,       5.05   ,  -0.557497
          2,  161,        702,        297,       10.1,        101,       5.05   ,  -0.962405
          2,  162,         35,        508,       10.1,        101,       5.05   ,    1.45584
          2,  163,        316,         57,       10.1,        101,       5.05   ,   0.126677
          2,  164,        693,        674,       10.1,        101,       5.05   ,    0.31203
          2,  165,        880,        569,       10.1,        101,       5.05   ,   0.737982
          2,  166,        361,        555,       10.1,        101,       5.05   ,   -1.55209
          2,  167,        741,        759,       10.1,        101,       5.05   ,  -0.847008
          2,  168,        220,        170,       10.1,        101,       5.05   ,   -1.51861
          2,  169,        647,        706,       10.1,        101,       5.05   ,   -1.17459
          2,  170,         25,        741,       10.1,        101,       5.05   , -0.0845467
          2,  171,         11,        954,       10.1,        101,       5.05   ,  -0.834744
          2,  172,        253,        515,       10.1,        101,       5.05   ,   0.842727
          2,  173,        812,        219,       10.1,        101,       5.05   ,  -0.351024
          2,  174,         49,        667,       10.1,        101,       5.05   ,  -0.247089
          2,  175,        740,        547,       10.1,        101,       5.05   ,     1.4444
          2,  176,        341,        774,       10.1,        101,       5.05   ,   -1.08917
          2,  177,        549,         61,       10.1,        101,       5.05   ,   0.578812
          2,  178,        513,        181,       10.1,        101,       5.05   ,   0.703226
          2,  179,        900,        895,       10.1,        101,       5.05   ,   -1.20257
          2,  180,        917,         35,       10.1,        101,       5.05   ,  -0.825179
          2,  181,        227,        778,       10.1,        101,       5.05   ,   0.694099
          2,  182,        806,        110,       10.1,        101,       5.05   ,   0.356881
          2,  183,        852,        138,       10.1,        101,       5.05   ,   0.922004
          2,  184,        502,        533,       10.1,        101,       5.05   ,   -0.80598
          2,  185,        297,        809,       10.1,        101,       5.05   ,  -0.813663
          2,  186,        785,        790,       10.1,        101,       5.05   ,  -0.714596
          2,  187,        252,         53,       10.1,        101,       5.05   ,  -0.185283
          2,  188,        813,        143,       10.1,        101,       5.05   ,  -0.124596
          2,  189,        587,        222,       10.1,        101,       5.05   ,   -0.20341
          2,  190,         55,        773,       10.1,        101,       5.05   ,    1.01361
          2,  191,        734,        774,       10.1,        101,       5.05   ,  -0.690519
          2,  192,        783,        955,       10.1,        101,       5.05   ,  -0.439856
          2,  193,        101,        977,       10.1,        101,       5.05   ,  -0.260098
          2,  194,         60,         45,       10.1,        101,       5.05   ,    1.35705
          2,  195,        296,        267,       10.1,        101,       5.05   ,  0.0695933
          2,  196,        530,        528,       10.1,        101,       5.05   ,  0.0700976
          2,  197,        207,        312,       10.1,        101,       5.05   ,   -1.01225
          2,  198,        700,        808,       10.1,        101,       5.05   ,   0.965633
          2,  199,        816,         47,       10.1,        101,       5.05   ,   0.855694
          2,  200,        877,         72,       10.1,        101,       5.05   ,    1.35834
          2,  201,        617,        631,       10.1,        101,       5.05   ,   0.797871
          2,  202,        517,        579,       10.1,        101,       5.05   ,  -0.881749
          2,  203,        965,        383,       10.1,        101,       5.05   ,  0.0852968
          2,  204,        893,        765,       10.1,        101,       5.05   ,    1.10032
          2,  205,        301,         24,       10.1,        101,       5.05   ,   0.299745
          2,  206,         48,         71,       10.1,        101,       5.05   ,   -1.32725
          2,  207,        858,        188,       10.1,        101,       5.05   ,  -0.977107
          2,  208,        887,        354,       10.1,        101,       5.05   ,   0.716605
          2,  209,        228,        348,       10.1,        101,       5.05   ,   0.784187
          2,  210,        510,        240,       10.1,        101,       5.05   ,    1.32879
          2,  211,        290,        240,       10.1,        101,       5.05   ,   0.624012
          2,  212,        243,        334,       10.1,        101,       5.05   ,  -0.985513
          2,  213,        886,        562,       10.1,        101,       5.05   ,   -1.34637
          2,  214,        785,        637,       10.1,        101,       5.05   ,    1.17366
          2,  215,        735,        942,       10.1,        101,       5.05   ,    1.44584
          2,  216,        568,         77,       10.1,        101,       5.05   ,    1.46253
          2,  217,        175,        108,       10.1,        101,       5.05   ,  -0.328749
          2,  218,        678,        584,       10.1,        101,       5.05   ,   -1.06471
          2,  219,        334,        699,       10.1,        101,       5.05   ,  -0.874196
          2,  220,        726,        815,       10.1,        101,       5.05   ,   0.310913
          2,  221,        590,        662,       10.1,        101,       5.05   ,   0.473173
          2,  222,         83,        947,       10.1,        101,       5.05   ,   -1.39008
          2,  223,        196,        244,       10.1,        101,       5.05   ,   0.205085
          2,  224,        321,        479,       10.1,        101,       5.05   ,   0.844344
          2,  225,         53,        404,       10.1,        101,       5.05   ,   -0.76207
          2,  226,        299,        746,       10.1,        101,       5.05   ,    1.27055
          2,  227,        494,        971,       10.1,        101,       5.05   ,   0.976449
          2,  228,        202,        407,       10.1,        101,       5.05   ,    1.32721
          2,  229,        207,        792,       10.1,        101,       5.05   ,  -0.395349
          2,  230,         72,        253,       10.1,        101,       5.05   ,   0.720294
          2,  231,        718,        821,       10.1,        101,       5.05   ,   0.716984
          2,  232,        859,        844,       10.1,        101,       5.05   ,   -1.10357
          2,  233,        107,        787,       10.1,        101,       5.05   ,   -1.08653
          2,  234,        643,        502,       10.1,        101,       5.05   ,   0.895868
          2,  235,        670,        110,       10.1,        101,       5.05   ,  -0.891245
          2,  236,        313,        505,       10.1,        101,       5.05   ,    1.47954
          2,  237,        115,        302,       10.1,        101,       5.05   ,     1.5269
          2,  238,        256,        612,       10.1,        101,       5.05   ,   -0.90013
          2,  239,         92,        886,       10.1,        101,       5.05   ,   -1.26442
          2,  240,        997,        968,       10.1,        101,       5.05   , -0.0303412
          2,  241,        145,        815,       10.1,        101,       5.05   ,  -0.727845
          2,  242,         25,        722,       10.1,        101,       5.05   ,    1.40162
          2,  243,        230,        393,       10.1,        101,       5.05   ,    1.12487
          2,  244,        268,          7,       10.1,        101,       5.05   ,   -1.46165
          2,  245,        173,        783,       10.1,        101,       5.05   ,  -0.349139
          2,  246,        287,        131,       10.1,        101,       5.05   ,   0.223241
          2,  247,        255,        835,       10.1,        101,       5.05   ,  -0.914821
          2,  248,        315,         95,       10.1,        101,       5.05   ,   -1.32276
          2,  249,        757,        481,       10.1,        101,       5.05   ,   0.157462
          2,  250,        420,        278,       10.1,        101,       5.05   ,   -1.19307
          2,  251,        982,        805,       10.1,        101,       5.05   , -0.0979399
          2,  252,        594,        606,       10.1,        101,       5.05   ,  -0.504883
          2,  253,        331,        814,       10.1,        101,       5.05   ,   0.482164
          2,  254,        818,        511,       10.1,        101,       5.05   ,    1.03006
          2,  255,        634,        542,       10.1,        101,       5.05   ,  -0.933262
          2,  256,        363,        556,       10.1,        101,       5.05   ,   -0.63279
          2,  257,        318,        385,       10.1,        101,       5.05   ,   -1.45569
          2,  258,        334,        710,       10.1,        101,       5.05   ,   -1.49037
          2,  259,        431,        569,       10.1,        101,       5.05   ,  -0.277675
          2,  260,        841,        331,       10.1,        101,       5.05   ,  -0.315841
          2,  261,        603,        961,       10.1,        101,       5.05   ,  -0.804692
          2,  262,          2,         76,       10.1,        101,       5.05   ,   0.048473
          2,  263,        172,        201,       10.1,        101,       5.05   ,  -0.496058
          2,  264,        397,        790,       10.1,        101,       5.05   ,   -1.13906
          2,  265,        449,        339,       10.1,        101,       5.05   ,   -1.06376
          2,  266,        404,        958,       10.1,        101,       5.05   ,    1.47424
          2,  267,        926,        655,       10.1,        101,       5.05   ,   0.561948
          2,  268,        328,         58,       10.1,        101,       5.05   ,    1.38127
          2,  269,         53,        481,       10.1,        101,       5.05   , -0.0109809
          2,  270,        271,        574,       10.1,        101,       5.05   ,    1.01115
          2,  271,        527,        376,       10.1,        101,       5.05   ,   -1.24552
          2,  272,        431,        186,       10.1,        101,       5.05   ,    1.29911
          2,  273,        640,        901,       10.1,        101,       5.05   ,  -0.477079
          2,  274,         32,        694,       10.1,        101,       5.05   ,    1.05001
          2,  275,        292,        569,       10.1,        101,       5.05   ,   -1.30412
          2,  276,        902,        591,       10.1,        101,       5.05   ,   0.958639
          2,  277,         86,        664,       10.1,        101,       5.05   ,  0.0801886
          2,  278,        608,        852,       10.1,        101,       5.05   ,  -0.828068
          2,  279,        695,        208,       10.1,        101,       5.05   ,    1.41253
          2,  280,        285,         35,       10.1,        101,       5.05   ,    1.36551
          2,  281,        945,        680,       10.1,        101,       5.05   ,    1.12777
          2,  282,        431,        341,       10.1,        101,       5.05   ,   -1.07244
          2,  283,        927,        809,       10.1,        101,       5.05   ,   0.850483
          2,  284,        598,        887,       10.1,        101,       5.05   ,   0.599627
          2,  285,        452,        801,       10.1,        101,       5.05   ,   -1.37744
          2,  286,          5,        596,       10.1,        101,       5.05   ,  0.0187499
          2,  287,        186,        355,       10.1,        101,       5.05   ,   -1.42374
          2,  288,        963,         14,       10.1,        101,       5.05   ,   0.950138
          2,  289,        857,        655,       10.1,        101,       5.05   ,  -0.730868
          2,  290,        464,        456,       10.1,        101,       5.05   ,  -0.842936
          2,  291,        750,        373,       10.1,        101,       5.05   ,    1.00665
          2,  292,        918,        112,       10.1,        101,       5.05   ,    1.01474
          2,  293,        549,        379,       10.1,        101,       5.05   ,    1.13563
          2,  294,        805,        186,       10.1,        101,       5.05   ,   -1.00709
          2,  295,        486,        792,       10.1,        101,       5.05   ,    1.01428
          2,  296,        240,        449,       10.1,        101,       5.05   ,   0.795775
          2,  297,         63,        131,       10.1,        101,       5.05   ,  -0.545331
          2,  298,        848,        816,       10.1,        101,       5.05   ,   0.945456
          2,  299,        857,         27,       10.1,        101,       5.05   ,  -0.456076
          2,  300,        167,        838,       10.1,        101,       5.05   ,   -0.44337
          2,  301,        247,        402,       10.1,        101,       5.05   ,  -0.788485
          2,  302,        660,        850,       10.1,        101,       5.05   ,   -1.45894
          2,  303,        759,        275,       10.1,        101,       5.05   ,    1.12567
          2,  304,        404,        173,       10.1,        101,       5.05   ,    0.44636
          2,  305,        288,        631,       10.1,        101,       5.05   ,  -0.733063
          2,  306,        848,        609,       10.1,        101,       5.05   ,   0.377496
          2,  307,        927,        524,       10.1,        101,       5.05   ,  -0.182167
          2,  308,        763,        930,       10.1,        101,       5.05   ,    0.31877
          2,  309,        419,        514,       10.1,        101,       5.05   ,    1.35926
          2,  310,        292,        269,       10.1,        101,       5.05   ,   0.250635
          2,  311,        889,        675,       10.1,        101,       5.05   ,  -0.302137
          2,  312,        604,        332,       10.1,        101,       5.05   ,  -0.881934
          2,  313,        917,        899,       10.1,        101,       5.05   ,   0.953814
          2,  314,        608,        191,       10.1,        101,       5.05   ,   0.298321
          2,  315,        177,        785,       10.1,        101,       5.05   ,  -0.833275
          2,  316,        189,        612,       10.1,        101,       5.05   ,    0.90293
          2,  317,        787,         90,       10.1,        101,       5.05   ,   0.614876
          2,  318,        760,        611,       10.1,        101,       5.05   ,  -0.975457
          2,  319,        184,        568,       10.1,        101,       5.05   ,   0.506374
          2,  320,        874,        516,       10.1,        101,       5.05   ,     1.1434
          2,  321,        890,        651,       10.1,        101,       5.05   ,   0.467421
          2,  322,        948,        320,       10.1,        101,       5.05   ,  -0.741693
          2,  323,         89,        410,       10.1,        101,       5.05   ,   -1.50029
          2,  324,        310,        530,       10.1,        101,       5.05   ,   -1.12945
          2,  325,        615,        917,       10.1,        101,       5.05   ,   0.985271
          2,  326,        886,        497,       10.1,        101,       5.05   ,  -0.878749
          2,  327,        429,         21,       10.1,        101,       5.05   ,    1.16521
          2,  328,        141,        144,       10.1,        101,       5.05   ,    1.16089
          2,  329,        851,        737,       10.1,        101,       5.05   , -0.0710799
          2,  330,        913,         58,       10.1,        101,       5.05   ,    1.28109
          2,  331,        626,          1,       10.1,        101,       5.05   ,    1.10959
          2,  332,        961,        871,       10.1,        101,       5.05   ,   0.828397
          2,  333,        209,        610,       10.1,        101,       5.05   , -0.0449528
          2,  334,        706,         51,       10.1,        101,       5.05   ,    1.18194
          2,  335,        902,        585,       10.1,        101,       5.05   ,  -0.354774
          2,  336,         51,        138,       10.1,        101,       5.05   ,   -1.47385
          2,  337,        748,         82,       10.1,        101,       5.05   ,  -0.208342
          2,  338,          3,        969,       10.1,        101,       5.05   ,   0.737289
          2,  339,        726,        508,       10.1,        101,       5.05   ,  -0.808068
          2,  340,        844,        850,       10.1,        101,       5.05   ,  -0.868981
          2,  341,        791,        833,       10.1,        101,       5.05   ,  -0.919958
          2,  342,         68,        793,       10.1,        101,       5.05   ,  -0.876111
          2,  343,        423,        132,       10.1,        101,       5.05   ,   -0.85379
          2,  344,        277,        270,       10.1,        101,       5.05   ,    1.38391
          2,  345,        971,        681,       10.1,        101,       5.05   ,    -1.0018
          2,  346,        796,        842,       10.1,        101,       5.05   ,    -1.4806
          2,  347,        450,         80,       10.1,        101,       5.05   ,   0.593746
          2,  348,        938,        344,       10.1,        101,       5.05   ,    -1.1981
          2,  349,        809,        560,       10.1,        101,       5.05   ,   -0.70331
          2,  350,        396,        587,       10.1,        101,       5.05   ,    1.05793
          2,  351,        705,        348,       10.1,        101,       5.05   ,   -1.33116
          2,  352,        531,        259,       10.1,        101,       5.05   ,  -0.755146
          2,  353,        581,        878,       10.1,        101,       5.05   ,   -1.32541
          2,  354,        853,        959,       10.1,        101,       5.05   ,  -0.425691
          2,  355,        894,        941,       10.1,        101,       5.05   ,    1.53296
          2,  356,        636,        584,       10.1,        101,       5.05   ,   0.945105
          2,  357,        603,         95,       10.1,        101,       5.05   ,   -1.22606
          2,  358,        513,        884,       10.1,        101,       5.05   ,  0.0610396
          2,  359,        266,        606,       10.1,        101,       5.05   ,   -1.55613
          2,  360,        636,        937,       10.1,        101,       5.05   ,   -1.10085
          2,  361,        131,        743,       10.1,        101,       5.05   ,  -0.346941
          2,  362,        879,        509,       10.1,        101,       5.05   ,  -0.738393
          2,  363,        345,        585,       10.1,        101,       5.05   ,   -1.23777
          2,  364,        379,        658,       10.1,        101,       5.05   ,   -1.23342
          2,  365,         61,        985,       10.1,        101,       5.05   ,   0.658396
          2,  366,        915,        774,       10.1,        101,       5.05   ,  -0.529694
          2,  367,         25,        285,       10.1,        101,       5.05   ,  -0.742078
          2,  368,        447,        136,       10.1,        101,       5.05   ,   -1.43218
          2,  369,        547,        990,       10.1,        101,       5.05   ,   -1.56014
          2,  370,        325,        981,       10.1,        101,       5.05   ,   0.844774
          2,  371,        885,        831,       10.1,        101,       5.05   ,  -0.180602
          2,  372,         43,        629,       10.1,        101,       5.05   ,    1.17393
          2,  373,        818,        475,       10.1,        101,       5.05   ,   0.564184
          2,  374,        737,        195,       10.1,        101,       5.05   ,  -0.227151
          2,  375,        986,        993,       10.1,        101,       5.05   ,  0.0015109
          2,  376,        952,        591,       10.1,        101,       5.05   ,    1.22079
          2,  377,        428,         51,       10.1,        101,       5.05   ,   -0.50429
          2,  378,         12,        359,       10.1,        101,       5.05   ,   -1.22525
          2,  379,        544,        697,       10.1,        101,       5.05   ,  -0.493352
          2,  380,        270,         38,       10.1,        101,       5.05   ,   0.705879
          2,  381,        720,        992,       10.1,        101,       5.05   ,   0.118857
          2,  382,        235,        835,       10.1,        101,       5.05   ,  -0.982256
          2,  383,        137,         60,       10.1,        101,       5.05   ,    1.29459
          2,  384,        425,        969,       10.1,        101,       5.05   ,  -0.245002
          2,  385,        435,        680,       10.1,        101,       5.05   ,  -0.812082
          2,  386,        425,        395,       10.1,        101,       5.05   ,  -0.440531
          2,  387,        315,        203,       10.1,        101,       5.05   ,   0.323869
          2,  388,          8,         98,       10.1,        101,       5.05   ,    0.85168
          2,  389,        312,        330,       10.1,        101,       5.05   ,  -0.675839
          2,  390,        242,         80,       10.1,        101,       5.05   ,   0.602342
          2,  391,        600,        588,       10.1,        101,       5.05   ,    -1.1204
          2,  392,        985,        567,       10.1,        101,       5.05   ,   -1.07101
          2,  393,        299,        156,       10.1,        101,       5.05   ,   -0.48367
          2,  394,        459,        822,       10.1,        101,       5.05   ,   -1.35196
          2,  395,        474,        718,       10.1,        101,       5.05   ,   -1.53715
          2,  396,        452,         15,       10.1,        101,       5.05   ,   -1.20976
          2,  397,        352,        921,       10.1,        101,       5.05   ,   0.407793
          2,  398,        277,        871,       10.1,        101,       5.05   ,  -0.551209
          2,  399,        884,        643,       10.1,        101,       5.05   ,   0.101672
          2,  400,        459,        993,       10.1,        101,       5.05   ,   -1.50949
          2,  401,        851,        477,       10.1,        101,       5.05   , -0.0131672
          2,  402,        798,        288,       10.1,        101,       5.05   ,  -0.183957
          2,  403,        609,        125,       10.1,        101,       5.05   ,   -1.52495
          2,  404,        628,        397,       10.1,        101,       5.05   ,    1.49666
          2,  405,        588,        221,       10.1,        101,       5.05   ,  -0.815791
          2,  406,        262,         34,       10.1,        101,       5.05   ,   0.725927
          2,  407,        886,         56,       10.1,        101,       5.05   ,    -1.0256
          2,  408,        137,        111,       10.1,        101,       5.05   ,   -1.34576
          2,  409,        133,        502,       10.1,        101,       5.05   ,    1.29116
          2,  410,        505,        160,       10.1,        101,       5.05   ,  0.0972983
          2,  411,        184,        605,       10.1,        101,       5.05   ,  0.0717429
          2,  412,        301,        548,       10.1,        101,       5.05   , -0.0531172
          2,  413,        410,        740,       10.1,        101,       5.05   ,   0.292887
          2,  414,        831,        574,       10.1,        101,       5.05   ,   0.589263
          2,  415,         27,         21,       10.1,        101,       5.05   ,    0.73756
          2,  416,        271,        603,       10.1,        101,       5.05   ,    0.35235
          2,  417,        630,        781,       10.1,        101,       5.05   ,   -1.04031
          2,  418,        477,        561,       10.1,        101,       5.05   ,  -0.314081
          2,  419,        567,        254,       10.1,        101,       5.05   ,   0.978534
          2,  420,        986,        862,       10.1,        101,       5.05   ,     1.1956
          2,  421,        470,        796,       10.1,        101,       5.05   ,   0.872803
          2,  422,        949,        312,       10.1,        101,       5.05   ,   -1.37326
          2,  423,        693,        924,       10.1,        101,       5.05   ,    1.47249
          2,  424,        234,        382,       10.1,        101,       5.05   ,   0.682235
          2,  425,        590,        605,       10.1,        101,       5.05   ,  -0.670108
          2,  426,        523,        136,       10.1,        101,       5.05   ,  -0.312192
          2,  427,        326,        103,       10.1,        101,       5.05   ,  -0.675983
          2,  428,        614,        348,       10.1,        101,       5.05   ,   -1.52243
          2,  429,        972,        994,       10.1,        101,       5.05   ,   0.402313
          2,  430,        577,        723,       10.1,        101,       5.05   ,  -0.932211
          2,  431,        530,        874,       10.1,        101,       5.05   ,  -0.568511
          2,  432,        743,        654,       10.1,        101,       5.05   ,  0.0880177
          2,  433,        937,         93,       10.1,        101,       5.05   ,   0.451651
          2,  434,        316,        671,       10.1,        101,       5.05   ,    1.27181
          2,  435,        676,        966,       10.1,        101,       5.05   ,    1.15172
          2,  436,        997,         81,       10.1,        101,       5.05   ,  -0.369734
          2,  437,        236,         51,       10.1,        101,       5.05   ,  -0.407184
          2,  438,        538,        791,       10.1,        101,       5.05   ,  -0.972437
          2,  439,        622,         74,       10.1,        101,       5.05   ,    1.01616
          2,  440,        983,        846,       10.1,        101,       5.05   ,    1.28024
          2,  441,        987,        117,       10.1,        101,       5.05   ,   -0.11777
          2,  442,        170,          3,       10.1,        101,       5.05   ,    1.46224
          2,  443,        346,         32,       10.1,        101,       5.05   ,   0.594524
          2,  444,        191,         33,       10.1,        101,       5.05   ,   -1.19293
          2,  445,        947,        709,       10.1,        101,       5.05   ,   -1.14129
          2,  446,        197,        712,       10.1,        101,       5.05   ,  -0.832682
          2,  447,        678,        874,       10.1,        101,       5.05   ,   0.983469
          2,  448,        942,        156,       10.1,        101,       5.05   ,   0.530705
          2,  449,        484,        803,       10.1,        101,       5.05   ,   0.444163
          2,  450,        615,        911,       10.1,        101,       5.05   ,    1.28663
          2,  451,        957,         73,       10.1,        101,       5.05   ,   -1.39001
          2,  452,        116,        256,       10.1,        101,       5.05   ,    1.32174
          2,  453,        733,        132,       10.1,        101,       5.05   ,  -0.351482
          2,  454,        308,        538,       10.1,        101,       5.05   ,    1.25359
          2,  455,        858,        937,       10.1,        101,       5.05   ,   0.462518
          2,  456,        615,        806,       10.1,        101,       5.05   ,     1.4627
          2,  457,        269,        287,       10.1,        101,       5.05   ,   -1.34536
          2,  458,        714,        478,       10.1,        101,       5.05   ,   0.475668
          2,  459,         27,         11,       10.1,        101,       5.05   ,   -0.85903
          2,  460,         89,        333,       10.1,        101,       5.05   ,  -0.568777
          2,  461,        618,         60,       10.1,        101,       5.05   ,  -0.706284
          2,  462,        810,        292,       10.1,        101,       5.05   ,  -0.831119
          2,  463,         81,        251,       10.1,        101,       5.05   ,  -0.718487
          2,  464,        599,        447,       10.1,        101,       5.05   ,   0.367506
          2,  465,        610,        736,       10.1,        101,       5.05   ,  -0.220249
          2,  466,        594,        586,       10.1,        101,       5.05   ,     1.0882
          2,  467,        245,        869,       10.1,        101,       5.05   ,    1.40967
          2,  468,         77,         69,       10.1,        101,       5.05   ,   0.918848
          2,  469,        876,        155,       10.1,        101,       5.05   ,  -0.558474
          2,  470,         36,        240,       10.1,        101,       5.05   ,  -0.757324
          2,  471,        192,        422,       10.1,        101,       5.05   ,   0.762177
          2,  472,        846,        275,       10.1,        101,       5.05   ,   0.792673
          2,  473,        826,        710,       10.1,        101,       5.05   ,  -0.911683
          2,  474,        808,         87,       10.1,        101,       5.05   ,  -0.290977
          2,  475,        660,        610,       10.1,        101,       5.05   ,  -0.455424
          2,  476,        151,        354,       10.1,        101,       5.05   ,  -0.202417
          2,  477,        545,        407,       10.1,        101,       5.05   ,  0.0547265
          2,  478,        155,        186,       10.1,        101,       5.05   ,   0.133982
          2,  479,         97,          7,       10.1,        101,       5.05   ,   0.145653
          2,  480,        980,        887,       10.1,        101,       5.05   ,    1.05556
          2,  481,        215,        795,       10.1,        101,       5.05   ,  -0.272161
          2,  482,        862,        622,       10.1,        101,       5.05   ,   0.979456
          2,  483,         83,         16,       10.1,        101,       5.05   ,  -0.148966
          2,  484,        441,        624,       10.1,        101,       5.05   ,  0.0841271
          2,  485,        504,        139,       10.1,        101,       5.05   ,     1.0817
          2,  486,        811,         26,       10.1,        101,       5.05   ,   0.104536
          2,  487,        391,        607,       10.1,        101,       5.05   ,   0.585193
          2,  488,        620,        630,       10.1,        101,       5.05   ,   -1.51781
          2,  489,        490,        233,       10.1,        101,       5.05   ,    1.34643
          2,  490,        872,        953,       10.1,        101,       5.05   ,   -1.00857
          2,  491,        442,        168,       10.1,        101,       5.05   ,    1.11562
          2,  492,        342,        135,       10.1,        101,       5.05   ,   0.104154
          2,  493,        249,        988,       10.1,        101,       5.05   ,    0.25256
          2,  494,        745,        994,       10.1,        101,       5.05   ,   0.481562
          2,  495,        793,        567,       10.1,        101,       5.05   ,  -0.966353
          2,  496,        562,        284,       10.1,        101,       5.05   , -0.0756871
          2,  497,        337,        857,       10.1,        101,       5.05   ,   0.786554
          2,  498,        437,        443,       10.1,        101,       5.05   ,    1.28891
          2,  499,        416,         69,       10.1,        101,       5.05   ,     1.0124
          2,  500,         69,        817,       10.1,        101,       5.05   ,    1.06371
          2,  501,        483,        268,       10.1,        101,       5.05   , -0.0741904
          2,  502,        354,         88,       10.1,        101,       5.05   ,   -1.51378
          2,  503,         30,        914,       10.1,        101,       5.05   ,   0.620582
          2,  504,        182,        779,       10.1,        101,       5.05   ,   0.528135
          2,  505,          4,          2,       10.1,        101,       5.05   ,    1.15828
          2,  506,        474,        905,       10.1,        101,       5.05   ,    0.27729
          2,  507,         59,        254,       10.1,        101,       5.05   ,  -0.750606
          2,  508,        191,        311,       10.1,        101,       5.05   ,   -1.42784
          2,  509,        426,          7,       10.1,        101,       5.05   ,    0.63999
          2,  510,        829,        863,       10.1,        101,       5.05   ,    1.38287
          2,  511,        177,        820,       10.1,        101,       5.05   ,   0.718312
          2,  512,        579,        760,       10.1,        101,       5.05   ,   0.158624
          2,  513,        655,        174,       10.1,        101,       5.05   ,   -1.05911
          2,  514,         47,        510,       10.1,        101,       5.05   ,   0.974225
          2,  515,        844,        178,       10.1,        101,       5.05   ,  -0.991532
          2,  516,         16,        193,       10.1,        101,       5.05   ,   0.847993
          2,  517,        994,        578,       10.1,        101,       5.05   ,   0.766275
          2,  518,        575,        605,       10.1,        101,       5.05   ,  -0.419812
          2,  519,        103,        758,       10.1,        101,       5.05   ,    1.34549
          2,  520,        990,        924,       10.1,        101,       5.05   ,  -0.531122
          2,  521,        617,        608,       10.1,        101,       5.05   ,    1.35766
          2,  522,        175,        466,       10.1,        101,       5.05   ,   0.833472
          2,  523,        810,        486,       10.1,        101,       5.05   ,   -1.04029
          2,  524,        272,        113,       10.1,        101,       5.05   ,   -1.41608
          2,  525,        595,        869,       10.1,        101,       5.05   ,   0.373492
          2,  526,        543,        518,       10.1,        101,       5.05   ,    0.60966
          2,  527,        794,        313,       10.1,        101,       5.05   ,  0.0835987
          2,  528,        829,        648,       10.1,        101,       5.05   ,   -0.58138
          2,  529,        149,        947,       10.1,        101,       5.05   ,    0.27548
          2,  530,        951,        921,       10.1,        101,       5.05   , -0.0143006
          2,  531,        423,        211,       10.1,        101,       5.05   ,  -0.883351
          2,  532,         13,        131,       10.1,        101,       5.05   ,    1.08906
          2,  533,        747,        655,       10.1,        101,       5.05   ,    1.23201
          2,  534,        550,        956,       10.1,        101,       5.05   ,   0.533238
          2,  535,        303,         12,       10.1,        101,       5.05   ,  -0.550143
          2,  536,        210,        810,       10.1,        101,       5.05   ,  -0.546112
          2,  537,        810,        769,       10.1,        101,       5.05   ,   0.665584
          2,  538,        722,        442,       10.1,        101,       5.05   ,    1.07218
          2,  539,        227,        860,       10.1,        101,       5.05   ,   0.364624
          2,  540,        182,        719,       10.1,        101,       5.05   ,  -0.226275
          2,  541,        452,        498,       10.1,        101,       5.05   ,   -1.01819
          2,  542,         50,        446,       10.1,        101,       5.05   ,    1.24837
          2,  543,        585,        161,       10.1,        101,       5.05   ,    1.37081
          2,  544,        704,        106,       10.1,        101,       5.05   ,  -0.731053
          2,  545,        623,         26,       10.1,        101,       5.05   ,   0.274283
          2,  546,        258,        408,       10.1,        101,       5.05   ,    1.26674
          2,  547,        115,         83,       10.1,        101,       5.05   ,  0.0900602
          2,  548,        931,        264,       10.1,        101,       5.05   ,   -1.39991
          2,  549,        920,        359,       10.1,        101,       5.05   ,   0.421514
          2,  550,        294,        501,       10.1,        101,       5.05   ,   0.424767
          2,  551,        385,        713,       10.1,        101,       5.05   ,  -0.660952
          2,  552,        446,        814,       10.1,        101,       5.05   ,    1.46541
          2,  553,        546,         48,       10.1,        101,       5.05   ,   -1.08546
          2,  554,        313,        639,       10.1,        101,       5.05   ,   0.979466
          2,  555,        350,         22,       10.1,        101,       5.05   ,   0.169223
          2,  556,        713,        696,       10.1,        101,       5.05   ,    1.01106
          2,  557,        165,        753,       10.1,        101,       5.05   ,  -0.936328
          2,  558,        616,        864,       10.1,        101,       5.05   ,   0.614433
          2,  559,        336,        525,       10.1,        101,       5.05   ,   0.521479
          2,  560,        144,        585,       10.1,        101,       5.05   ,  -0.323682
          2,  561,        232,        449,       10.1,        101,       5.05   , -0.0609693
          2,  562,        917,        345,       10.1,        101,       5.05   ,  -0.299723
          2,  563,        748,        260,       10.1,        101,       5.05   ,  -0.384775
          2,  564,         27,        341,       10.1,        101,       5.05   ,   0.726346
          2,  565,        963,        144,       10.1,        101,       5.05   ,   -1.17158
          2,  566,        425,        786,       10.1,        101,       5.05   ,   0.769279
          2,  567,        237,        195,       10.1,        101,       5.05   ,   0.816095
          2,  568,        393,        542,       10.1,        101,       5.05   ,   -1.08002
          2,  569,        399,        842,       10.1,        101,       5.05   ,  -0.434105
          2,  570,        168,        869,       10.1,        101,       5.05   ,    0.98725
          2,  571,        597,        232,       10.1,        101,       5.05   ,  -0.342615
          2,  572,        813,        639,       10.1,        101,       5.05   ,   -1.12775
          2,  573,        373,        554,       10.1,        101,       5.05   ,   -1.26423
          2,  574,        586,        881,       10.1,        101,       5.05   ,   0.722943
          2,  575,        723,        177,       10.1,        101,       5.05   ,  -0.677677
          2,  576,        738,         84,       10.1,        101,       5.05   ,  -0.476658
          2,  577,        171,        178,       10.1,        101,       5.05   ,    1.18509
          2,  578,        249,        184,       10.1,        101,       5.05   ,    1.53178
          2,  579,        535,        293,       10.1,        101,       5.05   ,   0.733877
          2,  580,        838,        952,       10.1,        101,       5.05   ,     1.0777
          2,  581,        153,        502,       10.1,        101,       5.05   ,     1.1777
          2,  582,        281,         95,       10.1,        101,       5.05   ,   0.764871
          2,  583,         99,        342,       10.1,        101,       5.05   ,    0.25785
          2,  584,        624,        826,       10.1,        101,       5.05   ,   0.389912
          2,  585,        663,        268,       10.1,        101,       5.05   ,  -0.864824
          2,  586,        339,        332,       10.1,        101,       5.05   ,  -0.284203
          2,  587,        668,        521,       10.1,        101,       5.05   ,   -1.48022
          2,  588,        687,        632,       10.1,        101,       5.05   ,    1.44872
          2,  589,        841,        984,       10.1,        101,       5.05   ,  -0.469845
          2,  590,        795,        757,       10.1,        101,       5.05   ,   0.822989
          2,  591,        166,        114,       10.1,        101,       5.05   ,  -0.955132
          2,  592,        807,        529,       10.1,        101,       5.05   ,  -0.756996
          2,  593,        948,        384,       10.1,        101,       5.05   ,  -0.618658
          2,  594,        556,        475,       10.1,        101,       5.05   ,   0.789553
          2,  595,        996,        127,       10.1,        101,       5.05   ,    1.34919
          2,  596,         20,        746,       10.1,        101,       5.05   ,    1.41381
          2,  597,        189,        582,       10.1,        101,       5.05   ,   -1.46495
          2,  598,        554,        230,       10.1,        101,       5.05   ,  0.0701015
          2,  599,        524,         77,       10.1,        101,       5.05   ,   0.503778
          2,  600,        301,        740,       10.1,        101,       5.05   ,  -0.447826
          2,  601,        580,        725,       10.1,        101,       5.05   ,    1.30003
          2,  602,        277,        755,       10.1,        101,       5.05   ,  -0.487737
          2,  603,        577,        511,       10.1,        101,       5.05   ,   0.628196
          2,  604,         12,        292,       10.1,        101,       5.05   ,  -0.665298
          2,  605,        597,        846,       10.1,        101,       5.05   ,  -0.785645
          2,  606,        978,        699,       10.1,        101,       5.05   ,    0.24914
          2,  607,        872,        520,       10.1,        101,       5.05   ,   0.988482
          2,  608,        275,        930,       10.1,        101,       5.05   ,    1.49671
          2,  609,        785,        420,       10.1,        101,       5.05   ,  -0.733733
          2,  610,        387,        844,       10.1,        101,       5.05   ,    1.26503
          2,  611,        941,        873,       10.1,        101,       5.05   ,  -0.687604
          2,  612,        832,        752,       10.1,        101,       5.05   ,    -1.1283
          2,  613,        322,        270,       10.1,        101,       5.05   ,   -0.63444
          2,  614,        686,        800,       10.1,        101,       5.05   ,   0.698188
          2,  615,        854,        213,       10.1,        101,       5.05   ,   -1.24378
          2,  616,        837,        796,       10.1,        101,       5.05   ,   0.792277
          2,  617,        344,          1,       10.1,        101,       5.05   ,  -0.101435
          2,  618,        908,        240,       10.1,        101,       5.05   ,  -0.659414
          2,  619,        296,        297,       10.1,        101,       5.05   ,    1.20713
          2,  620,        904,        459,       10.1,        101,       5.05   ,    0.41683
          2,  621,        847,        588,       10.1,        101,       5.05   ,   -1.15269
          2,  622,        403,        630,       10.1,        101,       5.05   ,  -0.491722
          2,  623,        741,        576,       10.1,        101,       5.05   ,    1.16399
          2,  624,        292,        310,       10.1,        101,       5.05   ,  -0.652339
          2,  625,        564,        423,       10.1,        101,       5.05   ,    1.33452
          2,  626,        240,        700,       10.1,        101,       5.05   , -0.0270718
          2,  627,        223,        372,       10.1,        101,       5.05   ,     1.1591
          2,  628,        260,         50,       10.1,        101,       5.05   ,   0.176745
          2,  629,        832,        342,       10.1,        101,       5.05   ,  -0.175841
          2,  630,        178,        959,       10.1,        101,       5.05   ,   -1.00296
          2,  631,        796,        954,       10.1,        101,       5.05   ,  -0.753834
          2,  632,        530,        102,       10.1,        101,       5.05   , -0.0988988
          2,  633,        103,        907,       10.1,        101,       5.05   ,    0.64661
          2,  634,        186,        977,       10.1,        101,       5.05   ,   -1.51677
          2,  635,        579,        289,       10.1,        101,       5.05   , -0.0759961
          2,  636,        805,        594,       10.1,        101,       5.05   ,   0.889896
          2,  637,          3,        866,       10.1,        101,       5.05   ,   -0.99746
          2,  638,        385,         68,       10.1,        101,       5.05   ,   -1.26838
          2,  639,        269,        361,       10.1,        101,       5.05   ,    1.32158
          2,  640,        624,        860,       10.1,        101,       5.05   ,   0.227876
          2,  641,        811,        540,       10.1,        101,       5.05   ,   -1.13453
          2,  642,        912,        476,       10.1,        101,       5.05   ,    0.70919
          2,  643,        910,        305,       10.1,        101,       5.05   ,   0.953898
          2,  644,        567,        576,       10.1,        101,       5.05   ,   0.830902
          2,  645,        522,         23,       10.1,        101,       5.05   , -0.0611698
          2,  646,          3,        805,       10.1,        101,       5.05   ,    1.20118
          2,  647,        993,        244,       10.1,        101,       5.05   ,  -0.884043
          2,  648,        547,        304,       10.1,        101,       5.05   ,  -0.631359
          2,  649,         81,        609,       10.1,        101,       5.05   ,   -1.00573
          2,  650,        187,        569,       10.1,        101,       5.05   ,  -0.149299
          2,  651,        269,        832,       10.1,        101,       5.05   ,   0.292127
          2,  652,        237,        475,       10.1,        101,       5.05   ,  -0.194155
          2,  653,        495,        551,       10.1,        101,       5.05   ,   0.396477
          2,  654,        729,        438,       10.1,        101,       5.05   ,   0.572761
          2,  655,        422,        617,       10.1,        101,       5.05   ,   0.758842
          2,  656,         99,        166,       10.1,        101,       5.05   ,   0.483841
          2,  657,        787,        827,       10.1,        101,       5.05   ,  -0.737337
          2,  658,        767,        275,       10.1,        101,       5.05   ,  -0.135303
          2,  659,        765,        982,       10.1,        101,       5.05   ,   0.977876
          2,  660,        212,        931,       10.1,        101,       5.05   ,   -1.40034
          2,  661,        333,        976,       10.1,        101,       5.05   ,  -0.879524
          2,  662,        879,        187,       10.1,        101,       5.05   ,  0.0488139
          2,  663,        204,        371,       10.1,        101,       5.05   ,   0.550194
          2,  664,        589,         87,       10.1,        101,       5.05   ,   -1.49002
          2,  665,        760,        198,       10.1,        101,       5.05   ,   0.258465
          2,  666,        160,         29,       10.1,        101,       5.05   , -0.0631738
          2,  667,         51,        958,       10.1,        101,       5.05   , -0.0979203
          2,  668,        133,        802,       10.1,        101,       5.05   ,   -1.33256
          2,  669,        647,        970,       10.1,        101,       5.05   ,  -0.350222
          2,  670,        729,        156,       10.1,        101,       5.05   ,   -1.01125
          2,  671,        624,        373,       10.1,        101,       5.05   ,   -1.06088
          2,  672,        234,        490,       10.1,        101,       5.05   ,   0.874619
------------------------------------------------------------------------------
Component[2] Total Sloped Parallelepiped = 672