Component 2 maximum area=0.323322 [on 1000x1000]
Component type: Sloped rectangle
---------------------------------------------------------------------------------------
--------------|------- Center-----|----- dimensions---------|----------------------
component| id|    X       |     Y      |  Width/a     | height/b |   hoop   |   Slope   
---------------------------------------------------------------------------------------
          2,    1,         71,        102,       10.1,        101,       5.05   ,  -0.977934
          2,    2,        313,        189,       10.1,        101,       5.05   ,  -0.435715
          2,    3,        403,        320,       10.1,        101,       5.05   ,   -1.38002
          2,    4,        683,        839,       10.1,        101,       5.05   ,   0.884296
          2,    5,        532,        465,       10.1,        101,       5.05   ,  -0.589687
          2,    6,        653,        804,       10.1,        101,       5.05   ,  -0.284204
          2,    7,        533,        788,       10.1,        101,       5.05   ,    0.17861
          2,    8,        923,        642,       10.1,        101,       5.05   ,  -0.827083
          2,    9,        265,        916,       10.1,        101,       5.05   ,   -0.78277
          2,   10,        589,        558,       10.1,        101,       5.05   ,   0.319389
          2,   11,        571,        323,       10.1,        101,       5.05   ,    1.14714
          2,   12,        355,        390,       10.1,        101,       5.05   ,   -1.34714
          2,   13,        367,        725,       10.1,        101,       5.05   ,   0.407817
          2,   14,        759,        620,       10.1,        101,       5.05   ,    1.00793
          2,   15,        740,        655,       10.1,        101,       5.05   ,    1.03837
          2,   16,        920,        395,       10.1,        101,       5.05   ,   0.884781
          2,   17,        797,        367,       10.1,        101,       5.05   ,   0.952854
          2,   18,        686,        918,       10.1,        101,       5.05   ,  -0.165804
          2,   19,        910,        691,       10.1,        101,       5.05   ,   -1.23158
          2,   20,        710,        589,       10.1,        101,       5.05   ,   0.210563
          2,   21,        928,        597,       10.1,        101,       5.05   ,   0.856369
          2,   22,        852,        391,       10.1,        101,       5.05   ,  -0.838878
          2,   23,        811,         21,       10.1,        101,       5.05   , -0.0505853
          2,   24,        960,        203,       10.1,        101,       5.05   ,   -1.40316
          2,   25,        333,        764,       10.1,        101,       5.05   ,    1.18293
          2,   26,        816,        650,       10.1,        101,       5.05   ,  -0.351404
          2,   27,        237,        766,       10.1,        101,       5.05   ,   0.597094
          2,   28,        903,        534,       10.1,        101,       5.05   ,  -0.313939
          2,   29,         58,        849,       10.1,        101,       5.05   ,   0.357248
          2,   30,        432,        997,       10.1,        101,       5.05   ,   -0.31635
          2,   31,        459,         89,       10.1,        101,       5.05   ,    0.65438
          2,   32,         11,        807,       10.1,        101,       5.05   ,    0.82012
          2,   33,        873,        446,       10.1,        101,       5.05   ,   0.201182
          2,   34,        388,        106,       10.1,        101,       5.05   ,    0.22356
          2,   35,        363,        911,       10.1,        101,       5.05   ,     1.2162
          2,   36,        832,        647,       10.1,        101,       5.05   ,   -1.56614
          2,   37,        904,        482,       10.1,        101,       5.05   ,  -0.839139
          2,   38,        565,        912,       10.1,        101,       5.05   ,   -1.35531
          2,   39,        308,        917,       10.1,        101,       5.05   ,  -0.672266
          2,   40,        701,        546,       10.1,        101,       5.05   ,   -1.21957
          2,   41,        162,        159,       10.1,        101,       5.05   ,  -0.623329
          2,   42,        801,        521,       10.1,        101,       5.05   ,    1.39165
          2,   43,        689,        464,       10.1,        101,       5.05   ,  0.0102752
          2,   44,        196,        957,       10.1,        101,       5.05   ,   0.742807
          2,   45,        945,         12,       10.1,        101,       5.05   ,   0.833662
          2,   46,        880,        675,       10.1,        101,       5.05   ,   -1.40306
          2,   47,        864,        547,       10.1,        101,       5.05   ,  -0.280487
          2,   48,        872,         77,       10.1,        101,       5.05   ,    1.42129
          2,   49,        852,        573,       10.1,        101,       5.05   ,   -1.12537
          2,   50,        651,        457,       10.1,        101,       5.05   ,   -1.31694
          2,   51,        280,        933,       10.1,        101,       5.05   ,   0.907826
          2,   52,        971,        273,       10.1,        101,       5.05   , -0.0886854
          2,   53,        310,        336,       10.1,        101,       5.05   ,   -1.05388
          2,   54,        818,        434,       10.1,        101,       5.05   ,   0.115322
          2,   55,        905,        658,       10.1,        101,       5.05   ,    1.52721
          2,   56,        392,         82,       10.1,        101,       5.05   , -0.0865454
          2,   57,         43,        293,       10.1,        101,       5.05   ,   0.224766
          2,   58,        674,        550,       10.1,        101,       5.05   ,   0.529512
          2,   59,        833,        837,       10.1,        101,       5.05   ,  -0.829736
          2,   60,        744,        617,       10.1,        101,       5.05   ,    0.12934
          2,   61,        235,        515,       10.1,        101,       5.05   ,   0.439375
          2,   62,        954,         36,       10.1,        101,       5.05   ,  0.0211178
          2,   63,        449,        699,       10.1,        101,       5.05   ,   0.055596
          2,   64,         29,        741,       10.1,        101,       5.05   ,   0.607641
          2,   65,        903,        992,       10.1,        101,       5.05   ,   -1.44239
          2,   66,        199,         66,       10.1,        101,       5.05   ,  -0.174594
          2,   67,        311,        437,       10.1,        101,       5.05   ,  -0.461123
          2,   68,        773,        136,       10.1,        101,       5.05   ,   0.825054
          2,   69,        933,        652,       10.1,        101,       5.05   ,    1.54749
          2,   70,        378,        666,       10.1,        101,       5.05   ,   0.053837
          2,   71,        231,        145,       10.1,        101,       5.05   ,     1.1658
          2,   72,        137,        697,       10.1,        101,       5.05   ,   0.624395
          2,   73,        164,        694,       10.1,        101,       5.05   ,  -0.578332
          2,   74,        385,        952,       10.1,        101,       5.05   ,   -1.43616
          2,   75,        213,        920,       10.1,        101,       5.05   ,  -0.892151
          2,   76,        908,        285,       10.1,        101,       5.05   ,    1.14799
          2,   77,         43,        399,       10.1,        101,       5.05   ,   0.380239
          2,   78,        646,        746,       10.1,        101,       5.05   ,   0.957921
          2,   79,        189,        563,       10.1,        101,       5.05   ,  -0.318548
          2,   80,        562,        139,       10.1,        101,       5.05   ,  -0.846264
          2,   81,        301,        712,       10.1,        101,       5.05   ,  -0.376611
          2,   82,        845,        359,       10.1,        101,       5.05   ,  -0.286236
          2,   83,        961,        192,       10.1,        101,       5.05   , -0.0823423
          2,   84,        363,        895,       10.1,        101,       5.05   ,  -0.264067
          2,   85,        256,        780,       10.1,        101,       5.05   ,    1.12907
          2,   86,        411,        417,       10.1,        101,       5.05   ,   0.806588
          2,   87,        356,        678,       10.1,        101,       5.05   ,  -0.139828
          2,   88,        835,        739,       10.1,        101,       5.05   ,    0.22111
          2,   89,        798,        636,       10.1,        101,       5.05   ,  -0.832421
          2,   90,        624,        286,       10.1,        101,       5.05   ,   0.450234
          2,   91,        391,        910,       10.1,        101,       5.05   ,   0.694255
          2,   92,        453,        335,       10.1,        101,       5.05   ,    1.23311
          2,   93,        429,        600,       10.1,        101,       5.05   ,   -1.20399
          2,   94,        362,         61,       10.1,        101,       5.05   ,     1.1795
          2,   95,        614,        668,       10.1,        101,       5.05   ,    0.48023
          2,   96,         87,         72,       10.1,        101,       5.05   ,    1.53527
          2,   97,        818,        526,       10.1,        101,       5.05   ,  -0.994937
          2,   98,        410,        161,       10.1,        101,       5.05   ,  -0.341934
          2,   99,        748,        138,       10.1,        101,       5.05   ,    1.45046
          2,  100,        988,        587,       10.1,        101,       5.05   ,  -0.892027
          2,  101,        491,        567,       10.1,        101,       5.05   , 0.00351941
          2,  102,        496,        956,       10.1,        101,       5.05   ,     1.0282
          2,  103,        341,        571,       10.1,        101,       5.05   ,  -0.966685
          2,  104,        463,        767,       10.1,        101,       5.05   ,    1.17147
          2,  105,        672,        184,       10.1,        101,       5.05   ,   -1.40361
          2,  106,        678,        839,       10.1,        101,       5.05   ,  -0.830071
          2,  107,        729,        719,       10.1,        101,       5.05   ,    1.31894
          2,  108,        826,        264,       10.1,        101,       5.05   ,    1.42481
          2,  109,        497,        264,       10.1,        101,       5.05   ,  -0.460593
          2,  110,        201,        668,       10.1,        101,       5.05   ,     1.5033
          2,  111,        636,        179,       10.1,        101,       5.05   ,   0.583789
          2,  112,        174,        577,       10.1,        101,       5.05   ,   0.788662
          2,  113,        730,        263,       10.1,        101,       5.05   ,   -1.09586
          2,  114,        484,        413,       10.1,        101,       5.05   ,   0.886444
          2,  115,        207,        857,       10.1,        101,       5.05   ,   0.054284
          2,  116,        544,          1,       10.1,        101,       5.05   ,  -0.948469
          2,  117,        373,        952,       10.1,        101,       5.05   ,   -1.15727
          2,  118,        422,        657,       10.1,        101,       5.05   ,  -0.282943
          2,  119,        787,        469,       10.1,        101,       5.05   ,   0.406868
          2,  120,        597,        631,       10.1,        101,       5.05   ,   0.435731
          2,  121,        460,         95,       10.1,        101,       5.05   ,   0.973687
          2,  122,        965,        464,       10.1,        101,       5.05   ,    1.12523
          2,  123,        738,        450,       10.1,        101,       5.05   ,   0.117274
          2,  124,        102,        768,       10.1,        101,       5.05   , -0.0263995
          2,  125,        339,        114,       10.1,        101,       5.05   ,  -0.625444
          2,  126,        316,        315,       10.1,        101,       5.05   ,   0.529003
          2,  127,        812,        207,       10.1,        101,       5.05   ,   -1.01108
          2,  128,        915,        589,       10.1,        101,       5.05   ,   0.689262
          2,  129,        377,        564,       10.1,        101,       5.05   ,  -0.116733
          2,  130,        119,        571,       10.1,        101,       5.05   ,  -0.448668
          2,  131,        906,        742,       10.1,        101,       5.05   ,     1.3709
          2,  132,        300,        175,       10.1,        101,       5.05   ,    1.11076
          2,  133,        720,        466,       10.1,        101,       5.05   ,      -1.45
          2,  134,        504,        539,       10.1,        101,       5.05   ,  -0.914846
          2,  135,        676,        906,       10.1,        101,       5.05   ,   0.165486
          2,  136,        761,        945,       10.1,        101,       5.05   ,   -1.40259
          2,  137,        502,         50,       10.1,        101,       5.05   ,    1.27399
          2,  138,        267,        108,       10.1,        101,       5.05   ,   -1.53338
          2,  139,        884,        888,       10.1,        101,       5.05   ,  -0.993065
          2,  140,         82,        153,       10.1,        101,       5.05   ,  -0.221611
          2,  141,        570,        818,       10.1,        101,       5.05   ,  -0.999509
          2,  142,        745,        186,       10.1,        101,       5.05   ,  -0.653153
          2,  143,         79,        641,       10.1,        101,       5.05   ,   -1.21281
          2,  144,        276,        900,       10.1,        101,       5.05   ,   0.564406
          2,  145,        735,        132,       10.1,        101,       5.05   ,   0.816639
          2,  146,        345,        398,       10.1,        101,       5.05   ,   -1.02288
          2,  147,        453,         44,       10.1,        101,       5.05   ,  -0.560946
          2,  148,        738,        112,       10.1,        101,       5.05   ,   -1.05716
          2,  149,         63,        397,       10.1,        101,       5.05   ,  -0.686941
          2,  150,        482,        309,       10.1,        101,       5.05   ,   -1.55942
          2,  151,        846,        672,       10.1,        101,       5.05   ,   0.708946
          2,  152,        749,        542,       10.1,        101,       5.05   ,  -0.062368
          2,  153,        795,        786,       10.1,        101,       5.05   ,    1.36108
          2,  154,        886,        223,       10.1,        101,       5.05   ,   0.274696
          2,  155,        643,        728,       10.1,        101,       5.05   ,    1.28466
          2,  156,        349,        322,       10.1,        101,       5.05   ,  -0.929474
          2,  157,        668,        373,       10.1,        101,       5.05   ,   0.408155
          2,  158,        942,         24,       10.1,        101,       5.05   ,   0.476509
          2,  159,        629,        690,       10.1,        101,       5.05   ,    1.06066
          2,  160,        355,        246,       10.1,        101,       5.05   ,   0.666959
          2,  161,        288,        874,       10.1,        101,       5.05   ,   0.999648
          2,  162,        626,        307,       10.1,        101,       5.05   ,   -1.37794
          2,  163,        703,        378,       10.1,        101,       5.05   ,   0.415471
          2,  164,        500,        755,       10.1,        101,       5.05   ,    1.33648
          2,  165,        812,        934,       10.1,        101,       5.05   ,  -0.260105
          2,  166,         12,        503,       10.1,        101,       5.05   ,   -1.34679
          2,  167,        266,        499,       10.1,        101,       5.05   ,  -0.213365
          2,  168,        110,        875,       10.1,        101,       5.05   ,  -0.428555
          2,  169,        105,        379,       10.1,        101,       5.05   ,   -1.00165
          2,  170,        731,        276,       10.1,        101,       5.05   ,   0.548037
          2,  171,        232,        778,       10.1,        101,       5.05   ,  -0.507135
          2,  172,         74,        673,       10.1,        101,       5.05   ,  -0.397338
          2,  173,        415,         20,       10.1,        101,       5.05   ,    1.38963
          2,  174,        141,        199,       10.1,        101,       5.05   ,  0.0370739
          2,  175,        271,         34,       10.1,        101,       5.05   ,    1.10381
          2,  176,        825,        963,       10.1,        101,       5.05   ,    1.39819
          2,  177,        869,        120,       10.1,        101,       5.05   ,   0.215064
          2,  178,        957,        997,       10.1,        101,       5.05   ,   0.257376
          2,  179,        297,        573,       10.1,        101,       5.05   ,   -1.36417
          2,  180,        286,        423,       10.1,        101,       5.05   , -0.0375107
          2,  181,        687,        527,       10.1,        101,       5.05   ,  0.0712624
          2,  182,         64,        920,       10.1,        101,       5.05   ,   -1.36024
          2,  183,        949,         77,       10.1,        101,       5.05   ,    1.35426
          2,  184,        440,         50,       10.1,        101,       5.05   ,   0.735601
          2,  185,        213,        612,       10.1,        101,       5.05   ,  0.0119281
          2,  186,         24,        115,       10.1,        101,       5.05   , -0.0232065
          2,  187,         67,         68,       10.1,        101,       5.05   ,    -1.4406
          2,  188,        613,        646,       10.1,        101,       5.05   ,  -0.941839
          2,  189,         96,        126,       10.1,        101,       5.05   ,    1.37373
          2,  190,         50,        542,       10.1,        101,       5.05   ,   0.820778
          2,  191,        549,        557,       10.1,        101,       5.05   ,    1.53617
          2,  192,        715,        817,       10.1,        101,       5.05   ,    1.38888
          2,  193,        369,         67,       10.1,        101,       5.05   ,   0.535314
          2,  194,        308,        378,       10.1,        101,       5.05   ,   -1.54359
          2,  195,        422,        738,       10.1,        101,       5.05   ,  -0.813125
          2,  196,        858,        680,       10.1,        101,       5.05   ,  -0.555777
          2,  197,        685,        987,       10.1,        101,       5.05   ,    1.43677
          2,  198,        922,        525,       10.1,        101,       5.05   ,  -0.608229
          2,  199,         53,        749,       10.1,        101,       5.05   ,    1.45444
          2,  200,        636,        413,       10.1,        101,       5.05   ,   -1.17222
          2,  201,        856,        375,       10.1,        101,       5.05   ,     1.4451
          2,  202,        205,        763,       10.1,        101,       5.05   ,    1.35488
          2,  203,        873,         94,       10.1,        101,       5.05   ,  -0.787871
          2,  204,         68,        799,       10.1,        101,       5.05   ,  -0.561936
          2,  205,        780,        635,       10.1,        101,       5.05   ,    1.33285
          2,  206,        991,        450,       10.1,        101,       5.05   ,  -0.983035
          2,  207,        851,         53,       10.1,        101,       5.05   ,    1.55116
          2,  208,        544,        716,       10.1,        101,       5.05   ,    1.33346
          2,  209,        388,        931,       10.1,        101,       5.05   ,   0.626742
          2,  210,        935,        193,       10.1,        101,       5.05   ,   -1.08679
          2,  211,        727,        261,       10.1,        101,       5.05   ,   0.487098
          2,  212,        548,        768,       10.1,        101,       5.05   ,   0.662048
          2,  213,        321,        444,       10.1,        101,       5.05   ,     1.4727
          2,  214,        467,        922,       10.1,        101,       5.05   ,   0.744394
          2,  215,        783,        605,       10.1,        101,       5.05   ,  0.0423152
          2,  216,        239,        462,       10.1,        101,       5.05   ,   0.550828
          2,  217,        499,        383,       10.1,        101,       5.05   ,   0.934181
          2,  218,        387,        236,       10.1,        101,       5.05   ,   0.896656
          2,  219,        640,        245,       10.1,        101,       5.05   ,  -0.990384
          2,  220,        421,        320,       10.1,        101,       5.05   ,    1.55639
          2,  221,        458,        862,       10.1,        101,       5.05   ,   -1.38189
          2,  222,        331,        518,       10.1,        101,       5.05   ,   -1.56668
          2,  223,        805,        969,       10.1,        101,       5.05   ,   0.837678
          2,  224,        787,        836,       10.1,        101,       5.05   ,   -1.04707
          2,  225,        212,        152,       10.1,        101,       5.05   ,  0.0365991
          2,  226,         70,        130,       10.1,        101,       5.05   ,   0.674326
          2,  227,        526,        918,       10.1,        101,       5.05   ,   -1.14511
          2,  228,        922,        132,       10.1,        101,       5.05   ,  -0.867632
          2,  229,        163,        484,       10.1,        101,       5.05   ,   -1.05354
          2,  230,        913,         20,       10.1,        101,       5.05   ,    1.36476
          2,  231,        799,        874,       10.1,        101,       5.05   ,  -0.334552
          2,  232,        608,        973,       10.1,        101,       5.05   ,   0.345085
          2,  233,        223,        192,       10.1,        101,       5.05   ,   -1.44045
          2,  234,        170,        727,       10.1,        101,       5.05   ,    1.13224
          2,  235,        851,        578,       10.1,        101,       5.05   ,   -1.13874
          2,  236,        743,        673,       10.1,        101,       5.05   ,    1.51333
          2,  237,        105,        661,       10.1,        101,       5.05   ,  -0.322767
          2,  238,        486,         23,       10.1,        101,       5.05   ,    1.40983
          2,  239,        239,         50,       10.1,        101,       5.05   ,   -1.29374
          2,  240,        152,        624,       10.1,        101,       5.05   ,    -1.0855
          2,  241,        225,        327,       10.1,        101,       5.05   ,    1.19056
          2,  242,        100,        743,       10.1,        101,       5.05   ,  -0.110835
          2,  243,        133,        105,       10.1,        101,       5.05   ,   0.771652
          2,  244,        946,        544,       10.1,        101,       5.05   ,  -0.396805
          2,  245,          9,        655,       10.1,        101,       5.05   ,   -1.24215
          2,  246,        684,        745,       10.1,        101,       5.05   ,  -0.366085
          2,  247,        289,        471,       10.1,        101,       5.05   ,  0.0769982
          2,  248,        937,        570,       10.1,        101,       5.05   ,   0.422467
          2,  249,        532,        274,       10.1,        101,       5.05   ,   0.589288
          2,  250,        406,        926,       10.1,        101,       5.05   ,    0.57554
          2,  251,        164,        776,       10.1,        101,       5.05   ,   -1.28865
          2,  252,        810,        635,       10.1,        101,       5.05   ,   -1.26945
          2,  253,        900,        765,       10.1,        101,       5.05   ,   0.148157
          2,  254,        745,        958,       10.1,        101,       5.05   ,   0.579075
          2,  255,        381,        948,       10.1,        101,       5.05   ,  -0.729528
          2,  256,        575,        163,       10.1,        101,       5.05   ,   0.699223
          2,  257,        845,        882,       10.1,        101,       5.05   ,   -1.20673
          2,  258,        161,        687,       10.1,        101,       5.05   ,   0.437389
          2,  259,        745,        289,       10.1,        101,       5.05   ,    1.11755
          2,  260,        269,        788,       10.1,        101,       5.05   ,  -0.780405
          2,  261,         71,        519,       10.1,        101,       5.05   ,   -1.49915
          2,  262,        110,        130,       10.1,        101,       5.05   ,   0.534664
          2,  263,        670,        866,       10.1,        101,       5.05   ,    1.50196
          2,  264,        450,        248,       10.1,        101,       5.05   ,  -0.175691
          2,  265,        234,        888,       10.1,        101,       5.05   ,  -0.721851
          2,  266,        340,        444,       10.1,        101,       5.05   ,   -1.29184
          2,  267,        929,        270,       10.1,        101,       5.05   , -0.0839094
          2,  268,        848,         48,       10.1,        101,       5.05   , -0.0370979
          2,  269,        470,        916,       10.1,        101,       5.05   ,    0.72916
          2,  270,        979,        454,       10.1,        101,       5.05   ,  0.0630626
          2,  271,        660,        642,       10.1,        101,       5.05   ,   -1.52344
          2,  272,        554,        748,       10.1,        101,       5.05   ,   -0.42972
          2,  273,        653,         41,       10.1,        101,       5.05   ,   -1.53894
          2,  274,        772,        496,       10.1,        101,       5.05   ,   0.741019
          2,  275,        680,        263,       10.1,        101,       5.05   ,     0.3506
          2,  276,        117,        401,       10.1,        101,       5.05   ,   0.477296
          2,  277,         92,        303,       10.1,        101,       5.05   ,  -0.601149
          2,  278,        426,        436,       10.1,        101,       5.05   ,     1.0554
          2,  279,        709,         40,       10.1,        101,       5.05   ,  0.0815013
          2,  280,        527,        716,       10.1,        101,       5.05   ,   -1.35265
          2,  281,        692,        165,       10.1,        101,       5.05   ,  0.0920257
          2,  282,        230,        501,       10.1,        101,       5.05   , -0.0253888
          2,  283,        180,        995,       10.1,        101,       5.05   ,    1.05384
          2,  284,        401,        705,       10.1,        101,       5.05   ,   -1.33555
          2,  285,        508,        937,       10.1,        101,       5.05   ,   0.564661
          2,  286,        565,        367,       10.1,        101,       5.05   ,   -1.32194
          2,  287,        116,        736,       10.1,        101,       5.05   ,  -0.591453
          2,  288,        737,         59,       10.1,        101,       5.05   ,  -0.656677
          2,  289,         40,        924,       10.1,        101,       5.05   ,   -1.14368
          2,  290,        984,        344,       10.1,        101,       5.05   ,  -0.431685
          2,  291,         97,        689,       10.1,        101,       5.05   ,   0.344689
          2,  292,          0,        101,       10.1,        101,       5.05   ,  -0.578711
          2,  293,        112,        832,       10.1,        101,       5.05   ,   0.714719
          2,  294,        352,        498,       10.1,        101,       5.05   ,   -1.13899
          2,  295,        499,        935,       10.1,        101,       5.05   ,    0.60497
          2,  296,        561,        517,       10.1,        101,       5.05   ,   -1.20467
          2,  297,        475,        846,       10.1,        101,       5.05   ,    1.45579
          2,  298,        429,         43,       10.1,        101,       5.05   ,   -1.01064
          2,  299,        263,        340,       10.1,        101,       5.05   ,  -0.177018
          2,  300,        348,        830,       10.1,        101,       5.05   ,  -0.791169
          2,  301,        836,        822,       10.1,        101,       5.05   ,   0.147803
          2,  302,        275,        195,       10.1,        101,       5.05   ,  -0.106269
          2,  303,        880,        906,       10.1,        101,       5.05   ,  0.0657412
          2,  304,        883,        142,       10.1,        101,       5.05   , -0.0038146
          2,  305,        129,         65,       10.1,        101,       5.05   , -0.0105676
          2,  306,        430,        380,       10.1,        101,       5.05   ,   -1.04428
          2,  307,        505,        778,       10.1,        101,       5.05   ,  -0.600849
          2,  308,        969,         67,       10.1,        101,       5.05   ,  -0.521833
          2,  309,        704,        558,       10.1,        101,       5.05   ,     1.1052
          2,  310,        652,        476,       10.1,        101,       5.05   ,   -1.15842
          2,  311,        766,        295,       10.1,        101,       5.05   ,   0.968436
          2,  312,        810,        460,       10.1,        101,       5.05   ,  -0.392873
          2,  313,        281,        711,       10.1,        101,       5.05   ,   0.101101
          2,  314,        791,        138,       10.1,        101,       5.05   ,   0.175694
          2,  315,        402,        662,       10.1,        101,       5.05   ,   -1.42806
          2,  316,        321,        205,       10.1,        101,       5.05   ,  -0.403428
          2,  317,        512,        452,       10.1,        101,       5.05   , -0.0280098
          2,  318,        606,        976,       10.1,        101,       5.05   ,   0.827965
          2,  319,         54,        291,       10.1,        101,       5.05   ,   -1.41603
          2,  320,          4,        787,       10.1,        101,       5.05   ,  -0.662534
          2,  321,        353,        138,       10.1,        101,       5.05   ,   -1.34775
          2,  322,        595,        426,       10.1,        101,       5.05   ,    1.31296
          2,  323,        363,         10,       10.1,        101,       5.05   ,    1.34817
          2,  324,        458,         53,       10.1,        101,       5.05   ,   -1.51167
          2,  325,        625,        662,       10.1,        101,       5.05   ,   0.580889
          2,  326,         37,        273,       10.1,        101,       5.05   ,  -0.214893
          2,  327,        559,        132,       10.1,        101,       5.05   ,   0.880864
          2,  328,        700,        442,       10.1,        101,       5.05   ,   -1.16342
          2,  329,          5,        370,       10.1,        101,       5.05   ,   -1.17359
          2,  330,        240,        422,       10.1,        101,       5.05   ,   -1.15175
          2,  331,        846,        111,       10.1,        101,       5.05   ,   -1.53405
          2,  332,         10,        176,       10.1,        101,       5.05   ,  0.0308989
          2,  333,        846,         96,       10.1,        101,       5.05   , -0.0878293
          2,  334,        857,        730,       10.1,        101,       5.05   ,   0.812641
          2,  335,        287,        480,       10.1,        101,       5.05   ,   -1.07479
          2,  336,        119,        744,       10.1,        101,       5.05   ,  -0.162087
          2,  337,        609,        683,       10.1,        101,       5.05   ,   0.480076
          2,  338,        818,        739,       10.1,        101,       5.05   ,   0.640046
          2,  339,        474,        260,       10.1,        101,       5.05   ,  -0.257513
          2,  340,        678,        873,       10.1,        101,       5.05   ,  -0.133653
          2,  341,        371,        226,       10.1,        101,       5.05   ,  -0.550395
          2,  342,        811,        958,       10.1,        101,       5.05   ,-0.00305624
          2,  343,        821,        111,       10.1,        101,       5.05   ,  -0.199709
          2,  344,        546,        445,       10.1,        101,       5.05   ,    1.35523
          2,  345,        563,        391,       10.1,        101,       5.05   ,    -1.0916
          2,  346,        280,        787,       10.1,        101,       5.05   , -0.0122781
          2,  347,        780,        197,       10.1,        101,       5.05   ,    1.50492
          2,  348,        469,        444,       10.1,        101,       5.05   ,   0.625776
          2,  349,         47,        473,       10.1,        101,       5.05   ,   0.268345
          2,  350,        774,        611,       10.1,        101,       5.05   ,    1.29253
          2,  351,        327,        373,       10.1,        101,       5.05   ,    1.13785
          2,  352,        245,        222,       10.1,        101,       5.05   ,   0.244567
          2,  353,        275,        729,       10.1,        101,       5.05   ,    1.22786
          2,  354,        131,        953,       10.1,        101,       5.05   ,   0.834522
          2,  355,        907,         83,       10.1,        101,       5.05   ,  -0.903311
          2,  356,        179,        291,       10.1,        101,       5.05   ,  0.0366305
          2,  357,        332,        310,       10.1,        101,       5.05   ,  -0.412143
          2,  358,        252,        107,       10.1,        101,       5.05   ,    1.39883
          2,  359,        239,        998,       10.1,        101,       5.05   ,   0.224869
          2,  360,        257,        269,       10.1,        101,       5.05   ,   0.441339
          2,  361,        385,        779,       10.1,        101,       5.05   ,   -1.16277
          2,  362,        100,        457,       10.1,        101,       5.05   ,   -1.33079
          2,  363,        293,         27,       10.1,        101,       5.05   ,   0.632265
          2,  364,        784,        545,       10.1,        101,       5.05   ,   -1.10916
          2,  365,         94,        848,       10.1,        101,       5.05   ,  0.0222477
          2,  366,        784,        853,       10.1,        101,       5.05   ,    1.15809
          2,  367,        372,        150,       10.1,        101,       5.05   ,   0.846885
          2,  368,        399,        679,       10.1,        101,       5.05   ,  -0.192748
          2,  369,        610,        443,       10.1,        101,       5.05   ,    -1.2059
          2,  370,        666,         18,       10.1,        101,       5.05   ,   0.411798
          2,  371,        918,        295,       10.1,        101,       5.05   ,   0.290359
          2,  372,         41,        152,       10.1,        101,       5.05   ,   0.975397
          2,  373,        105,        612,       10.1,        101,       5.05   ,    1.53927
          2,  374,        756,        285,       10.1,        101,       5.05   ,   -1.49962
          2,  375,        310,        362,       10.1,        101,       5.05   ,    1.37225
          2,  376,        136,        941,       10.1,        101,       5.05   ,   -1.28265
          2,  377,        692,        118,       10.1,        101,       5.05   ,  -0.767546
          2,  378,        945,        466,       10.1,        101,       5.05   ,   0.885522
          2,  379,        203,        959,       10.1,        101,       5.05   ,  -0.174426
          2,  380,        787,        659,       10.1,        101,       5.05   ,   0.920724
          2,  381,         38,        458,       10.1,        101,       5.05   ,   -1.03809
          2,  382,        747,        275,       10.1,        101,       5.05   ,   0.548291
          2,  383,        941,        501,       10.1,        101,       5.05   ,  -0.920186
          2,  384,        435,        955,       10.1,        101,       5.05   ,  -0.196162
          2,  385,        331,        447,       10.1,        101,       5.05   ,   0.847467
          2,  386,        629,        884,       10.1,        101,       5.05   ,  -0.088378
          2,  387,        403,        310,       10.1,        101,       5.05   ,  -0.813491
          2,  388,        839,        659,       10.1,        101,       5.05   ,   0.729791
          2,  389,        334,        782,       10.1,        101,       5.05   ,   0.808063
          2,  390,        257,        833,       10.1,        101,       5.05   ,  -0.444317
          2,  391,         29,        782,       10.1,        101,       5.05   ,  -0.943482
          2,  392,        345,        516,       10.1,        101,       5.05   ,   -1.51344
          2,  393,        215,         58,       10.1,        101,       5.05   ,  -0.645572
          2,  394,        155,        125,       10.1,        101,       5.05   ,    1.10865
          2,  395,        728,        462,       10.1,        101,       5.05   ,  -0.593927
          2,  396,        772,        399,       10.1,        101,       5.05   ,   0.227452
          2,  397,        544,        514,       10.1,        101,       5.05   ,   0.512282
          2,  398,        932,        835,       10.1,        101,       5.05   ,    1.50184
          2,  399,        468,        466,       10.1,        101,       5.05   ,   -1.51845
          2,  400,        604,        286,       10.1,        101,       5.05   ,   -1.15848
          2,  401,        550,        634,       10.1,        101,       5.05   ,  0.0256481
          2,  402,        232,        420,       10.1,        101,       5.05   ,  -0.916487
          2,  403,        470,        483,       10.1,        101,       5.05   ,    1.25051
          2,  404,        747,        456,       10.1,        101,       5.05   ,  -0.592603
          2,  405,         12,        577,       10.1,        101,       5.05   ,   0.874642
          2,  406,        489,        674,       10.1,        101,       5.05   ,  -0.119622
          2,  407,        476,        901,       10.1,        101,       5.05   ,    1.53356
          2,  408,        283,        672,       10.1,        101,       5.05   ,    0.94946
          2,  409,        993,        772,       10.1,        101,       5.05   ,   0.618529
          2,  410,        566,        548,       10.1,        101,       5.05   ,   0.253873
          2,  411,        763,        781,       10.1,        101,       5.05   ,  -0.857795
          2,  412,        279,        183,       10.1,        101,       5.05   ,  -0.640231
          2,  413,         83,        600,       10.1,        101,       5.05   ,  -0.832839
          2,  414,        700,        645,       10.1,        101,       5.05   ,    1.14214
          2,  415,        653,        897,       10.1,        101,       5.05   ,    1.16686
          2,  416,        341,        275,       10.1,        101,       5.05   ,   0.213982
          2,  417,        541,        151,       10.1,        101,       5.05   ,   0.717239
          2,  418,        174,        914,       10.1,        101,       5.05   ,    1.36558
          2,  419,        262,        426,       10.1,        101,       5.05   ,   0.297322
          2,  420,        392,        531,       10.1,        101,       5.05   ,  -0.958734
          2,  421,        458,         19,       10.1,        101,       5.05   ,   0.554819
          2,  422,        308,        706,       10.1,        101,       5.05   ,     1.2574
          2,  423,        839,        846,       10.1,        101,       5.05   ,   -1.12023
          2,  424,        904,        504,       10.1,        101,       5.05   ,   0.916799
          2,  425,        351,        271,       10.1,        101,       5.05   ,    1.01768
          2,  426,        517,        142,       10.1,        101,       5.05   ,   0.036553
          2,  427,        103,        258,       10.1,        101,       5.05   ,     1.2679
          2,  428,        462,        213,       10.1,        101,       5.05   ,   0.982477
          2,  429,         19,        489,       10.1,        101,       5.05   ,   -1.45817
          2,  430,        868,        860,       10.1,        101,       5.05   ,   0.291204
          2,  431,        725,        673,       10.1,        101,       5.05   ,   0.681979
          2,  432,        325,        657,       10.1,        101,       5.05   ,  -0.905619
          2,  433,        909,        267,       10.1,        101,       5.05   ,   0.340714
          2,  434,        584,        153,       10.1,        101,       5.05   ,   0.555356
          2,  435,        756,        460,       10.1,        101,       5.05   ,   0.307222
          2,  436,        509,        879,       10.1,        101,       5.05   ,    1.13009
          2,  437,        953,        178,       10.1,        101,       5.05   , -0.0415433
          2,  438,        229,        226,       10.1,        101,       5.05   ,   0.297685
          2,  439,        547,        169,       10.1,        101,       5.05   ,  -0.432039
          2,  440,        858,        387,       10.1,        101,       5.05   ,    1.37965
          2,  441,        447,         29,       10.1,        101,       5.05   ,   -1.31441
          2,  442,        465,        735,       10.1,        101,       5.05   ,  -0.459752
          2,  443,        943,        607,       10.1,        101,       5.05   ,  -0.214008
          2,  444,         17,        376,       10.1,        101,       5.05   , -0.0821175
          2,  445,        122,        426,       10.1,        101,       5.05   ,   0.937464
          2,  446,        924,        873,       10.1,        101,       5.05   ,   0.745521
          2,  447,        452,        405,       10.1,        101,       5.05   ,   0.192544
          2,  448,        743,        367,       10.1,        101,       5.05   ,  -0.374106
          2,  449,        120,        525,       10.1,        101,       5.05   ,   0.410819
          2,  450,        645,        615,       10.1,        101,       5.05   ,    1.12179
          2,  451,        333,        890,       10.1,        101,       5.05   ,   -1.18955
          2,  452,        480,          6,       10.1,        101,       5.05   ,  0.0295813
          2,  453,         79,        498,       10.1,        101,       5.05   ,   0.790255
          2,  454,        175,        516,       10.1,        101,       5.05   ,    1.29435
          2,  455,        807,        454,       10.1,        101,       5.05   ,  -0.725482
          2,  456,        195,        722,       10.1,        101,       5.05   ,   -1.03847
          2,  457,        291,         53,       10.1,        101,       5.05   ,   -1.01353
          2,  458,        780,        311,       10.1,        101,       5.05   ,   0.168216
          2,  459,        670,        525,       10.1,        101,       5.05   ,  -0.242931
          2,  460,        414,        702,       10.1,        101,       5.05   ,    1.22331
          2,  461,        245,        794,       10.1,        101,       5.05   ,   0.605354
          2,  462,        646,        426,       10.1,        101,       5.05   , -0.0317601
          2,  463,        915,        689,       10.1,        101,       5.05   ,   0.888292
          2,  464,        423,        164,       10.1,        101,       5.05   ,   -1.02572
          2,  465,        256,        609,       10.1,        101,       5.05   ,    1.20904
          2,  466,        926,        892,       10.1,        101,       5.05   ,   0.538971
          2,  467,        973,        154,       10.1,        101,       5.05   ,   -1.34973
          2,  468,        977,        296,       10.1,        101,       5.05   ,   -1.36588
          2,  469,         48,        956,       10.1,        101,       5.05   ,  -0.348934
          2,  470,        938,        170,       10.1,        101,       5.05   , -0.0374955
          2,  471,          8,        818,       10.1,        101,       5.05   ,   0.923193
          2,  472,        652,        741,       10.1,        101,       5.05   ,  -0.345161
          2,  473,        166,        930,       10.1,        101,       5.05   ,   0.806244
          2,  474,        933,         75,       10.1,        101,       5.05   ,    1.12119
          2,  475,        593,        685,       10.1,        101,       5.05   ,   0.428604
          2,  476,        192,        330,       10.1,        101,       5.05   ,   -1.02669
          2,  477,        464,         49,       10.1,        101,       5.05   ,   0.121573
          2,  478,        137,        783,       10.1,        101,       5.05   ,    1.37762
          2,  479,        807,        980,       10.1,        101,       5.05   ,     -1.216
          2,  480,        565,        497,       10.1,        101,       5.05   ,  -0.642174
          2,  481,         68,        312,       10.1,        101,       5.05   ,  -0.407816
          2,  482,        775,        359,       10.1,        101,       5.05   ,    1.35089
          2,  483,        213,        626,       10.1,        101,       5.05   ,   -1.43562
          2,  484,        517,        294,       10.1,        101,       5.05   ,  -0.170391
          2,  485,        834,        603,       10.1,        101,       5.05   ,  -0.314895
          2,  486,        573,         98,       10.1,        101,       5.05   ,   0.146058
          2,  487,         60,        248,       10.1,        101,       5.05   ,  -0.901978
          2,  488,        697,         23,       10.1,        101,       5.05   ,   -1.02755
          2,  489,        150,        395,       10.1,        101,       5.05   ,   0.546474
          2,  490,        470,        217,       10.1,        101,       5.05   ,   -1.44593
          2,  491,        575,        200,       10.1,        101,       5.05   ,   -1.19141
          2,  492,        879,        101,       10.1,        101,       5.05   ,    1.56094
          2,  493,        409,        238,       10.1,        101,       5.05   ,  0.0670719
          2,  494,        584,        500,       10.1,        101,       5.05   ,   -1.22206
          2,  495,        754,        672,       10.1,        101,       5.05   ,    1.12591
          2,  496,        548,        449,       10.1,        101,       5.05   ,  -0.579847
          2,  497,        906,        169,       10.1,        101,       5.05   ,   -0.19761
          2,  498,        497,        275,       10.1,        101,       5.05   ,  -0.748642
          2,  499,        318,        657,       10.1,        101,       5.05   ,   -1.35867
          2,  500,         41,        412,       10.1,        101,       5.05   ,    1.16912
          2,  501,        683,        861,       10.1,        101,       5.05   ,   0.115398
          2,  502,        633,        142,       10.1,        101,       5.05   ,  -0.970722
          2,  503,        540,        733,       10.1,        101,       5.05   ,    0.92468
          2,  504,        444,        216,       10.1,        101,       5.05   ,     0.1471
          2,  505,        333,        919,       10.1,        101,       5.05   ,   -1.12631
          2,  506,        360,        189,       10.1,        101,       5.05   ,  -0.898245
          2,  507,        783,        149,       10.1,        101,       5.05   ,  -0.894433
          2,  508,        612,        512,       10.1,        101,       5.05   ,   -1.07279
          2,  509,        831,        368,       10.1,        101,       5.05   ,  -0.468206
          2,  510,        107,        702,       10.1,        101,       5.05   ,  -0.809664
          2,  511,        673,        478,       10.1,        101,       5.05   ,   0.849173
          2,  512,        251,        597,       10.1,        101,       5.05   ,    1.04411
          2,  513,        106,        183,       10.1,        101,       5.05   ,  -0.808912
          2,  514,        972,        824,       10.1,        101,       5.05   ,    1.55638
          2,  515,        848,         19,       10.1,        101,       5.05   ,  -0.593206
          2,  516,          9,        221,       10.1,        101,       5.05   ,   0.953858
          2,  517,        943,        815,       10.1,        101,       5.05   ,   0.929664
          2,  518,        256,        744,       10.1,        101,       5.05   ,   0.390482
          2,  519,        236,        518,       10.1,        101,       5.05   ,    1.49555
          2,  520,        603,        950,       10.1,        101,       5.05   ,  -0.461094
          2,  521,        139,        816,       10.1,        101,       5.05   ,    1.55223
          2,  522,        626,         44,       10.1,        101,       5.05   ,   0.747811
          2,  523,        918,         80,       10.1,        101,       5.05   ,   0.967027
          2,  524,         56,        117,       10.1,        101,       5.05   ,    1.50342
          2,  525,        914,        760,       10.1,        101,       5.05   ,    0.66272
          2,  526,        781,        395,       10.1,        101,       5.05   ,  -0.885686
          2,  527,        135,        478,       10.1,        101,       5.05   ,  -0.269015
          2,  528,        371,        691,       10.1,        101,       5.05   ,   0.239057
          2,  529,         59,        199,       10.1,        101,       5.05   ,  -0.117579
          2,  530,        784,        105,       10.1,        101,       5.05   ,  -0.261562
          2,  531,          2,        305,       10.1,        101,       5.05   ,   -1.46783
          2,  532,        716,        974,       10.1,        101,       5.05   ,  0.0564606
          2,  533,        342,        774,       10.1,        101,       5.05   ,  -0.387984
          2,  534,         43,          9,       10.1,        101,       5.05   ,  -0.736407
          2,  535,        987,        664,       10.1,        101,       5.05   ,   0.280203
          2,  536,        786,         37,       10.1,        101,       5.05   ,   -1.11314
          2,  537,         87,         80,       10.1,        101,       5.05   , -0.0392201
          2,  538,         12,        914,       10.1,        101,       5.05   ,     1.0884
          2,  539,         69,        904,       10.1,        101,       5.05   ,   -1.15491
          2,  540,        462,        463,       10.1,        101,       5.05   ,    1.15748
          2,  541,        284,        589,       10.1,        101,       5.05   ,    1.54757
          2,  542,        428,        798,       10.1,        101,       5.05   ,  -0.750041
          2,  543,        773,        464,       10.1,        101,       5.05   ,     1.3969
          2,  544,        838,        540,       10.1,        101,       5.05   ,   0.475379
          2,  545,        905,        848,       10.1,        101,       5.05   ,    0.42789
          2,  546,        659,        178,       10.1,        101,       5.05   ,  -0.224757
          2,  547,        967,        295,       10.1,        101,       5.05   ,   0.534381
          2,  548,        151,        809,       10.1,        101,       5.05   ,    1.54526
          2,  549,        225,        779,       10.1,        101,       5.05   ,   0.587578
          2,  550,         71,        536,       10.1,        101,       5.05   ,    1.17653
          2,  551,        740,        441,       10.1,        101,       5.05   ,     -0.559
          2,  552,        764,        829,       10.1,        101,       5.05   ,    1.47335
          2,  553,        909,        296,       10.1,        101,       5.05   ,    1.10956
          2,  554,        974,        566,       10.1,        101,       5.05   ,   0.536927
          2,  555,        922,        393,       10.1,        101,       5.05   ,    1.09917
          2,  556,        574,        276,       10.1,        101,       5.05   ,  -0.439312
          2,  557,        688,        635,       10.1,        101,       5.05   ,   0.141912
          2,  558,        881,        882,       10.1,        101,       5.05   ,  -0.385794
          2,  559,        126,         63,       10.1,        101,       5.05   ,    1.23343
          2,  560,        541,        538,       10.1,        101,       5.05   ,    -1.1503
          2,  561,        795,        425,       10.1,        101,       5.05   ,  -0.748197
          2,  562,        624,        899,       10.1,        101,       5.05   ,   0.951494
          2,  563,         77,        184,       10.1,        101,       5.05   ,  0.0374855
          2,  564,        221,        403,       10.1,        101,       5.05   ,   0.182847
          2,  565,        891,         39,       10.1,        101,       5.05   ,  -0.788659
          2,  566,         87,        161,       10.1,        101,       5.05   ,    -1.0638
          2,  567,        203,        219,       10.1,        101,       5.05   ,    0.27448
          2,  568,        963,        738,       10.1,        101,       5.05   ,   -1.11528
          2,  569,        735,        364,       10.1,        101,       5.05   ,   0.773442
          2,  570,        706,        454,       10.1,        101,       5.05   ,   -1.01933
          2,  571,        761,        145,       10.1,        101,       5.05   ,  -0.867739
          2,  572,        496,         90,       10.1,        101,       5.05   ,  -0.401737
          2,  573,        884,        656,       10.1,        101,       5.05   ,  -0.327914
          2,  574,        134,        525,       10.1,        101,       5.05   ,   0.108688
          2,  575,        318,        494,       10.1,        101,       5.05   ,  -0.592073
          2,  576,        684,        186,       10.1,        101,       5.05   ,   0.578073
          2,  577,          9,        655,       10.1,        101,       5.05   ,   -0.63115
          2,  578,        589,        301,       10.1,        101,       5.05   ,   0.916706
          2,  579,        811,        835,       10.1,        101,       5.05   ,    1.47668
          2,  580,        540,        971,       10.1,        101,       5.05   ,  -0.094466
          2,  581,        658,        264,       10.1,        101,       5.05   ,  -0.694936
          2,  582,        420,        579,       10.1,        101,       5.05   ,   -1.52421
          2,  583,        651,        129,       10.1,        101,       5.05   ,   0.523528
          2,  584,        797,        683,       10.1,        101,       5.05   ,   0.205454
          2,  585,        296,        486,       10.1,        101,       5.05   ,    0.36088
          2,  586,        197,        287,       10.1,        101,       5.05   ,   -1.24565
          2,  587,        340,        817,       10.1,        101,       5.05   ,  -0.807633
          2,  588,        525,        566,       10.1,        101,       5.05   ,  -0.157653
          2,  589,        473,        409,       10.1,        101,       5.05   ,    1.47649
          2,  590,        455,         34,       10.1,        101,       5.05   ,   -1.15872
          2,  591,        549,        463,       10.1,        101,       5.05   ,   0.107789
          2,  592,        585,        348,       10.1,        101,       5.05   ,   -1.41843
          2,  593,        681,        100,       10.1,        101,       5.05   ,    1.26285
          2,  594,        640,        596,       10.1,        101,       5.05   ,   -1.20346
          2,  595,        648,        397,       10.1,        101,       5.05   ,   -1.20745
          2,  596,        555,        892,       10.1,        101,       5.05   ,   -1.10006
          2,  597,        318,        166,       10.1,        101,       5.05   ,    -1.5187
          2,  598,        626,        491,       10.1,        101,       5.05   ,     1.2591
          2,  599,        830,        920,       10.1,        101,       5.05   ,   0.797643
          2,  600,        487,        961,       10.1,        101,       5.05   ,  -0.163671
          2,  601,        924,        279,       10.1,        101,       5.05   ,  -0.691399
          2,  602,        593,        115,       10.1,        101,       5.05   ,  -0.365026
          2,  603,        479,        449,       10.1,        101,       5.05   ,   0.455725
          2,  604,        542,        949,       10.1,        101,       5.05   ,    1.21925
          2,  605,        831,        515,       10.1,        101,       5.05   ,   0.805712
          2,  606,        528,        202,       10.1,        101,       5.05   ,   0.726072
          2,  607,        572,        357,       10.1,        101,       5.05   ,   0.258751
          2,  608,        843,        192,       10.1,        101,       5.05   ,  -0.889228
          2,  609,        945,        614,       10.1,        101,       5.05   ,   0.928099
          2,  610,        690,        796,       10.1,        101,       5.05   ,    -1.3228
          2,  611,        716,        396,       10.1,        101,       5.05   ,   0.768093
          2,  612,        945,        502,       10.1,        101,       5.05   ,   0.915197
          2,  613,        908,        206,       10.1,        101,       5.05   ,  -0.140797
          2,  614,        395,        421,       10.1,        101,       5.05   ,  -0.292897
          2,  615,         46,        793,       10.1,        101,       5.05   ,   -1.38857
          2,  616,        628,        430,       10.1,        101,       5.05   ,   0.931642
          2,  617,        442,        496,       10.1,        101,       5.05   ,    0.86705
          2,  618,        123,        604,       10.1,        101,       5.05   ,  -0.521643
          2,  619,        923,        741,       10.1,        101,       5.05   ,   0.748873
          2,  620,        530,        431,       10.1,        101,       5.05   ,   0.706198
          2,  621,        373,        996,       10.1,        101,       5.05   ,  -0.334218
          2,  622,        456,        889,       10.1,        101,       5.05   ,   0.482883
          2,  623,         67,        868,       10.1,        101,       5.05   ,   0.445123
          2,  624,        510,         37,       10.1,        101,       5.05   ,   0.061072
          2,  625,        908,        696,       10.1,        101,       5.05   ,   0.113074
          2,  626,        891,        943,       10.1,        101,       5.05   ,   -1.23095
          2,  627,         42,        351,       10.1,        101,       5.05   ,  -0.279586
          2,  628,         37,        341,       10.1,        101,       5.05   ,   0.582373
          2,  629,        322,        236,       10.1,        101,       5.05   ,   0.901874
          2,  630,        184,         60,       10.1,        101,       5.05   ,    1.21234
          2,  631,        168,        311,       10.1,        101,       5.05   ,  -0.573933
          2,  632,        571,        975,       10.1,        101,       5.05   ,    -1.2274
          2,  633,         49,        478,       10.1,        101,       5.05   ,   -1.31304
          2,  634,        127,        579,       10.1,        101,       5.05   ,  -0.248979
          2,  635,        256,        184,       10.1,        101,       5.05   ,   -1.20078
          2,  636,        472,        639,       10.1,        101,       5.05   ,  0.0582911
          2,  637,        959,        790,       10.1,        101,       5.05   ,   -1.49331
          2,  638,        854,        556,       10.1,        101,       5.05   ,   -1.54765
          2,  639,        621,        260,       10.1,        101,       5.05   ,  -0.113451
          2,  640,        644,        570,       10.1,        101,       5.05   ,   -1.48682
          2,  641,        935,        874,       10.1,        101,       5.05   ,   0.366618
          2,  642,        181,        343,       10.1,        101,       5.05   ,   -1.25244
          2,  643,         37,        236,       10.1,        101,       5.05   ,   0.430664
          2,  644,        222,        728,       10.1,        101,       5.05   ,   0.794595
          2,  645,        146,        942,       10.1,        101,       5.05   ,   0.958415
          2,  646,        617,        261,       10.1,        101,       5.05   ,   0.840003
------------------------------------------------------------------------------
Component[2] Total Sloped Parallelepiped = 646