Component 2 maximum area=0.323322 [on 1000x1000]
Component type: Sloped rectangle
---------------------------------------------------------------------------------------
--------------|------- Center-----|----- dimensions---------|----------------------
component| id|    X       |     Y      |  Width/a     | height/b |   hoop   |   Slope   
---------------------------------------------------------------------------------------
          2,    1,        775,        637,       10.1,        101,       5.05   ,  -0.563779
          2,    2,        456,        549,       10.1,        101,       5.05   ,   -1.10933
          2,    3,        702,         84,       10.1,        101,       5.05   ,   0.450319
          2,    4,        966,        393,       10.1,        101,       5.05   ,   -1.36792
          2,    5,        892,         88,       10.1,        101,       5.05   ,   0.370421
          2,    6,        957,        830,       10.1,        101,       5.05   ,   -0.89392
          2,    7,        723,         12,       10.1,        101,       5.05   ,   -1.33118
          2,    8,        410,         66,       10.1,        101,       5.05   ,   0.491392
          2,    9,        897,        547,       10.1,        101,       5.05   ,   0.611038
          2,   10,        617,        469,       10.1,        101,       5.05   ,  -0.364971
          2,   11,         30,        972,       10.1,        101,       5.05   ,  -0.882191
          2,   12,         15,        550,       10.1,        101,       5.05   ,     1.0423
          2,   13,        998,         39,       10.1,        101,       5.05   ,   -1.54168
          2,   14,        192,        625,       10.1,        101,       5.05   ,   -1.26765
          2,   15,        572,         91,       10.1,        101,       5.05   ,  -0.522959
          2,   16,        298,        250,       10.1,        101,       5.05   ,     1.0583
          2,   17,        568,        623,       10.1,        101,       5.05   ,    1.13331
          2,   18,        617,        584,       10.1,        101,       5.05   ,  -0.397054
          2,   19,        621,        371,       10.1,        101,       5.05   ,  -0.608195
          2,   20,        311,         98,       10.1,        101,       5.05   ,  -0.503274
          2,   21,        739,         14,       10.1,        101,       5.05   ,    1.45146
          2,   22,         55,        965,       10.1,        101,       5.05   ,    1.45028
          2,   23,        947,        551,       10.1,        101,       5.05   ,  -0.110379
          2,   24,        967,        452,       10.1,        101,       5.05   ,  -0.426984
          2,   25,        793,        133,       10.1,        101,       5.05   ,     1.3099
          2,   26,        728,        652,       10.1,        101,       5.05   ,    0.38525
          2,   27,        388,        389,       10.1,        101,       5.05   ,   0.604146
          2,   28,         59,        283,       10.1,        101,       5.05   ,    1.24505
          2,   29,        919,         87,       10.1,        101,       5.05   ,    1.04782
          2,   30,        830,        763,       10.1,        101,       5.05   ,     1.0941
          2,   31,        436,        525,       10.1,        101,       5.05   ,   -1.10546
          2,   32,        497,        498,       10.1,        101,       5.05   ,  -0.788878
          2,   33,        610,        313,       10.1,        101,       5.05   ,   -1.51767
          2,   34,        391,        275,       10.1,        101,       5.05   ,    1.03343
          2,   35,        526,        444,       10.1,        101,       5.05   ,  -0.884332
          2,   36,        403,        217,       10.1,        101,       5.05   ,   0.239223
          2,   37,        321,        224,       10.1,        101,       5.05   ,   0.291292
          2,   38,        338,        863,       10.1,        101,       5.05   ,    1.27881
          2,   39,        334,        349,       10.1,        101,       5.05   ,   0.982709
          2,   40,        809,        497,       10.1,        101,       5.05   ,  -0.966343
          2,   41,        237,        767,       10.1,        101,       5.05   ,  0.0187684
          2,   42,        504,        968,       10.1,        101,       5.05   ,   0.259924
          2,   43,        571,        676,       10.1,        101,       5.05   ,   0.757786
          2,   44,        713,        132,       10.1,        101,       5.05   ,    1.56027
          2,   45,        137,        348,       10.1,        101,       5.05   ,  0.0137226
          2,   46,        149,        305,       10.1,        101,       5.05   ,   -1.41719
          2,   47,        798,         14,       10.1,        101,       5.05   ,   -1.52992
          2,   48,        256,        938,       10.1,        101,       5.05   ,   0.703391
          2,   49,        336,        809,       10.1,        101,       5.05   ,   0.271582
          2,   50,         62,        990,       10.1,        101,       5.05   ,  -0.052498
          2,   51,        342,         80,       10.1,        101,       5.05   ,    1.55396
          2,   52,        320,        386,       10.1,        101,       5.05   ,   -1.15557
          2,   53,        622,        898,       10.1,        101,       5.05   ,    0.68871
          2,   54,        669,        198,       10.1,        101,       5.05   ,   0.278433
          2,   55,        275,        638,       10.1,        101,       5.05   ,   -1.45208
          2,   56,        386,        270,       10.1,        101,       5.05   ,  -0.660903
          2,   57,        568,        123,       10.1,        101,       5.05   ,  -0.554895
          2,   58,         16,         31,       10.1,        101,       5.05   ,  -0.251593
          2,   59,        589,        472,       10.1,        101,       5.05   ,   -1.46456
          2,   60,        156,        823,       10.1,        101,       5.05   ,   0.662251
          2,   61,        162,        826,       10.1,        101,       5.05   ,   0.271919
          2,   62,        690,        384,       10.1,        101,       5.05   ,  -0.840872
          2,   63,        618,        223,       10.1,        101,       5.05   ,   0.926289
          2,   64,        216,        487,       10.1,        101,       5.05   ,  -0.753578
          2,   65,        502,        211,       10.1,        101,       5.05   ,   -1.54759
          2,   66,        592,        568,       10.1,        101,       5.05   ,    1.28155
          2,   67,        743,        952,       10.1,        101,       5.05   ,   -1.33669
          2,   68,        557,        754,       10.1,        101,       5.05   ,  -0.795253
          2,   69,         73,        265,       10.1,        101,       5.05   ,  -0.586722
          2,   70,        153,        648,       10.1,        101,       5.05   ,    1.30875
          2,   71,        460,         49,       10.1,        101,       5.05   ,  0.0201148
          2,   72,         96,        286,       10.1,        101,       5.05   ,   0.879318
          2,   73,        488,        109,       10.1,        101,       5.05   ,  -0.736542
          2,   74,        461,        865,       10.1,        101,       5.05   ,    -1.2963
          2,   75,        501,         86,       10.1,        101,       5.05   ,   -1.00995
          2,   76,        948,        841,       10.1,        101,       5.05   ,   0.746551
          2,   77,        177,        395,       10.1,        101,       5.05   ,   0.305181
          2,   78,        438,        343,       10.1,        101,       5.05   ,    1.41141
          2,   79,        815,        129,       10.1,        101,       5.05   ,    1.47614
          2,   80,        941,        524,       10.1,        101,       5.05   ,    1.18399
          2,   81,        726,        606,       10.1,        101,       5.05   ,   -1.18102
          2,   82,        922,        139,       10.1,        101,       5.05   , -0.0767782
          2,   83,        592,        448,       10.1,        101,       5.05   ,  0.0491935
          2,   84,        384,        170,       10.1,        101,       5.05   ,   0.901366
          2,   85,        839,        137,       10.1,        101,       5.05   ,    1.36424
          2,   86,        616,        130,       10.1,        101,       5.05   ,  -0.730778
          2,   87,        467,        718,       10.1,        101,       5.05   ,  -0.305372
          2,   88,        222,        589,       10.1,        101,       5.05   ,  -0.958624
          2,   89,        244,        820,       10.1,        101,       5.05   ,   -1.17262
          2,   90,         46,        383,       10.1,        101,       5.05   , -0.0763993
          2,   91,        165,        479,       10.1,        101,       5.05   ,    1.11225
          2,   92,        148,        108,       10.1,        101,       5.05   ,    1.55673
          2,   93,        589,        686,       10.1,        101,       5.05   ,    0.28233
          2,   94,        917,        121,       10.1,        101,       5.05   ,   0.934218
          2,   95,        112,         44,       10.1,        101,       5.05   ,   0.977972
          2,   96,        446,        448,       10.1,        101,       5.05   ,   -1.28029
          2,   97,        779,        527,       10.1,        101,       5.05   ,    0.24091
          2,   98,        327,         83,       10.1,        101,       5.05   ,   -1.20604
          2,   99,        425,        959,       10.1,        101,       5.05   ,    1.08374
          2,  100,        815,        606,       10.1,        101,       5.05   ,   -0.42276
          2,  101,        757,        335,       10.1,        101,       5.05   ,  -0.515953
          2,  102,        143,         45,       10.1,        101,       5.05   ,  -0.220925
          2,  103,        851,        442,       10.1,        101,       5.05   ,  -0.861236
          2,  104,         87,        717,       10.1,        101,       5.05   ,   -1.21769
          2,  105,        518,         89,       10.1,        101,       5.05   ,   0.373653
          2,  106,        926,        909,       10.1,        101,       5.05   ,  -0.320604
          2,  107,        646,        938,       10.1,        101,       5.05   ,-0.00137137
          2,  108,        930,         36,       10.1,        101,       5.05   ,   0.295042
          2,  109,        358,        133,       10.1,        101,       5.05   ,    1.26354
          2,  110,        261,        183,       10.1,        101,       5.05   ,  -0.353752
          2,  111,        662,        686,       10.1,        101,       5.05   ,  -0.774093
          2,  112,        695,        673,       10.1,        101,       5.05   ,    1.43259
          2,  113,         51,        578,       10.1,        101,       5.05   ,   0.834561
          2,  114,        515,        539,       10.1,        101,       5.05   ,   0.582235
          2,  115,        123,        571,       10.1,        101,       5.05   ,   0.990825
          2,  116,        938,        186,       10.1,        101,       5.05   ,   0.552186
          2,  117,        810,        965,       10.1,        101,       5.05   ,  -0.770497
          2,  118,        346,        751,       10.1,        101,       5.05   ,   0.890023
          2,  119,        513,        732,       10.1,        101,       5.05   ,   -0.18931
          2,  120,         37,        930,       10.1,        101,       5.05   ,  -0.343402
          2,  121,        348,        475,       10.1,        101,       5.05   ,   0.377012
          2,  122,        659,         11,       10.1,        101,       5.05   ,   -1.35806
          2,  123,        463,         76,       10.1,        101,       5.05   ,   0.376085
          2,  124,        137,        937,       10.1,        101,       5.05   ,   -1.29267
          2,  125,        898,        677,       10.1,        101,       5.05   ,   0.767035
          2,  126,        498,        505,       10.1,        101,       5.05   ,  -0.774214
          2,  127,        231,        417,       10.1,        101,       5.05   ,   -1.01308
          2,  128,        785,        743,       10.1,        101,       5.05   ,   0.879377
          2,  129,        347,         74,       10.1,        101,       5.05   ,  -0.275819
          2,  130,        843,        772,       10.1,        101,       5.05   ,   0.822448
          2,  131,        812,        394,       10.1,        101,       5.05   ,   -1.27119
          2,  132,        772,        260,       10.1,        101,       5.05   ,  -0.389413
          2,  133,        798,        100,       10.1,        101,       5.05   ,  -0.958158
          2,  134,        626,        585,       10.1,        101,       5.05   ,    1.19926
          2,  135,        278,        722,       10.1,        101,       5.05   ,   0.324721
          2,  136,        922,        988,       10.1,        101,       5.05   , -0.0618218
          2,  137,        645,        939,       10.1,        101,       5.05   ,   -1.52141
          2,  138,        434,        306,       10.1,        101,       5.05   ,   -1.35603
          2,  139,        897,        272,       10.1,        101,       5.05   ,  -0.568709
          2,  140,        972,        916,       10.1,        101,       5.05   ,    1.04307
          2,  141,        331,        670,       10.1,        101,       5.05   ,   -1.52533
          2,  142,        758,        448,       10.1,        101,       5.05   ,  -0.488775
          2,  143,        421,        699,       10.1,        101,       5.05   ,  -0.322815
          2,  144,        750,        643,       10.1,        101,       5.05   ,    1.39983
          2,  145,        838,        322,       10.1,        101,       5.05   ,  0.0362561
          2,  146,        946,        576,       10.1,        101,       5.05   ,   -1.10306
          2,  147,        694,        515,       10.1,        101,       5.05   ,   0.697738
          2,  148,        101,        308,       10.1,        101,       5.05   ,   0.189635
          2,  149,         38,        655,       10.1,        101,       5.05   ,  -0.766944
          2,  150,        753,         69,       10.1,        101,       5.05   ,   -0.21574
          2,  151,        360,         58,       10.1,        101,       5.05   ,  -0.147988
          2,  152,         62,        518,       10.1,        101,       5.05   ,  -0.580645
          2,  153,        762,        948,       10.1,        101,       5.05   ,   0.429357
          2,  154,        173,        103,       10.1,        101,       5.05   ,  -0.305021
          2,  155,        289,        254,       10.1,        101,       5.05   ,   -1.19452
          2,  156,         81,        543,       10.1,        101,       5.05   , -0.0697209
          2,  157,        750,        532,       10.1,        101,       5.05   ,   0.480573
          2,  158,        906,        235,       10.1,        101,       5.05   ,    1.41175
          2,  159,        545,        773,       10.1,        101,       5.05   , -0.0399136
          2,  160,        476,        334,       10.1,        101,       5.05   ,  -0.320098
          2,  161,         94,        624,       10.1,        101,       5.05   ,   0.134185
          2,  162,        725,        115,       10.1,        101,       5.05   ,   0.887504
          2,  163,        684,        347,       10.1,        101,       5.05   ,   0.974247
          2,  164,         12,        404,       10.1,        101,       5.05   ,  -0.518167
          2,  165,        753,        538,       10.1,        101,       5.05   ,    0.31354
          2,  166,        302,        248,       10.1,        101,       5.05   ,   -0.84379
          2,  167,        736,        677,       10.1,        101,       5.05   ,  -0.336569
          2,  168,        265,         17,       10.1,        101,       5.05   ,  -0.649517
          2,  169,        842,        636,       10.1,        101,       5.05   , -0.0660171
          2,  170,        340,        853,       10.1,        101,       5.05   ,  -0.755918
          2,  171,         33,        538,       10.1,        101,       5.05   ,   -1.53911
          2,  172,        908,        557,       10.1,        101,       5.05   ,   0.911099
          2,  173,        266,         34,       10.1,        101,       5.05   ,   -0.57355
          2,  174,        599,        758,       10.1,        101,       5.05   ,  -0.847834
          2,  175,         44,        415,       10.1,        101,       5.05   ,   0.265873
          2,  176,        726,        340,       10.1,        101,       5.05   ,   -1.39286
          2,  177,        109,        712,       10.1,        101,       5.05   ,   -1.38211
          2,  178,        639,        345,       10.1,        101,       5.05   ,   0.563671
          2,  179,         11,        508,       10.1,        101,       5.05   , -0.0829275
          2,  180,        255,        824,       10.1,        101,       5.05   ,  -0.461093
          2,  181,         62,        910,       10.1,        101,       5.05   ,   0.758538
          2,  182,        718,        498,       10.1,        101,       5.05   ,  -0.543237
          2,  183,        824,        660,       10.1,        101,       5.05   ,  -0.122517
          2,  184,        515,        305,       10.1,        101,       5.05   ,  -0.152959
          2,  185,        374,        335,       10.1,        101,       5.05   ,    1.06375
          2,  186,        945,        685,       10.1,        101,       5.05   ,   0.806999
          2,  187,        764,         93,       10.1,        101,       5.05   ,     1.3312
          2,  188,        782,        308,       10.1,        101,       5.05   ,   -1.06632
          2,  189,        143,        521,       10.1,        101,       5.05   ,  -0.613568
          2,  190,        476,        767,       10.1,        101,       5.05   ,    1.00264
          2,  191,        830,        181,       10.1,        101,       5.05   ,  -0.183509
          2,  192,        308,         43,       10.1,        101,       5.05   ,  -0.863818
          2,  193,         46,         93,       10.1,        101,       5.05   ,    0.27774
          2,  194,        728,        159,       10.1,        101,       5.05   ,   0.128958
          2,  195,        483,        188,       10.1,        101,       5.05   ,  -0.586961
          2,  196,        521,         34,       10.1,        101,       5.05   ,  -0.330498
          2,  197,        461,         36,       10.1,        101,       5.05   ,  -0.100741
          2,  198,         67,        988,       10.1,        101,       5.05   ,     1.4645
          2,  199,        895,        856,       10.1,        101,       5.05   ,    1.16886
          2,  200,        419,        294,       10.1,        101,       5.05   ,   -1.09707
          2,  201,        779,        683,       10.1,        101,       5.05   ,  -0.723431
          2,  202,         65,        673,       10.1,        101,       5.05   ,    0.46338
          2,  203,        321,        943,       10.1,        101,       5.05   ,  -0.612861
          2,  204,        257,        468,       10.1,        101,       5.05   ,   0.867477
          2,  205,        729,        494,       10.1,        101,       5.05   ,   -1.46219
          2,  206,         65,        335,       10.1,        101,       5.05   ,   0.632156
          2,  207,        315,        155,       10.1,        101,       5.05   ,   0.797302
          2,  208,        216,        178,       10.1,        101,       5.05   ,   -1.07437
          2,  209,        789,        877,       10.1,        101,       5.05   ,   -1.27342
          2,  210,        991,        265,       10.1,        101,       5.05   ,  -0.165712
          2,  211,        586,        832,       10.1,        101,       5.05   ,   0.516697
          2,  212,        502,        656,       10.1,        101,       5.05   ,   -0.50197
          2,  213,        105,        235,       10.1,        101,       5.05   ,   0.396037
          2,  214,        778,        691,       10.1,        101,       5.05   ,   -1.05759
          2,  215,        553,        284,       10.1,        101,       5.05   ,    1.16885
          2,  216,        615,        480,       10.1,        101,       5.05   ,  -0.428392
          2,  217,        330,         43,       10.1,        101,       5.05   ,   -1.02621
          2,  218,        197,        449,       10.1,        101,       5.05   ,   -1.51533
          2,  219,        509,        749,       10.1,        101,       5.05   ,  -0.431866
          2,  220,        825,        153,       10.1,        101,       5.05   ,   -1.28973
          2,  221,        529,        695,       10.1,        101,       5.05   ,   0.232813
          2,  222,        809,        674,       10.1,        101,       5.05   ,    1.26107
          2,  223,        194,        843,       10.1,        101,       5.05   ,   -1.20134
          2,  224,        702,        757,       10.1,        101,       5.05   ,  -0.822959
          2,  225,        407,        717,       10.1,        101,       5.05   ,  -0.964904
          2,  226,        506,        615,       10.1,        101,       5.05   ,   -1.01063
          2,  227,        508,        311,       10.1,        101,       5.05   ,   0.273981
          2,  228,        550,        877,       10.1,        101,       5.05   ,  -0.184276
          2,  229,        714,        963,       10.1,        101,       5.05   ,  -0.600863
          2,  230,        265,        953,       10.1,        101,       5.05   ,    1.30059
          2,  231,        401,        303,       10.1,        101,       5.05   ,   0.218959
          2,  232,        680,        734,       10.1,        101,       5.05   ,    1.34429
          2,  233,        161,        877,       10.1,        101,       5.05   ,    1.47435
          2,  234,         64,         65,       10.1,        101,       5.05   ,    1.52149
          2,  235,         50,        798,       10.1,        101,       5.05   ,   0.760195
          2,  236,        697,        401,       10.1,        101,       5.05   ,    1.24684
          2,  237,        633,        383,       10.1,        101,       5.05   ,   0.694704
          2,  238,        340,        374,       10.1,        101,       5.05   ,   -1.07794
          2,  239,        430,        719,       10.1,        101,       5.05   ,   -1.00084
          2,  240,        739,        330,       10.1,        101,       5.05   ,  -0.748776
          2,  241,        214,        659,       10.1,        101,       5.05   ,  -0.617901
          2,  242,        688,         74,       10.1,        101,       5.05   ,   -1.30661
          2,  243,        262,        963,       10.1,        101,       5.05   ,   -1.12277
          2,  244,        652,        670,       10.1,        101,       5.05   ,  -0.203679
          2,  245,        958,        674,       10.1,        101,       5.05   ,   -0.86955
          2,  246,        803,        441,       10.1,        101,       5.05   ,    1.11175
          2,  247,        327,        439,       10.1,        101,       5.05   ,   -1.50546
          2,  248,        717,        693,       10.1,        101,       5.05   ,   0.617666
          2,  249,        706,        779,       10.1,        101,       5.05   ,    -1.5359
          2,  250,        937,        680,       10.1,        101,       5.05   ,  0.0978294
          2,  251,        671,         12,       10.1,        101,       5.05   ,    1.00766
          2,  252,        406,        105,       10.1,        101,       5.05   ,    1.37878
          2,  253,        543,        763,       10.1,        101,       5.05   ,   0.568739
          2,  254,        788,        582,       10.1,        101,       5.05   ,    1.31739
          2,  255,        341,        479,       10.1,        101,       5.05   ,     1.4862
          2,  256,         85,        862,       10.1,        101,       5.05   ,   -1.34562
          2,  257,        899,        799,       10.1,        101,       5.05   ,  -0.253657
          2,  258,        901,        460,       10.1,        101,       5.05   ,   0.494963
          2,  259,        899,        479,       10.1,        101,       5.05   ,   -1.22606
          2,  260,        320,        569,       10.1,        101,       5.05   ,  -0.742389
          2,  261,        969,        488,       10.1,        101,       5.05   ,     -1.441
          2,  262,        435,        983,       10.1,        101,       5.05   ,  -0.271429
          2,  263,        375,        603,       10.1,        101,       5.05   ,   -1.42118
          2,  264,        370,        339,       10.1,        101,       5.05   ,  -0.201023
          2,  265,        148,        568,       10.1,        101,       5.05   ,   0.461092
          2,  266,        484,        726,       10.1,        101,       5.05   ,   0.207602
          2,  267,        219,        922,       10.1,        101,       5.05   ,   0.430852
          2,  268,        916,         45,       10.1,        101,       5.05   ,    1.40827
          2,  269,        259,        967,       10.1,        101,       5.05   ,  -0.790771
          2,  270,        720,        806,       10.1,        101,       5.05   ,   0.115899
          2,  271,        477,         53,       10.1,        101,       5.05   ,   0.570853
          2,  272,        858,        515,       10.1,        101,       5.05   ,  -0.648989
          2,  273,        409,        911,       10.1,        101,       5.05   ,   0.461187
          2,  274,        512,         39,       10.1,        101,       5.05   ,    1.45999
          2,  275,        471,        672,       10.1,        101,       5.05   ,  -0.243159
          2,  276,         40,        284,       10.1,        101,       5.05   ,  -0.804404
          2,  277,        372,        580,       10.1,        101,       5.05   ,   0.412117
          2,  278,        374,        655,       10.1,        101,       5.05   ,    1.28116
          2,  279,        693,        306,       10.1,        101,       5.05   ,   0.453922
          2,  280,        523,        417,       10.1,        101,       5.05   ,   -1.32041
          2,  281,        521,        153,       10.1,        101,       5.05   ,   -1.20419
          2,  282,        884,        937,       10.1,        101,       5.05   ,   0.289316
          2,  283,        642,        229,       10.1,        101,       5.05   ,   -1.54797
          2,  284,        612,        304,       10.1,        101,       5.05   ,   -0.27283
          2,  285,        630,        109,       10.1,        101,       5.05   ,  0.0484187
          2,  286,        834,        743,       10.1,        101,       5.05   ,  -0.299896
          2,  287,        437,        848,       10.1,        101,       5.05   ,  -0.986858
          2,  288,        911,        611,       10.1,        101,       5.05   ,  -0.838349
          2,  289,        839,        568,       10.1,        101,       5.05   ,   0.934862
          2,  290,        572,        958,       10.1,        101,       5.05   ,   0.862804
          2,  291,        861,        486,       10.1,        101,       5.05   ,   0.391731
          2,  292,        686,        238,       10.1,        101,       5.05   ,   0.794095
          2,  293,        917,        566,       10.1,        101,       5.05   ,   -1.53599
          2,  294,        489,        147,       10.1,        101,       5.05   ,   -1.44647
          2,  295,        358,        787,       10.1,        101,       5.05   ,    1.28502
          2,  296,        190,         34,       10.1,        101,       5.05   ,  -0.147042
          2,  297,        574,        857,       10.1,        101,       5.05   ,  -0.447845
          2,  298,         48,         68,       10.1,        101,       5.05   ,    0.57646
          2,  299,        996,         96,       10.1,        101,       5.05   ,   0.646643
          2,  300,        970,        759,       10.1,        101,       5.05   ,     1.3668
          2,  301,         50,        523,       10.1,        101,       5.05   ,    1.34096
          2,  302,        626,        874,       10.1,        101,       5.05   ,  0.0810502
          2,  303,        833,        463,       10.1,        101,       5.05   ,  -0.780212
          2,  304,        254,        589,       10.1,        101,       5.05   ,  0.0548979
          2,  305,        518,        617,       10.1,        101,       5.05   ,  -0.477577
          2,  306,        213,        933,       10.1,        101,       5.05   ,  -0.596151
          2,  307,        107,         85,       10.1,        101,       5.05   ,   0.407652
          2,  308,        590,        758,       10.1,        101,       5.05   ,    1.31581
          2,  309,         87,        414,       10.1,        101,       5.05   ,   0.634738
          2,  310,         76,        414,       10.1,        101,       5.05   ,   -1.42955
          2,  311,        120,        490,       10.1,        101,       5.05   ,  -0.905996
          2,  312,        580,        567,       10.1,        101,       5.05   , -0.0087204
          2,  313,        980,        894,       10.1,        101,       5.05   ,    1.54001
          2,  314,        765,        315,       10.1,        101,       5.05   ,  -0.611395
          2,  315,        167,        140,       10.1,        101,       5.05   ,   -1.06474
          2,  316,        840,        667,       10.1,        101,       5.05   ,   -1.39419
          2,  317,        118,        912,       10.1,        101,       5.05   ,    1.33055
          2,  318,         28,         38,       10.1,        101,       5.05   ,   0.601182
          2,  319,        594,        766,       10.1,        101,       5.05   ,  -0.661585
          2,  320,        775,        779,       10.1,        101,       5.05   ,  -0.718981
          2,  321,        149,        713,       10.1,        101,       5.05   ,    0.12684
          2,  322,        785,        347,       10.1,        101,       5.05   ,    -1.4186
          2,  323,        981,        304,       10.1,        101,       5.05   ,   -1.00497
          2,  324,         56,        854,       10.1,        101,       5.05   ,   0.525281
          2,  325,        314,        103,       10.1,        101,       5.05   ,    0.60013
          2,  326,        519,        660,       10.1,        101,       5.05   ,    0.82501
          2,  327,        289,        498,       10.1,        101,       5.05   ,   0.594453
          2,  328,        730,        571,       10.1,        101,       5.05   ,    1.08745
          2,  329,        625,        864,       10.1,        101,       5.05   ,   0.394953
          2,  330,        191,        537,       10.1,        101,       5.05   ,    1.13387
          2,  331,        516,        988,       10.1,        101,       5.05   ,   0.505665
          2,  332,        216,         11,       10.1,        101,       5.05   ,    1.52922
          2,  333,        549,        184,       10.1,        101,       5.05   ,  -0.513117
          2,  334,        300,        408,       10.1,        101,       5.05   ,  -0.655054
          2,  335,         64,        427,       10.1,        101,       5.05   ,   -1.05258
          2,  336,        548,        618,       10.1,        101,       5.05   ,   0.849046
          2,  337,        998,        736,       10.1,        101,       5.05   ,  -0.249733
          2,  338,        567,        187,       10.1,        101,       5.05   ,     -1.067
          2,  339,        765,        164,       10.1,        101,       5.05   ,  -0.298098
          2,  340,        461,        122,       10.1,        101,       5.05   ,   0.379674
          2,  341,        366,        267,       10.1,        101,       5.05   ,   0.674363
          2,  342,         89,        289,       10.1,        101,       5.05   ,   0.607337
          2,  343,        847,        453,       10.1,        101,       5.05   ,      0.801
          2,  344,        220,        392,       10.1,        101,       5.05   ,   0.780508
          2,  345,        407,        300,       10.1,        101,       5.05   ,   -1.09699
          2,  346,        180,        290,       10.1,        101,       5.05   ,   0.427076
          2,  347,        573,        684,       10.1,        101,       5.05   ,  -0.444337
          2,  348,        942,        874,       10.1,        101,       5.05   ,     1.2079
          2,  349,        363,        111,       10.1,        101,       5.05   ,  -0.754193
          2,  350,         60,        830,       10.1,        101,       5.05   ,   0.282217
          2,  351,        388,         84,       10.1,        101,       5.05   ,   0.933106
          2,  352,         75,        915,       10.1,        101,       5.05   ,   0.167788
          2,  353,        250,        365,       10.1,        101,       5.05   ,   0.903038
          2,  354,        679,        307,       10.1,        101,       5.05   ,  -0.393709
          2,  355,        170,        385,       10.1,        101,       5.05   ,    1.12711
          2,  356,        951,         71,       10.1,        101,       5.05   ,  -0.983775
          2,  357,        303,        106,       10.1,        101,       5.05   ,   0.994938
          2,  358,        381,        316,       10.1,        101,       5.05   ,  -0.826987
          2,  359,        493,        632,       10.1,        101,       5.05   ,   0.596583
          2,  360,        922,        472,       10.1,        101,       5.05   ,   -1.28335
          2,  361,         82,        216,       10.1,        101,       5.05   ,   0.964973
          2,  362,        829,        617,       10.1,        101,       5.05   ,   -1.21174
          2,  363,        584,        414,       10.1,        101,       5.05   ,   -1.05788
          2,  364,        830,        190,       10.1,        101,       5.05   ,  -0.544567
          2,  365,        764,        750,       10.1,        101,       5.05   ,   -0.90674
          2,  366,        370,        479,       10.1,        101,       5.05   ,   0.763162
          2,  367,        700,        591,       10.1,        101,       5.05   ,  -0.653129
          2,  368,        426,        230,       10.1,        101,       5.05   ,  -0.165562
          2,  369,        475,        617,       10.1,        101,       5.05   ,  -0.973585
          2,  370,        262,        865,       10.1,        101,       5.05   ,  -0.885798
          2,  371,        478,        862,       10.1,        101,       5.05   ,  -0.590286
          2,  372,        823,        132,       10.1,        101,       5.05   ,  0.0712817
          2,  373,         26,        299,       10.1,        101,       5.05   ,  -0.376728
          2,  374,        197,        877,       10.1,        101,       5.05   ,   0.732983
          2,  375,        371,        121,       10.1,        101,       5.05   ,  -0.248236
          2,  376,         37,        251,       10.1,        101,       5.05   ,   -1.09597
          2,  377,        550,         70,       10.1,        101,       5.05   ,  -0.672495
          2,  378,         12,        686,       10.1,        101,       5.05   ,    1.45563
          2,  379,        241,        378,       10.1,        101,       5.05   ,  -0.443258
          2,  380,        841,        263,       10.1,        101,       5.05   ,   -1.53386
          2,  381,        420,        457,       10.1,        101,       5.05   ,   0.728641
          2,  382,        533,        711,       10.1,        101,       5.05   ,  -0.338699
          2,  383,        740,        396,       10.1,        101,       5.05   ,    -0.5641
          2,  384,        183,        140,       10.1,        101,       5.05   ,   0.825978
          2,  385,        779,        398,       10.1,        101,       5.05   ,   0.305352
          2,  386,        332,        751,       10.1,        101,       5.05   ,   0.413668
          2,  387,        409,        446,       10.1,        101,       5.05   ,  -0.468873
          2,  388,        238,        469,       10.1,        101,       5.05   ,   0.830086
          2,  389,        857,        325,       10.1,        101,       5.05   ,   0.752962
          2,  390,        681,        318,       10.1,        101,       5.05   ,  -0.930721
          2,  391,        114,         31,       10.1,        101,       5.05   ,   0.912081
          2,  392,        971,        552,       10.1,        101,       5.05   ,   0.208368
          2,  393,         55,        144,       10.1,        101,       5.05   ,   0.904137
          2,  394,        262,        798,       10.1,        101,       5.05   ,    -1.3362
          2,  395,        262,        401,       10.1,        101,       5.05   ,  -0.990338
          2,  396,         21,         46,       10.1,        101,       5.05   ,    0.78331
          2,  397,         11,        625,       10.1,        101,       5.05   ,   -1.35785
          2,  398,        479,        771,       10.1,        101,       5.05   ,    1.19708
          2,  399,        241,        487,       10.1,        101,       5.05   ,   0.708014
          2,  400,        684,        425,       10.1,        101,       5.05   ,  -0.181964
          2,  401,        202,        237,       10.1,        101,       5.05   ,   -1.29615
          2,  402,        424,        752,       10.1,        101,       5.05   ,    1.04506
          2,  403,        921,        745,       10.1,        101,       5.05   ,   0.351419
          2,  404,         84,        281,       10.1,        101,       5.05   ,  -0.690307
          2,  405,        619,        117,       10.1,        101,       5.05   ,  -0.436918
          2,  406,        181,        274,       10.1,        101,       5.05   ,   -1.19116
          2,  407,        927,        640,       10.1,        101,       5.05   ,  -0.608267
          2,  408,        328,        732,       10.1,        101,       5.05   ,  -0.951288
          2,  409,        639,        631,       10.1,        101,       5.05   ,   0.233764
          2,  410,        821,        339,       10.1,        101,       5.05   , -0.0855507
          2,  411,        739,        225,       10.1,        101,       5.05   ,  -0.555263
          2,  412,        956,         22,       10.1,        101,       5.05   ,  -0.327907
          2,  413,        142,        446,       10.1,        101,       5.05   ,  -0.918176
          2,  414,        865,        598,       10.1,        101,       5.05   ,    1.16193
          2,  415,        109,        734,       10.1,        101,       5.05   ,    1.28418
          2,  416,        205,        819,       10.1,        101,       5.05   ,     1.4344
          2,  417,        916,        770,       10.1,        101,       5.05   ,   -1.43205
          2,  418,         14,        135,       10.1,        101,       5.05   ,  -0.156042
          2,  419,         81,        405,       10.1,        101,       5.05   ,   0.220186
          2,  420,        626,        381,       10.1,        101,       5.05   ,    1.06813
          2,  421,        515,         23,       10.1,        101,       5.05   ,  -0.617019
          2,  422,        416,         25,       10.1,        101,       5.05   ,  -0.824576
          2,  423,        803,        843,       10.1,        101,       5.05   ,  -0.821562
          2,  424,        458,        809,       10.1,        101,       5.05   ,    1.10546
          2,  425,        170,        409,       10.1,        101,       5.05   ,  -0.572584
          2,  426,        751,         39,       10.1,        101,       5.05   ,   0.710159
          2,  427,        992,        527,       10.1,        101,       5.05   ,  0.0914531
          2,  428,        706,        606,       10.1,        101,       5.05   ,   -1.28454
          2,  429,        177,        420,       10.1,        101,       5.05   ,  -0.686804
          2,  430,        885,        591,       10.1,        101,       5.05   ,    -1.2044
          2,  431,        735,        541,       10.1,        101,       5.05   ,   0.694966
          2,  432,        302,        539,       10.1,        101,       5.05   ,  -0.449241
          2,  433,         53,         71,       10.1,        101,       5.05   ,  -0.886561
          2,  434,        472,        355,       10.1,        101,       5.05   ,    1.44704
          2,  435,         85,          6,       10.1,        101,       5.05   ,   -1.29564
          2,  436,        315,        873,       10.1,        101,       5.05   ,   0.576983
          2,  437,        138,        845,       10.1,        101,       5.05   ,  -0.603541
          2,  438,        904,        232,       10.1,        101,       5.05   ,   0.156773
          2,  439,        879,        607,       10.1,        101,       5.05   ,  -0.551392
          2,  440,        808,        714,       10.1,        101,       5.05   ,  -0.628284
          2,  441,        505,        589,       10.1,        101,       5.05   ,   0.892062
          2,  442,         23,        324,       10.1,        101,       5.05   ,   -1.21396
          2,  443,         91,        930,       10.1,        101,       5.05   ,   0.846799
          2,  444,        216,        137,       10.1,        101,       5.05   ,   0.269445
          2,  445,        886,        549,       10.1,        101,       5.05   ,    1.50533
          2,  446,        920,        875,       10.1,        101,       5.05   ,   0.718908
          2,  447,        485,        219,       10.1,        101,       5.05   ,   0.144928
          2,  448,        361,        589,       10.1,        101,       5.05   ,   -1.44762
          2,  449,        262,        373,       10.1,        101,       5.05   ,   -1.02147
          2,  450,        497,        787,       10.1,        101,       5.05   ,     1.1954
          2,  451,          8,        457,       10.1,        101,       5.05   ,  -0.727967
          2,  452,        541,        167,       10.1,        101,       5.05   ,   0.104128
          2,  453,        899,        729,       10.1,        101,       5.05   ,   -0.83058
          2,  454,         90,        815,       10.1,        101,       5.05   ,  -0.189839
          2,  455,        254,        250,       10.1,        101,       5.05   ,   -1.21331
          2,  456,        226,        394,       10.1,        101,       5.05   ,  -0.754876
          2,  457,        442,        189,       10.1,        101,       5.05   ,     1.5464
          2,  458,        155,        536,       10.1,        101,       5.05   ,  -0.419671
          2,  459,         42,        643,       10.1,        101,       5.05   ,   0.831477
          2,  460,        780,        121,       10.1,        101,       5.05   ,   0.692011
          2,  461,        896,        399,       10.1,        101,       5.05   ,  -0.471436
          2,  462,        297,        972,       10.1,        101,       5.05   ,    1.04171
          2,  463,        297,        162,       10.1,        101,       5.05   ,   0.701504
          2,  464,        196,        365,       10.1,        101,       5.05   ,      0.506
          2,  465,        549,        485,       10.1,        101,       5.05   ,    1.44549
          2,  466,        858,        435,       10.1,        101,       5.05   ,  -0.361639
          2,  467,        948,         65,       10.1,        101,       5.05   ,    1.35028
          2,  468,         95,        343,       10.1,        101,       5.05   ,   -0.74292
          2,  469,        380,        731,       10.1,        101,       5.05   ,   -1.26814
          2,  470,         84,        675,       10.1,        101,       5.05   ,  -0.558298
          2,  471,        993,          2,       10.1,        101,       5.05   ,   0.397587
          2,  472,        692,        135,       10.1,        101,       5.05   ,  0.0539205
          2,  473,        285,        366,       10.1,        101,       5.05   ,   0.348678
          2,  474,        627,        275,       10.1,        101,       5.05   ,   -1.45498
          2,  475,        542,        629,       10.1,        101,       5.05   ,    1.10246
          2,  476,        340,        130,       10.1,        101,       5.05   ,    0.27199
          2,  477,        197,        384,       10.1,        101,       5.05   ,    0.50895
          2,  478,        641,        141,       10.1,        101,       5.05   ,  -0.467242
          2,  479,        648,        751,       10.1,        101,       5.05   ,    -1.1243
          2,  480,        140,        914,       10.1,        101,       5.05   ,    1.52758
          2,  481,        524,        796,       10.1,        101,       5.05   ,   0.568904
          2,  482,        959,        388,       10.1,        101,       5.05   ,  -0.989482
          2,  483,        755,        561,       10.1,        101,       5.05   , 0.00523562
          2,  484,        697,        977,       10.1,        101,       5.05   ,   -1.43854
          2,  485,        152,        767,       10.1,        101,       5.05   ,    0.56643
          2,  486,        804,        638,       10.1,        101,       5.05   ,   0.769188
          2,  487,        904,        472,       10.1,        101,       5.05   ,    1.07209
          2,  488,        472,        763,       10.1,        101,       5.05   ,  -0.664168
          2,  489,        166,        274,       10.1,        101,       5.05   ,    1.45612
          2,  490,        636,        953,       10.1,        101,       5.05   ,   -1.43353
          2,  491,        811,        147,       10.1,        101,       5.05   ,  -0.320166
          2,  492,        115,        918,       10.1,        101,       5.05   ,    1.48323
          2,  493,        671,        620,       10.1,        101,       5.05   ,   -1.32303
          2,  494,        919,        171,       10.1,        101,       5.05   ,  -0.267708
          2,  495,        249,        178,       10.1,        101,       5.05   , -0.0655329
          2,  496,        928,        383,       10.1,        101,       5.05   ,  0.0168634
          2,  497,        416,        340,       10.1,        101,       5.05   ,    0.94045
          2,  498,        625,         55,       10.1,        101,       5.05   ,  -0.390832
          2,  499,        693,        672,       10.1,        101,       5.05   ,   0.739554
          2,  500,        672,        884,       10.1,        101,       5.05   ,   -1.51915
          2,  501,        748,        403,       10.1,        101,       5.05   ,     1.0914
          2,  502,        425,        448,       10.1,        101,       5.05   ,    1.36615
          2,  503,        398,         81,       10.1,        101,       5.05   ,   0.124665
          2,  504,        596,        920,       10.1,        101,       5.05   ,    1.07198
          2,  505,        306,        206,       10.1,        101,       5.05   ,  -0.236934
          2,  506,        223,        194,       10.1,        101,       5.05   ,   -1.03644
          2,  507,        203,        416,       10.1,        101,       5.05   ,  -0.501723
          2,  508,        296,        840,       10.1,        101,       5.05   ,   0.214684
          2,  509,        184,        147,       10.1,        101,       5.05   ,    1.51354
          2,  510,        636,        603,       10.1,        101,       5.05   ,    1.51631
          2,  511,        396,        199,       10.1,        101,       5.05   ,   -1.42037
          2,  512,        811,        644,       10.1,        101,       5.05   ,   -1.53756
          2,  513,        745,          6,       10.1,        101,       5.05   ,   0.202944
          2,  514,        515,        494,       10.1,        101,       5.05   ,   -1.51941
          2,  515,        237,        332,       10.1,        101,       5.05   ,     1.2606
          2,  516,        399,        189,       10.1,        101,       5.05   , -0.0310035
          2,  517,        168,        950,       10.1,        101,       5.05   ,   -1.13494
          2,  518,        344,        352,       10.1,        101,       5.05   ,   0.823208
          2,  519,          7,        502,       10.1,        101,       5.05   ,    1.30713
          2,  520,        402,        289,       10.1,        101,       5.05   ,  0.0534115
          2,  521,        863,        745,       10.1,        101,       5.05   ,  -0.816905
          2,  522,        232,        756,       10.1,        101,       5.05   ,   0.573496
          2,  523,        339,         59,       10.1,        101,       5.05   ,  -0.828879
          2,  524,        875,        992,       10.1,        101,       5.05   ,    1.43053
          2,  525,         97,         73,       10.1,        101,       5.05   ,    1.01317
          2,  526,         11,        276,       10.1,        101,       5.05   ,    -1.3649
          2,  527,        539,        129,       10.1,        101,       5.05   ,    1.45918
          2,  528,        318,        495,       10.1,        101,       5.05   ,   0.961474
          2,  529,        983,        821,       10.1,        101,       5.05   ,    1.07162
          2,  530,        705,         20,       10.1,        101,       5.05   ,  0.0651714
          2,  531,        944,        211,       10.1,        101,       5.05   ,   0.305079
          2,  532,        284,        426,       10.1,        101,       5.05   ,   0.161156
          2,  533,         36,        308,       10.1,        101,       5.05   ,  -0.924571
          2,  534,        588,        305,       10.1,        101,       5.05   ,    1.02724
          2,  535,        582,        559,       10.1,        101,       5.05   ,   -1.20351
          2,  536,        124,        667,       10.1,        101,       5.05   ,    1.34728
          2,  537,        691,        728,       10.1,        101,       5.05   ,    1.32775
          2,  538,        473,        284,       10.1,        101,       5.05   ,  -0.394914
          2,  539,        887,        386,       10.1,        101,       5.05   ,   -1.10779
          2,  540,        195,        449,       10.1,        101,       5.05   ,  -0.401406
          2,  541,        657,        935,       10.1,        101,       5.05   ,   -1.02408
          2,  542,        513,        385,       10.1,        101,       5.05   ,   -1.05064
          2,  543,         58,        709,       10.1,        101,       5.05   ,   -0.58975
          2,  544,        497,        449,       10.1,        101,       5.05   ,  -0.916447
          2,  545,        332,        386,       10.1,        101,       5.05   ,   0.123331
          2,  546,        602,        852,       10.1,        101,       5.05   ,   0.167344
          2,  547,        959,        535,       10.1,        101,       5.05   ,   0.667199
          2,  548,        208,        217,       10.1,        101,       5.05   ,    1.41124
          2,  549,        982,        815,       10.1,        101,       5.05   ,  -0.298622
          2,  550,        876,        953,       10.1,        101,       5.05   ,    1.53308
          2,  551,        925,        625,       10.1,        101,       5.05   ,  -0.442191
          2,  552,        596,        754,       10.1,        101,       5.05   ,  -0.816657
          2,  553,        931,        721,       10.1,        101,       5.05   ,   0.915549
          2,  554,        652,        468,       10.1,        101,       5.05   ,    1.28308
          2,  555,        969,        889,       10.1,        101,       5.05   ,   -1.39267
          2,  556,        214,        115,       10.1,        101,       5.05   ,    0.85622
          2,  557,        993,        776,       10.1,        101,       5.05   ,  -0.394557
          2,  558,        537,        623,       10.1,        101,       5.05   ,   0.517037
          2,  559,        616,         16,       10.1,        101,       5.05   ,   -0.85321
          2,  560,        690,        418,       10.1,        101,       5.05   ,    1.07858
          2,  561,        566,        402,       10.1,        101,       5.05   ,  -0.664082
          2,  562,        393,        382,       10.1,        101,       5.05   ,   0.661457
          2,  563,        100,         82,       10.1,        101,       5.05   ,      1.535
          2,  564,        666,        559,       10.1,        101,       5.05   ,    1.37171
          2,  565,        842,        217,       10.1,        101,       5.05   ,   0.872362
          2,  566,        102,        265,       10.1,        101,       5.05   ,  -0.710397
          2,  567,        207,        338,       10.1,        101,       5.05   ,  -0.625985
          2,  568,         41,        568,       10.1,        101,       5.05   ,   0.143102
          2,  569,        612,        830,       10.1,        101,       5.05   ,    1.47867
          2,  570,        144,        500,       10.1,        101,       5.05   ,  -0.839879
          2,  571,        276,        125,       10.1,        101,       5.05   ,  -0.288903
          2,  572,        268,        181,       10.1,        101,       5.05   ,   0.499803
          2,  573,        604,        151,       10.1,        101,       5.05   ,  0.0620784
          2,  574,        673,        206,       10.1,        101,       5.05   ,    1.41513
          2,  575,         88,        173,       10.1,        101,       5.05   ,   -1.33584
          2,  576,        222,         11,       10.1,        101,       5.05   ,   0.424075
          2,  577,        491,        421,       10.1,        101,       5.05   ,   0.244168
          2,  578,         81,        290,       10.1,        101,       5.05   ,  -0.462938
          2,  579,        648,        333,       10.1,        101,       5.05   ,  -0.305788
          2,  580,        340,        664,       10.1,        101,       5.05   ,   0.206302
          2,  581,         42,        369,       10.1,        101,       5.05   ,    1.45653
          2,  582,        155,        723,       10.1,        101,       5.05   ,   -1.52045
          2,  583,        798,        620,       10.1,        101,       5.05   ,  -0.804436
          2,  584,        179,         59,       10.1,        101,       5.05   ,  -0.860831
          2,  585,        166,        560,       10.1,        101,       5.05   ,   -1.55458
          2,  586,        800,         99,       10.1,        101,       5.05   ,   0.876112
          2,  587,        202,        260,       10.1,        101,       5.05   ,   -1.54789
          2,  588,        315,        141,       10.1,        101,       5.05   ,  0.0494748
          2,  589,          1,        921,       10.1,        101,       5.05   ,  -0.537742
          2,  590,        316,        112,       10.1,        101,       5.05   ,   -1.31903
          2,  591,        297,        175,       10.1,        101,       5.05   ,  -0.476559
          2,  592,        588,        309,       10.1,        101,       5.05   ,   0.511216
          2,  593,        347,         29,       10.1,        101,       5.05   ,   0.764355
          2,  594,        863,         16,       10.1,        101,       5.05   ,    1.36078
          2,  595,         29,        787,       10.1,        101,       5.05   ,   -1.36471
          2,  596,        746,        665,       10.1,        101,       5.05   ,   -1.54144
          2,  597,        862,        970,       10.1,        101,       5.05   ,   0.253793
          2,  598,        843,         88,       10.1,        101,       5.05   ,   0.320947
          2,  599,        415,        108,       10.1,        101,       5.05   ,   -0.59525
          2,  600,        991,        580,       10.1,        101,       5.05   ,   0.696556
          2,  601,        448,        375,       10.1,        101,       5.05   ,   0.967593
          2,  602,        717,        189,       10.1,        101,       5.05   ,   0.448762
          2,  603,        236,        963,       10.1,        101,       5.05   ,   0.859738
          2,  604,        129,        572,       10.1,        101,       5.05   ,   0.942271
          2,  605,        122,        222,       10.1,        101,       5.05   ,   -1.50527
          2,  606,        488,        298,       10.1,        101,       5.05   ,   0.158598
          2,  607,        140,        894,       10.1,        101,       5.05   ,  -0.175806
          2,  608,        195,        744,       10.1,        101,       5.05   ,   0.754192
          2,  609,        814,        618,       10.1,        101,       5.05   ,   -0.73867
          2,  610,        631,        681,       10.1,        101,       5.05   ,    1.47749
          2,  611,        490,        808,       10.1,        101,       5.05   ,   0.561372
          2,  612,          2,        542,       10.1,        101,       5.05   ,   -1.56056
          2,  613,        161,        297,       10.1,        101,       5.05   ,  0.0974584
          2,  614,        169,        245,       10.1,        101,       5.05   ,  -0.205396
          2,  615,        189,        438,       10.1,        101,       5.05   ,    1.26768
          2,  616,        493,        177,       10.1,        101,       5.05   ,    1.43806
          2,  617,         11,        247,       10.1,        101,       5.05   ,  -0.348516
          2,  618,        107,        998,       10.1,        101,       5.05   ,   0.695136
          2,  619,        556,         38,       10.1,        101,       5.05   ,    1.25161
          2,  620,        152,        843,       10.1,        101,       5.05   ,   -1.49743
          2,  621,        629,        444,       10.1,        101,       5.05   , -0.0186344
          2,  622,        387,        391,       10.1,        101,       5.05   ,  -0.775602
          2,  623,        980,        175,       10.1,        101,       5.05   ,   -0.43765
          2,  624,        820,        192,       10.1,        101,       5.05   ,   -1.22906
          2,  625,        648,        310,       10.1,        101,       5.05   ,   0.158242
          2,  626,        298,        388,       10.1,        101,       5.05   ,    1.19697
          2,  627,        774,        205,       10.1,        101,       5.05   ,   0.490437
          2,  628,        845,        990,       10.1,        101,       5.05   ,    0.69773
          2,  629,        218,        921,       10.1,        101,       5.05   ,   0.970187
          2,  630,        501,        329,       10.1,        101,       5.05   ,  -0.341969
          2,  631,        862,        425,       10.1,        101,       5.05   ,  -0.431571
          2,  632,        598,        587,       10.1,        101,       5.05   ,     1.1343
          2,  633,        181,        584,       10.1,        101,       5.05   ,      1.144
          2,  634,        737,        352,       10.1,        101,       5.05   ,  -0.182864
          2,  635,        392,        814,       10.1,        101,       5.05   ,  -0.851423
          2,  636,         65,        746,       10.1,        101,       5.05   ,  -0.955351
          2,  637,        498,         82,       10.1,        101,       5.05   ,    1.23446
          2,  638,        541,          5,       10.1,        101,       5.05   ,  -0.685726
          2,  639,         32,        865,       10.1,        101,       5.05   , -0.0486946
          2,  640,        449,        687,       10.1,        101,       5.05   ,  -0.516307
          2,  641,        329,        803,       10.1,        101,       5.05   ,    1.18305
          2,  642,        925,        155,       10.1,        101,       5.05   ,   0.662978
          2,  643,        449,        977,       10.1,        101,       5.05   , 0.00206031
          2,  644,        245,        185,       10.1,        101,       5.05   ,   0.289572
          2,  645,        230,        147,       10.1,        101,       5.05   ,    -1.3357
          2,  646,        528,        788,       10.1,        101,       5.05   ,   -1.19049
          2,  647,        104,        650,       10.1,        101,       5.05   ,   0.074319
          2,  648,        592,        715,       10.1,        101,       5.05   ,  -0.927965
          2,  649,        351,        273,       10.1,        101,       5.05   ,    1.28155
          2,  650,        196,        578,       10.1,        101,       5.05   ,    1.48643
          2,  651,        869,        373,       10.1,        101,       5.05   ,  0.0328784
          2,  652,        105,         18,       10.1,        101,       5.05   ,   -1.17499
          2,  653,         72,        648,       10.1,        101,       5.05   , -0.0224226
          2,  654,        232,        918,       10.1,        101,       5.05   ,  -0.836784
          2,  655,        354,        291,       10.1,        101,       5.05   ,   0.701826
          2,  656,         95,        351,       10.1,        101,       5.05   ,    1.46581
          2,  657,        115,        863,       10.1,        101,       5.05   ,   0.958509
          2,  658,        518,         54,       10.1,        101,       5.05   ,     1.0428
          2,  659,        347,        280,       10.1,        101,       5.05   ,   -1.47476
          2,  660,        939,        113,       10.1,        101,       5.05   ,  0.0661798
          2,  661,        617,        768,       10.1,        101,       5.05   ,   0.819188
          2,  662,        340,        128,       10.1,        101,       5.05   ,  -0.527034
          2,  663,         21,        321,       10.1,        101,       5.05   ,  0.0463054
          2,  664,        155,          8,       10.1,        101,       5.05   , -0.0583404
          2,  665,        468,        312,       10.1,        101,       5.05   ,    1.05826
          2,  666,        694,        758,       10.1,        101,       5.05   ,    0.13423
          2,  667,        684,        477,       10.1,        101,       5.05   ,   -1.52496
          2,  668,        653,         69,       10.1,        101,       5.05   ,  -0.810702
          2,  669,        523,        953,       10.1,        101,       5.05   ,  -0.739893
          2,  670,        736,        832,       10.1,        101,       5.05   ,    1.32875
          2,  671,        174,        203,       10.1,        101,       5.05   ,   0.866367
          2,  672,        692,        452,       10.1,        101,       5.05   ,    1.29058
          2,  673,        983,        795,       10.1,        101,       5.05   ,   -1.06043
          2,  674,        425,        368,       10.1,        101,       5.05   ,  -0.468136
          2,  675,        729,        798,       10.1,        101,       5.05   ,   -1.50127
          2,  676,        175,        754,       10.1,        101,       5.05   ,  -0.636601
          2,  677,        711,        373,       10.1,        101,       5.05   ,     1.5072
          2,  678,        169,         43,       10.1,        101,       5.05   , -0.0659783
------------------------------------------------------------------------------
Component[2] Total Sloped Parallelepiped = 678