Component 2 maximum area=0.323322 [on 1000x1000]
Component type: Sloped rectangle
---------------------------------------------------------------------------------------
--------------|------- Center-----|----- dimensions---------|----------------------
component| id|    X       |     Y      |  Width/a     | height/b |   hoop   |   Slope   
---------------------------------------------------------------------------------------
          2,    1,        757,        939,       10.1,        101,       5.05   ,   0.623838
          2,    2,        184,        534,       10.1,        101,       5.05   ,     0.1884
          2,    3,        725,        893,       10.1,        101,       5.05   ,   0.335978
          2,    4,        658,         81,       10.1,        101,       5.05   ,    0.30723
          2,    5,        908,        366,       10.1,        101,       5.05   ,  -0.157798
          2,    6,        983,        477,       10.1,        101,       5.05   ,   0.719452
          2,    7,        512,        511,       10.1,        101,       5.05   ,     1.5702
          2,    8,        506,        195,       10.1,        101,       5.05   ,   0.241093
          2,    9,        599,        611,       10.1,        101,       5.05   ,  -0.172246
          2,   10,        185,        289,       10.1,        101,       5.05   ,   0.335021
          2,   11,        293,        978,       10.1,        101,       5.05   ,  -0.912551
          2,   12,        619,        960,       10.1,        101,       5.05   ,  -0.283516
          2,   13,        827,        308,       10.1,        101,       5.05   ,   0.372836
          2,   14,        172,        791,       10.1,        101,       5.05   ,  -0.603399
          2,   15,        626,        277,       10.1,        101,       5.05   ,  -0.255615
          2,   16,        918,        122,       10.1,        101,       5.05   ,  -0.892643
          2,   17,        287,        402,       10.1,        101,       5.05   ,   0.597841
          2,   18,        275,        366,       10.1,        101,       5.05   ,   0.395642
          2,   19,        451,        617,       10.1,        101,       5.05   ,   -1.31035
          2,   20,        310,        687,       10.1,        101,       5.05   ,   -1.14958
          2,   21,        776,        626,       10.1,        101,       5.05   ,  -0.733594
          2,   22,        114,        898,       10.1,        101,       5.05   ,     1.1301
          2,   23,        383,        960,       10.1,        101,       5.05   ,  -0.766539
          2,   24,        371,         78,       10.1,        101,       5.05   ,   0.778171
          2,   25,        263,         12,       10.1,        101,       5.05   ,   0.829033
          2,   26,        738,        362,       10.1,        101,       5.05   ,   0.186183
          2,   27,        773,        343,       10.1,        101,       5.05   ,  0.0494869
          2,   28,        796,        275,       10.1,        101,       5.05   ,  -0.345102
          2,   29,        878,        391,       10.1,        101,       5.05   ,  -0.521955
          2,   30,        560,         47,       10.1,        101,       5.05   ,   0.813527
          2,   31,        651,        739,       10.1,        101,       5.05   ,  -0.114748
          2,   32,        979,        391,       10.1,        101,       5.05   ,   0.409246
          2,   33,        374,         42,       10.1,        101,       5.05   ,   0.591014
          2,   34,        637,        428,       10.1,        101,       5.05   ,     1.0865
          2,   35,        587,        759,       10.1,        101,       5.05   ,  -0.465335
          2,   36,        190,        657,       10.1,        101,       5.05   ,    1.55123
          2,   37,        677,        468,       10.1,        101,       5.05   ,   0.783867
          2,   38,        795,        195,       10.1,        101,       5.05   ,   0.968909
          2,   39,        744,        402,       10.1,        101,       5.05   ,  -0.725511
          2,   40,        525,        263,       10.1,        101,       5.05   ,    1.23533
          2,   41,        122,         83,       10.1,        101,       5.05   ,    1.51193
          2,   42,        805,        544,       10.1,        101,       5.05   ,   0.326442
          2,   43,        154,        237,       10.1,        101,       5.05   ,   0.133436
          2,   44,         78,        945,       10.1,        101,       5.05   ,  -0.985276
          2,   45,        474,        969,       10.1,        101,       5.05   ,  -0.438704
          2,   46,        593,        117,       10.1,        101,       5.05   ,  -0.676076
          2,   47,        380,        495,       10.1,        101,       5.05   ,   0.553035
          2,   48,        284,        400,       10.1,        101,       5.05   ,   0.838164
          2,   49,        442,          6,       10.1,        101,       5.05   ,  -0.334654
          2,   50,        700,        920,       10.1,        101,       5.05   ,   0.823299
          2,   51,        324,        311,       10.1,        101,       5.05   ,    1.38483
          2,   52,        586,        527,       10.1,        101,       5.05   ,     0.4081
          2,   53,         28,        450,       10.1,        101,       5.05   ,   0.386826
          2,   54,        367,        622,       10.1,        101,       5.05   ,   -1.40921
          2,   55,        341,        899,       10.1,        101,       5.05   ,    1.01377
          2,   56,        392,        108,       10.1,        101,       5.05   ,  0.0674395
          2,   57,        829,        500,       10.1,        101,       5.05   ,   0.295131
          2,   58,        286,        718,       10.1,        101,       5.05   ,  -0.711916
          2,   59,         92,        261,       10.1,        101,       5.05   ,   -1.01987
          2,   60,        525,        369,       10.1,        101,       5.05   ,    0.90813
          2,   61,        448,          2,       10.1,        101,       5.05   ,   0.759063
          2,   62,        200,        924,       10.1,        101,       5.05   ,   -1.48049
          2,   63,        645,        915,       10.1,        101,       5.05   ,    0.11627
          2,   64,        126,        843,       10.1,        101,       5.05   ,  -0.611133
          2,   65,        900,        665,       10.1,        101,       5.05   ,   0.703639
          2,   66,        142,        519,       10.1,        101,       5.05   ,    -0.8613
          2,   67,        368,        595,       10.1,        101,       5.05   ,  0.0208225
          2,   68,         75,          6,       10.1,        101,       5.05   ,   -1.07268
          2,   69,        357,        241,       10.1,        101,       5.05   ,   -1.32643
          2,   70,        156,         54,       10.1,        101,       5.05   ,   -1.41314
          2,   71,        682,        761,       10.1,        101,       5.05   ,    1.44628
          2,   72,        300,        313,       10.1,        101,       5.05   ,   0.970795
          2,   73,         71,        528,       10.1,        101,       5.05   ,   0.515722
          2,   74,        157,        161,       10.1,        101,       5.05   ,  -0.925026
          2,   75,        966,        540,       10.1,        101,       5.05   ,   0.318378
          2,   76,         81,        414,       10.1,        101,       5.05   ,  -0.811266
          2,   77,        347,        916,       10.1,        101,       5.05   ,    1.50256
          2,   78,        527,        584,       10.1,        101,       5.05   ,  -0.783948
          2,   79,        120,         27,       10.1,        101,       5.05   ,   0.635472
          2,   80,        479,        927,       10.1,        101,       5.05   ,   0.356812
          2,   81,        117,        506,       10.1,        101,       5.05   ,     1.2012
          2,   82,        759,        201,       10.1,        101,       5.05   ,  -0.529378
          2,   83,        606,        100,       10.1,        101,       5.05   , -0.0411227
          2,   84,        921,        537,       10.1,        101,       5.05   ,  -0.279171
          2,   85,        689,        640,       10.1,        101,       5.05   ,    -1.3958
          2,   86,        581,        715,       10.1,        101,       5.05   ,   0.919362
          2,   87,        432,        595,       10.1,        101,       5.05   ,   0.912617
          2,   88,        826,        906,       10.1,        101,       5.05   ,    1.11453
          2,   89,        626,        284,       10.1,        101,       5.05   ,    1.17476
          2,   90,        629,        101,       10.1,        101,       5.05   ,    1.33295
          2,   91,        212,        368,       10.1,        101,       5.05   ,   -1.36953
          2,   92,         21,          0,       10.1,        101,       5.05   ,   -1.19475
          2,   93,        279,        298,       10.1,        101,       5.05   ,  -0.996398
          2,   94,        755,        605,       10.1,        101,       5.05   ,  -0.806201
          2,   95,        869,         29,       10.1,        101,       5.05   ,  -0.876762
          2,   96,        190,        367,       10.1,        101,       5.05   ,   0.409654
          2,   97,        461,        254,       10.1,        101,       5.05   ,  -0.291652
          2,   98,        674,        190,       10.1,        101,       5.05   ,   0.378213
          2,   99,        331,         24,       10.1,        101,       5.05   ,   0.927596
          2,  100,        270,        204,       10.1,        101,       5.05   ,    1.20323
          2,  101,        827,        219,       10.1,        101,       5.05   ,   -1.37615
          2,  102,        741,        585,       10.1,        101,       5.05   ,   -1.27418
          2,  103,        197,        229,       10.1,        101,       5.05   , -0.0185773
          2,  104,        510,        562,       10.1,        101,       5.05   ,   0.875385
          2,  105,        543,        391,       10.1,        101,       5.05   ,   0.938181
          2,  106,        917,        948,       10.1,        101,       5.05   ,   -1.19182
          2,  107,        559,        960,       10.1,        101,       5.05   ,  -0.529898
          2,  108,        228,        860,       10.1,        101,       5.05   ,     1.2358
          2,  109,        108,        715,       10.1,        101,       5.05   ,    1.20365
          2,  110,        222,        748,       10.1,        101,       5.05   ,    1.43994
          2,  111,        184,        300,       10.1,        101,       5.05   ,   0.575749
          2,  112,        371,        518,       10.1,        101,       5.05   ,    1.55575
          2,  113,        542,        609,       10.1,        101,       5.05   ,  -0.471742
          2,  114,        920,        501,       10.1,        101,       5.05   ,   0.508949
          2,  115,        693,        741,       10.1,        101,       5.05   ,   0.263226
          2,  116,        577,        195,       10.1,        101,       5.05   ,   0.600877
          2,  117,        421,         69,       10.1,        101,       5.05   ,   0.511365
          2,  118,        329,        140,       10.1,        101,       5.05   ,  -0.721046
          2,  119,        917,        865,       10.1,        101,       5.05   ,  -0.201391
          2,  120,        825,        250,       10.1,        101,       5.05   ,  0.0464275
          2,  121,        972,        512,       10.1,        101,       5.05   ,   0.740613
          2,  122,        319,        167,       10.1,        101,       5.05   ,  -0.170825
          2,  123,        476,        232,       10.1,        101,       5.05   ,  -0.449948
          2,  124,        140,        210,       10.1,        101,       5.05   ,   0.570761
          2,  125,        998,          9,       10.1,        101,       5.05   ,  -0.219771
          2,  126,        976,        174,       10.1,        101,       5.05   ,    1.11083
          2,  127,        783,        903,       10.1,        101,       5.05   ,   0.259484
          2,  128,        902,        988,       10.1,        101,       5.05   ,  -0.570361
          2,  129,        385,        743,       10.1,        101,       5.05   ,   -1.50887
          2,  130,         86,        392,       10.1,        101,       5.05   ,    1.42289
          2,  131,        339,        946,       10.1,        101,       5.05   ,    1.04209
          2,  132,        528,        647,       10.1,        101,       5.05   ,   -0.98114
          2,  133,        193,        623,       10.1,        101,       5.05   ,  -0.166002
          2,  134,        284,        126,       10.1,        101,       5.05   ,   0.456374
          2,  135,        846,        107,       10.1,        101,       5.05   ,    1.28796
          2,  136,        476,         98,       10.1,        101,       5.05   ,    1.49097
          2,  137,        270,        259,       10.1,        101,       5.05   ,   0.699264
          2,  138,        831,        873,       10.1,        101,       5.05   ,    1.18593
          2,  139,         44,        869,       10.1,        101,       5.05   ,  -0.725622
          2,  140,        139,        531,       10.1,        101,       5.05   ,   0.828427
          2,  141,        200,        618,       10.1,        101,       5.05   ,    1.15062
          2,  142,        165,        682,       10.1,        101,       5.05   ,    1.34382
          2,  143,        530,        475,       10.1,        101,       5.05   ,    1.33112
          2,  144,        680,        601,       10.1,        101,       5.05   ,    1.17829
          2,  145,        207,        361,       10.1,        101,       5.05   ,   -1.32465
          2,  146,        880,        261,       10.1,        101,       5.05   ,  -0.199858
          2,  147,         59,        694,       10.1,        101,       5.05   ,    1.02997
          2,  148,        459,        844,       10.1,        101,       5.05   ,    1.00246
          2,  149,        738,        763,       10.1,        101,       5.05   ,   -1.34301
          2,  150,        223,        461,       10.1,        101,       5.05   ,   -0.83465
          2,  151,        936,        640,       10.1,        101,       5.05   ,    1.06241
          2,  152,        276,         72,       10.1,        101,       5.05   ,    1.22041
          2,  153,        150,         87,       10.1,        101,       5.05   ,    1.08658
          2,  154,        275,        232,       10.1,        101,       5.05   ,   0.268661
          2,  155,        451,        766,       10.1,        101,       5.05   ,  -0.151905
          2,  156,        295,        153,       10.1,        101,       5.05   ,    1.01572
          2,  157,        350,        307,       10.1,        101,       5.05   ,   0.704446
          2,  158,        379,        364,       10.1,        101,       5.05   ,   0.736944
          2,  159,        243,        787,       10.1,        101,       5.05   ,   0.161669
          2,  160,        558,        965,       10.1,        101,       5.05   ,   0.595564
          2,  161,        312,        607,       10.1,        101,       5.05   ,   -1.02578
          2,  162,        620,        513,       10.1,        101,       5.05   ,    1.26518
          2,  163,        825,        479,       10.1,        101,       5.05   ,  -0.365136
          2,  164,        255,        795,       10.1,        101,       5.05   ,  -0.845923
          2,  165,          5,        713,       10.1,        101,       5.05   ,   -1.16098
          2,  166,        314,        694,       10.1,        101,       5.05   ,   -0.52887
          2,  167,        132,         33,       10.1,        101,       5.05   , -0.0797123
          2,  168,        675,        645,       10.1,        101,       5.05   ,   0.874074
          2,  169,        597,        160,       10.1,        101,       5.05   ,  -0.489543
          2,  170,         30,        312,       10.1,        101,       5.05   ,  -0.685868
          2,  171,         44,        640,       10.1,        101,       5.05   ,    1.08879
          2,  172,        606,        285,       10.1,        101,       5.05   ,    1.10358
          2,  173,        967,        825,       10.1,        101,       5.05   ,  -0.362976
          2,  174,        500,        408,       10.1,        101,       5.05   ,   0.960258
          2,  175,        564,        367,       10.1,        101,       5.05   ,   -1.44099
          2,  176,        577,        460,       10.1,        101,       5.05   ,  -0.809605
          2,  177,        850,        392,       10.1,        101,       5.05   ,     1.2164
          2,  178,         35,        385,       10.1,        101,       5.05   ,   -1.12566
          2,  179,        757,        662,       10.1,        101,       5.05   ,   -1.51298
          2,  180,        477,         97,       10.1,        101,       5.05   ,    1.27987
          2,  181,        518,        828,       10.1,        101,       5.05   ,   0.243146
          2,  182,        908,         48,       10.1,        101,       5.05   ,   -1.06973
          2,  183,        244,        520,       10.1,        101,       5.05   ,   -1.36297
          2,  184,         69,        283,       10.1,        101,       5.05   ,    -1.1225
          2,  185,        743,         54,       10.1,        101,       5.05   ,  -0.142667
          2,  186,        635,        370,       10.1,        101,       5.05   ,   -0.55998
          2,  187,        242,        982,       10.1,        101,       5.05   ,    -0.4775
          2,  188,        198,        474,       10.1,        101,       5.05   ,    1.43384
          2,  189,        474,        114,       10.1,        101,       5.05   ,  -0.727805
          2,  190,        866,        766,       10.1,        101,       5.05   ,    1.42092
          2,  191,        995,         22,       10.1,        101,       5.05   ,  -0.688174
          2,  192,        700,        334,       10.1,        101,       5.05   ,   -1.03747
          2,  193,         35,         59,       10.1,        101,       5.05   ,    1.22353
          2,  194,        218,        375,       10.1,        101,       5.05   ,  -0.560388
          2,  195,        335,        527,       10.1,        101,       5.05   ,  -0.320546
          2,  196,        758,        898,       10.1,        101,       5.05   , 0.00704315
          2,  197,        117,        959,       10.1,        101,       5.05   ,   0.652488
          2,  198,        856,        173,       10.1,        101,       5.05   ,   -1.42245
          2,  199,        178,        371,       10.1,        101,       5.05   ,   -1.23294
          2,  200,        340,        471,       10.1,        101,       5.05   ,    1.33233
          2,  201,        924,        147,       10.1,        101,       5.05   ,  -0.432472
          2,  202,        846,        270,       10.1,        101,       5.05   ,    1.54198
          2,  203,        293,        239,       10.1,        101,       5.05   ,  -0.198212
          2,  204,        754,        313,       10.1,        101,       5.05   ,   0.843856
          2,  205,        476,        896,       10.1,        101,       5.05   ,   -1.02914
          2,  206,        665,        719,       10.1,        101,       5.05   ,    1.28198
          2,  207,        119,        604,       10.1,        101,       5.05   ,   0.447649
          2,  208,        159,        944,       10.1,        101,       5.05   ,     -1.079
          2,  209,        420,        282,       10.1,        101,       5.05   ,   -0.14236
          2,  210,        981,        493,       10.1,        101,       5.05   ,   -1.37546
          2,  211,        573,        158,       10.1,        101,       5.05   ,   0.618062
          2,  212,        793,        903,       10.1,        101,       5.05   ,  -0.602348
          2,  213,        993,        844,       10.1,        101,       5.05   ,   -1.36235
          2,  214,        617,        407,       10.1,        101,       5.05   ,   -0.79022
          2,  215,        745,        111,       10.1,        101,       5.05   ,   0.440991
          2,  216,        746,        813,       10.1,        101,       5.05   , -0.0970232
          2,  217,        357,        914,       10.1,        101,       5.05   ,  -0.138464
          2,  218,        643,        848,       10.1,        101,       5.05   ,   0.737611
          2,  219,         39,        725,       10.1,        101,       5.05   ,   -1.54896
          2,  220,        408,        174,       10.1,        101,       5.05   ,   0.135913
          2,  221,        713,        946,       10.1,        101,       5.05   ,   0.866524
          2,  222,        172,        904,       10.1,        101,       5.05   ,    1.24134
          2,  223,        708,        253,       10.1,        101,       5.05   ,  -0.149709
          2,  224,        822,        876,       10.1,        101,       5.05   ,   0.578535
          2,  225,        372,        107,       10.1,        101,       5.05   ,  -0.692039
          2,  226,        240,        290,       10.1,        101,       5.05   ,    1.28113
          2,  227,        343,         30,       10.1,        101,       5.05   ,    1.32709
          2,  228,        406,        631,       10.1,        101,       5.05   ,    1.29779
          2,  229,        885,        383,       10.1,        101,       5.05   ,    1.42736
          2,  230,        704,        422,       10.1,        101,       5.05   ,   -1.32804
          2,  231,        466,        715,       10.1,        101,       5.05   ,  -0.337623
          2,  232,        461,        841,       10.1,        101,       5.05   ,   0.975488
          2,  233,        429,        430,       10.1,        101,       5.05   ,   0.378418
          2,  234,        675,        327,       10.1,        101,       5.05   ,  -0.435484
          2,  235,        130,        295,       10.1,        101,       5.05   ,   -1.25168
          2,  236,        660,        407,       10.1,        101,       5.05   ,    1.37469
          2,  237,        468,        605,       10.1,        101,       5.05   ,   -0.69414
          2,  238,        882,        663,       10.1,        101,       5.05   ,   0.337814
          2,  239,        958,        212,       10.1,        101,       5.05   ,    1.42116
          2,  240,        734,        983,       10.1,        101,       5.05   ,  -0.368443
          2,  241,        352,        267,       10.1,        101,       5.05   ,   -1.36303
          2,  242,        577,        229,       10.1,        101,       5.05   ,   -1.26944
          2,  243,        276,        914,       10.1,        101,       5.05   ,  -0.637165
          2,  244,        595,        375,       10.1,        101,       5.05   ,    1.03905
          2,  245,        349,        588,       10.1,        101,       5.05   ,    1.04757
          2,  246,        720,        282,       10.1,        101,       5.05   ,   -0.49561
          2,  247,        204,        202,       10.1,        101,       5.05   ,  -0.598308
          2,  248,        685,        855,       10.1,        101,       5.05   ,   0.210387
          2,  249,        440,        669,       10.1,        101,       5.05   ,      1.391
          2,  250,        366,        312,       10.1,        101,       5.05   ,   -1.01693
          2,  251,        838,        189,       10.1,        101,       5.05   ,   -1.09008
          2,  252,        887,        421,       10.1,        101,       5.05   ,   0.722222
          2,  253,        475,        814,       10.1,        101,       5.05   ,    1.15206
          2,  254,        593,        455,       10.1,        101,       5.05   ,    -1.0264
          2,  255,        552,        819,       10.1,        101,       5.05   ,   0.873611
          2,  256,        126,        309,       10.1,        101,       5.05   ,    1.43144
          2,  257,        533,        480,       10.1,        101,       5.05   ,   -1.50593
          2,  258,        486,        187,       10.1,        101,       5.05   ,    1.12288
          2,  259,        579,        729,       10.1,        101,       5.05   ,  0.0975778
          2,  260,        402,        272,       10.1,        101,       5.05   ,  0.0886193
          2,  261,        534,        425,       10.1,        101,       5.05   ,   0.133463
          2,  262,        200,        990,       10.1,        101,       5.05   , -0.0172502
          2,  263,        301,        438,       10.1,        101,       5.05   ,   0.343076
          2,  264,        322,         66,       10.1,        101,       5.05   ,    0.65648
          2,  265,        846,        811,       10.1,        101,       5.05   ,  -0.439748
          2,  266,        403,        909,       10.1,        101,       5.05   ,   0.894501
          2,  267,        487,        302,       10.1,        101,       5.05   ,  -0.922113
          2,  268,        966,        562,       10.1,        101,       5.05   ,  -0.615129
          2,  269,        470,        706,       10.1,        101,       5.05   ,   0.928005
          2,  270,        733,        358,       10.1,        101,       5.05   ,   0.679369
          2,  271,        263,        451,       10.1,        101,       5.05   ,   0.302674
          2,  272,        537,        725,       10.1,        101,       5.05   ,  -0.393329
          2,  273,        377,        727,       10.1,        101,       5.05   ,    1.09791
          2,  274,        528,        517,       10.1,        101,       5.05   ,    1.48033
          2,  275,        779,        633,       10.1,        101,       5.05   ,   -0.93531
          2,  276,        173,         19,       10.1,        101,       5.05   ,    1.47794
          2,  277,        299,        386,       10.1,        101,       5.05   ,   0.664223
          2,  278,        920,         12,       10.1,        101,       5.05   ,    1.42433
          2,  279,        407,        408,       10.1,        101,       5.05   ,   0.755115
          2,  280,        162,          2,       10.1,        101,       5.05   ,  -0.133774
          2,  281,        858,        920,       10.1,        101,       5.05   ,  -0.479815
          2,  282,        836,        376,       10.1,        101,       5.05   ,  -0.352978
          2,  283,        437,        974,       10.1,        101,       5.05   ,   0.163166
          2,  284,        181,        448,       10.1,        101,       5.05   ,   0.317898
          2,  285,        958,        296,       10.1,        101,       5.05   ,  -0.209064
          2,  286,        539,         33,       10.1,        101,       5.05   ,   0.696069
          2,  287,        410,        632,       10.1,        101,       5.05   ,   -1.13246
          2,  288,        320,        891,       10.1,        101,       5.05   ,   -0.66814
          2,  289,        722,         80,       10.1,        101,       5.05   ,   -1.28344
          2,  290,        917,        399,       10.1,        101,       5.05   ,   0.541792
          2,  291,        615,        544,       10.1,        101,       5.05   ,  -0.800341
          2,  292,        863,        963,       10.1,        101,       5.05   ,   0.417396
          2,  293,        664,        742,       10.1,        101,       5.05   ,  -0.101457
          2,  294,        534,        182,       10.1,        101,       5.05   ,   0.486099
          2,  295,        916,        105,       10.1,        101,       5.05   ,     1.0318
          2,  296,        982,        385,       10.1,        101,       5.05   ,    -1.3672
          2,  297,        206,        874,       10.1,        101,       5.05   ,    1.37706
          2,  298,        587,        520,       10.1,        101,       5.05   ,  -0.981705
          2,  299,        901,         48,       10.1,        101,       5.05   ,   -1.08909
          2,  300,        631,        450,       10.1,        101,       5.05   ,   0.957027
          2,  301,        953,        437,       10.1,        101,       5.05   ,   0.761091
          2,  302,        493,        787,       10.1,        101,       5.05   ,    1.54671
          2,  303,        722,          5,       10.1,        101,       5.05   ,    1.54538
          2,  304,        300,        187,       10.1,        101,       5.05   ,    1.20521
          2,  305,        545,        591,       10.1,        101,       5.05   ,   -1.32619
          2,  306,        451,        577,       10.1,        101,       5.05   ,   0.582352
          2,  307,        376,        915,       10.1,        101,       5.05   ,   0.204172
          2,  308,        501,        883,       10.1,        101,       5.05   ,  -0.274877
          2,  309,        865,        505,       10.1,        101,       5.05   ,  -0.652838
          2,  310,        369,        857,       10.1,        101,       5.05   ,  -0.868097
          2,  311,        197,        228,       10.1,        101,       5.05   ,  0.0968446
          2,  312,        873,        365,       10.1,        101,       5.05   ,    1.38384
          2,  313,        250,        922,       10.1,        101,       5.05   ,    1.15938
          2,  314,        677,        248,       10.1,        101,       5.05   ,  -0.179387
          2,  315,         17,        574,       10.1,        101,       5.05   ,   0.173502
          2,  316,        213,        947,       10.1,        101,       5.05   ,   0.626434
          2,  317,        955,        410,       10.1,        101,       5.05   ,  -0.654677
          2,  318,        107,        564,       10.1,        101,       5.05   ,   0.734339
          2,  319,        972,        726,       10.1,        101,       5.05   ,  -0.412169
          2,  320,        379,         90,       10.1,        101,       5.05   ,    0.14094
          2,  321,        628,        945,       10.1,        101,       5.05   ,   0.687093
          2,  322,        712,        954,       10.1,        101,       5.05   ,  -0.912546
          2,  323,        717,        804,       10.1,        101,       5.05   ,   -1.13539
          2,  324,        866,        869,       10.1,        101,       5.05   ,    1.05027
          2,  325,        944,        736,       10.1,        101,       5.05   ,   -0.89041
          2,  326,        252,        753,       10.1,        101,       5.05   ,    0.27332
          2,  327,        469,        303,       10.1,        101,       5.05   ,   0.540902
          2,  328,        931,        102,       10.1,        101,       5.05   ,  -0.781706
          2,  329,        238,        752,       10.1,        101,       5.05   ,  -0.170883
          2,  330,        411,        904,       10.1,        101,       5.05   ,   0.542407
          2,  331,        851,         47,       10.1,        101,       5.05   ,    1.44974
          2,  332,         28,        941,       10.1,        101,       5.05   , -0.0535078
          2,  333,        794,        621,       10.1,        101,       5.05   ,  -0.526109
          2,  334,        711,        171,       10.1,        101,       5.05   ,  -0.802331
          2,  335,        685,        435,       10.1,        101,       5.05   ,  -0.412195
          2,  336,         59,        411,       10.1,        101,       5.05   ,  -0.760388
          2,  337,        194,        543,       10.1,        101,       5.05   ,-0.00113448
          2,  338,        482,        120,       10.1,        101,       5.05   ,   -1.51963
          2,  339,        184,        375,       10.1,        101,       5.05   ,   -1.04241
          2,  340,        915,         61,       10.1,        101,       5.05   ,    1.41564
          2,  341,        367,        946,       10.1,        101,       5.05   ,    1.04592
          2,  342,        210,        996,       10.1,        101,       5.05   ,  -0.427506
          2,  343,        967,        679,       10.1,        101,       5.05   ,  0.0181017
          2,  344,        816,        311,       10.1,        101,       5.05   ,    1.53192
          2,  345,        338,          9,       10.1,        101,       5.05   ,    1.13011
          2,  346,        841,        148,       10.1,        101,       5.05   ,    1.08619
          2,  347,        532,        613,       10.1,        101,       5.05   ,     1.2855
          2,  348,        207,        199,       10.1,        101,       5.05   ,   0.329367
          2,  349,        802,         29,       10.1,        101,       5.05   ,  -0.798102
          2,  350,        182,        204,       10.1,        101,       5.05   ,   0.108215
          2,  351,        934,        889,       10.1,        101,       5.05   ,  -0.197808
          2,  352,        567,        938,       10.1,        101,       5.05   ,   -1.11666
          2,  353,        952,        789,       10.1,        101,       5.05   ,  -0.966555
          2,  354,        173,        994,       10.1,        101,       5.05   ,   0.125035
          2,  355,        652,        179,       10.1,        101,       5.05   ,   0.850187
          2,  356,        512,        427,       10.1,        101,       5.05   , -0.0738137
          2,  357,         41,        246,       10.1,        101,       5.05   ,   0.900763
          2,  358,        698,        584,       10.1,        101,       5.05   ,    1.55354
          2,  359,        538,        563,       10.1,        101,       5.05   ,    0.24141
          2,  360,        858,        679,       10.1,        101,       5.05   ,   0.359753
          2,  361,        995,         83,       10.1,        101,       5.05   ,   0.658388
          2,  362,          0,        682,       10.1,        101,       5.05   ,  -0.256301
          2,  363,        128,        762,       10.1,        101,       5.05   ,    -1.4826
          2,  364,        938,        634,       10.1,        101,       5.05   ,  -0.494634
          2,  365,        103,        237,       10.1,        101,       5.05   ,   -1.49792
          2,  366,        387,        512,       10.1,        101,       5.05   ,   0.230329
          2,  367,        898,        780,       10.1,        101,       5.05   ,   0.326515
          2,  368,        372,        334,       10.1,        101,       5.05   ,   -0.89032
          2,  369,        623,         77,       10.1,        101,       5.05   ,   -1.33181
          2,  370,        279,        438,       10.1,        101,       5.05   ,   -1.48825
          2,  371,        381,        119,       10.1,        101,       5.05   ,   0.156594
          2,  372,        578,        972,       10.1,        101,       5.05   ,   -1.05747
          2,  373,        386,        518,       10.1,        101,       5.05   ,   0.477826
          2,  374,         97,        417,       10.1,        101,       5.05   ,    1.14879
          2,  375,        805,        646,       10.1,        101,       5.05   ,  0.0851334
          2,  376,        937,        741,       10.1,        101,       5.05   ,   0.295441
          2,  377,        730,        200,       10.1,        101,       5.05   ,    1.31215
          2,  378,        336,        519,       10.1,        101,       5.05   ,    1.49394
          2,  379,        258,        108,       10.1,        101,       5.05   ,   0.130417
          2,  380,        572,         78,       10.1,        101,       5.05   ,   -1.29709
          2,  381,        621,        273,       10.1,        101,       5.05   ,    1.05549
          2,  382,        847,        372,       10.1,        101,       5.05   ,    1.14508
          2,  383,        854,        450,       10.1,        101,       5.05   ,   0.125147
          2,  384,        723,        580,       10.1,        101,       5.05   ,  -0.923089
          2,  385,        939,        964,       10.1,        101,       5.05   ,   -1.09561
          2,  386,        498,        127,       10.1,        101,       5.05   ,   -1.49599
          2,  387,        395,        778,       10.1,        101,       5.05   ,   -1.22975
          2,  388,         27,        256,       10.1,        101,       5.05   ,   0.166218
          2,  389,        335,        435,       10.1,        101,       5.05   ,  -0.879035
          2,  390,        819,        271,       10.1,        101,       5.05   ,   -1.46363
          2,  391,        287,        260,       10.1,        101,       5.05   , -0.0848325
          2,  392,         34,        999,       10.1,        101,       5.05   ,   0.173381
          2,  393,        179,        385,       10.1,        101,       5.05   ,    1.55265
          2,  394,        423,        672,       10.1,        101,       5.05   ,  -0.424468
          2,  395,         11,        125,       10.1,        101,       5.05   ,  -0.152398
          2,  396,        268,        207,       10.1,        101,       5.05   ,   0.322469
          2,  397,        509,        975,       10.1,        101,       5.05   ,    1.05669
          2,  398,        611,         83,       10.1,        101,       5.05   ,  -0.931185
          2,  399,        418,        567,       10.1,        101,       5.05   ,    1.33454
          2,  400,        948,        943,       10.1,        101,       5.05   ,    1.19983
          2,  401,        897,        239,       10.1,        101,       5.05   ,    0.84474
          2,  402,        565,        525,       10.1,        101,       5.05   ,    1.16175
          2,  403,        857,         95,       10.1,        101,       5.05   ,   0.247904
          2,  404,        294,        896,       10.1,        101,       5.05   ,  -0.192474
          2,  405,        690,        299,       10.1,        101,       5.05   ,    1.26377
          2,  406,        100,        961,       10.1,        101,       5.05   ,    1.29521
          2,  407,        378,         64,       10.1,        101,       5.05   ,  -0.634379
          2,  408,         35,        488,       10.1,        101,       5.05   ,  0.0297548
          2,  409,        862,        157,       10.1,        101,       5.05   ,   0.200679
          2,  410,        700,        752,       10.1,        101,       5.05   , -0.0834536
          2,  411,        594,        281,       10.1,        101,       5.05   ,  -0.171315
          2,  412,        456,        983,       10.1,        101,       5.05   ,     1.0644
          2,  413,        960,        965,       10.1,        101,       5.05   ,   -1.03394
          2,  414,        463,        386,       10.1,        101,       5.05   ,   0.771207
          2,  415,        239,        817,       10.1,        101,       5.05   ,   -1.45025
          2,  416,        544,        476,       10.1,        101,       5.05   ,    1.09827
          2,  417,        507,        505,       10.1,        101,       5.05   ,  -0.895996
          2,  418,        373,        132,       10.1,        101,       5.05   ,   0.330831
          2,  419,        506,        137,       10.1,        101,       5.05   ,    1.10891
          2,  420,         77,        129,       10.1,        101,       5.05   ,     1.0049
          2,  421,        274,         97,       10.1,        101,       5.05   ,  -0.889101
          2,  422,        161,        150,       10.1,        101,       5.05   ,    1.55968
          2,  423,        409,         32,       10.1,        101,       5.05   ,  -0.530193
          2,  424,        384,        610,       10.1,        101,       5.05   ,   0.528164
          2,  425,        495,        250,       10.1,        101,       5.05   ,   -1.04619
          2,  426,        229,        968,       10.1,        101,       5.05   ,    1.29715
          2,  427,        664,        462,       10.1,        101,       5.05   ,    1.08041
          2,  428,        555,        392,       10.1,        101,       5.05   ,   0.277633
          2,  429,        770,        463,       10.1,        101,       5.05   ,   0.648864
          2,  430,        394,        973,       10.1,        101,       5.05   ,  -0.888371
          2,  431,         88,        605,       10.1,        101,       5.05   ,  -0.510805
          2,  432,        713,        808,       10.1,        101,       5.05   ,   0.605506
          2,  433,        534,        483,       10.1,        101,       5.05   ,   -1.25538
          2,  434,        293,        255,       10.1,        101,       5.05   ,  -0.249201
          2,  435,        985,        922,       10.1,        101,       5.05   ,  -0.168373
          2,  436,        885,         68,       10.1,        101,       5.05   ,  -0.718217
          2,  437,        951,         47,       10.1,        101,       5.05   ,  -0.929175
          2,  438,        742,        179,       10.1,        101,       5.05   ,  -0.657161
          2,  439,        166,        513,       10.1,        101,       5.05   ,   -1.18396
          2,  440,        811,        665,       10.1,        101,       5.05   ,   0.893174
          2,  441,        212,        472,       10.1,        101,       5.05   ,    0.69968
          2,  442,        872,        615,       10.1,        101,       5.05   ,   0.672512
          2,  443,        249,        986,       10.1,        101,       5.05   ,   0.734264
          2,  444,        199,        103,       10.1,        101,       5.05   ,  0.0270009
          2,  445,        845,        776,       10.1,        101,       5.05   ,   0.514644
          2,  446,        886,        908,       10.1,        101,       5.05   ,  -0.710986
          2,  447,        874,        409,       10.1,        101,       5.05   ,  -0.640559
          2,  448,        514,        136,       10.1,        101,       5.05   ,   0.990934
          2,  449,        853,        245,       10.1,        101,       5.05   ,    1.43743
          2,  450,        261,        446,       10.1,        101,       5.05   ,   0.571972
          2,  451,        819,        558,       10.1,        101,       5.05   ,    1.43883
          2,  452,        777,        879,       10.1,        101,       5.05   ,    0.16685
          2,  453,        917,        133,       10.1,        101,       5.05   ,    1.18294
          2,  454,        457,        836,       10.1,        101,       5.05   ,  -0.767434
          2,  455,        515,         73,       10.1,        101,       5.05   ,    -1.4117
          2,  456,         88,        264,       10.1,        101,       5.05   ,  -0.107392
          2,  457,        575,        858,       10.1,        101,       5.05   ,   0.443506
          2,  458,        163,        101,       10.1,        101,       5.05   ,  -0.463895
          2,  459,         16,         43,       10.1,        101,       5.05   ,   0.825671
          2,  460,        768,        256,       10.1,        101,       5.05   ,    1.13005
          2,  461,        161,          6,       10.1,        101,       5.05   ,    -1.3283
          2,  462,         85,        327,       10.1,        101,       5.05   ,  -0.884469
          2,  463,        134,        710,       10.1,        101,       5.05   ,    1.38482
          2,  464,         68,        667,       10.1,        101,       5.05   ,   0.341003
          2,  465,        932,        108,       10.1,        101,       5.05   ,    0.93576
          2,  466,        240,        765,       10.1,        101,       5.05   ,-0.00474603
          2,  467,        925,        488,       10.1,        101,       5.05   ,   0.592403
          2,  468,        732,        336,       10.1,        101,       5.05   , -0.0918927
          2,  469,        614,        792,       10.1,        101,       5.05   ,   -1.00838
          2,  470,        789,        364,       10.1,        101,       5.05   ,    1.39863
          2,  471,        708,        691,       10.1,        101,       5.05   ,  -0.433021
          2,  472,        860,        439,       10.1,        101,       5.05   ,   -1.23333
          2,  473,        694,        130,       10.1,        101,       5.05   ,   0.410586
          2,  474,        613,        499,       10.1,        101,       5.05   ,    -1.2099
          2,  475,        578,         79,       10.1,        101,       5.05   ,  -0.483737
          2,  476,        712,        713,       10.1,        101,       5.05   ,    1.04768
          2,  477,        337,        688,       10.1,        101,       5.05   ,   -1.41203
          2,  478,        187,        823,       10.1,        101,       5.05   ,    1.45765
          2,  479,        532,        489,       10.1,        101,       5.05   ,    1.16799
          2,  480,        614,        433,       10.1,        101,       5.05   ,     1.2497
          2,  481,        639,        183,       10.1,        101,       5.05   ,   -1.31189
          2,  482,        706,        547,       10.1,        101,       5.05   ,  -0.176765
          2,  483,        645,         29,       10.1,        101,       5.05   ,  -0.185936
          2,  484,        778,        778,       10.1,        101,       5.05   ,    1.52707
          2,  485,         39,        446,       10.1,        101,       5.05   ,  -0.458417
          2,  486,        857,         71,       10.1,        101,       5.05   ,  -0.955225
          2,  487,        417,        422,       10.1,        101,       5.05   ,   0.882877
          2,  488,          5,        707,       10.1,        101,       5.05   ,   -1.02584
          2,  489,        323,        374,       10.1,        101,       5.05   ,  -0.443166
          2,  490,        750,        257,       10.1,        101,       5.05   ,  -0.464636
          2,  491,         26,         31,       10.1,        101,       5.05   ,   0.983762
          2,  492,        379,          8,       10.1,        101,       5.05   ,   -1.25631
          2,  493,        175,        467,       10.1,        101,       5.05   ,  -0.563113
          2,  494,        147,        189,       10.1,        101,       5.05   ,    0.42624
          2,  495,        920,        995,       10.1,        101,       5.05   ,  -0.753981
          2,  496,        205,        667,       10.1,        101,       5.05   ,  -0.638708
          2,  497,         43,        232,       10.1,        101,       5.05   ,    1.10768
          2,  498,        270,        150,       10.1,        101,       5.05   ,   0.318524
          2,  499,        856,        625,       10.1,        101,       5.05   ,  -0.794603
          2,  500,        612,        384,       10.1,        101,       5.05   ,   -1.37027
          2,  501,        743,        283,       10.1,        101,       5.05   ,  0.0863856
          2,  502,        627,        408,       10.1,        101,       5.05   ,  -0.178058
          2,  503,        728,        499,       10.1,        101,       5.05   ,    1.10064
          2,  504,        542,        945,       10.1,        101,       5.05   ,   0.599417
          2,  505,         51,         28,       10.1,        101,       5.05   ,  -0.365727
          2,  506,        667,        290,       10.1,        101,       5.05   ,  -0.845603
          2,  507,        919,        977,       10.1,        101,       5.05   ,   -1.06163
          2,  508,        646,        705,       10.1,        101,       5.05   ,   -1.24107
          2,  509,        546,         74,       10.1,        101,       5.05   ,   -1.36374
          2,  510,        208,         84,       10.1,        101,       5.05   ,    0.94104
          2,  511,        494,        852,       10.1,        101,       5.05   ,  -0.700826
          2,  512,        607,        573,       10.1,        101,       5.05   ,  0.0658635
          2,  513,        958,        697,       10.1,        101,       5.05   ,   0.408977
          2,  514,        115,        245,       10.1,        101,       5.05   ,  -0.500994
          2,  515,        735,        240,       10.1,        101,       5.05   ,   -0.66523
          2,  516,        631,        831,       10.1,        101,       5.05   ,   -0.20722
          2,  517,        156,        315,       10.1,        101,       5.05   ,    1.36704
          2,  518,        889,        737,       10.1,        101,       5.05   ,  -0.614521
          2,  519,        479,         14,       10.1,        101,       5.05   ,   0.534898
          2,  520,         30,        506,       10.1,        101,       5.05   ,  -0.239792
          2,  521,        524,        569,       10.1,        101,       5.05   ,   0.298652
          2,  522,        662,         64,       10.1,        101,       5.05   ,   -1.34758
          2,  523,        478,        876,       10.1,        101,       5.05   , -0.0097905
          2,  524,        700,        284,       10.1,        101,       5.05   ,  0.0550373
          2,  525,        546,        380,       10.1,        101,       5.05   ,   0.833412
          2,  526,        864,        249,       10.1,        101,       5.05   ,  -0.392293
          2,  527,        368,        853,       10.1,        101,       5.05   ,    0.87492
          2,  528,        247,        254,       10.1,        101,       5.05   ,    1.29867
          2,  529,        516,        632,       10.1,        101,       5.05   ,   0.450735
          2,  530,        246,        579,       10.1,        101,       5.05   ,    1.05408
          2,  531,        212,        870,       10.1,        101,       5.05   ,   -1.39907
          2,  532,        221,        732,       10.1,        101,       5.05   ,    1.29023
          2,  533,        128,        492,       10.1,        101,       5.05   ,   0.536665
          2,  534,        668,        653,       10.1,        101,       5.05   ,   -1.41452
          2,  535,        732,        363,       10.1,        101,       5.05   ,   -1.24142
          2,  536,        932,        920,       10.1,        101,       5.05   , -0.0623485
          2,  537,         73,        245,       10.1,        101,       5.05   ,  -0.914417
          2,  538,        231,        568,       10.1,        101,       5.05   ,  0.0176072
          2,  539,        971,        758,       10.1,        101,       5.05   ,   0.593564
          2,  540,         27,        263,       10.1,        101,       5.05   ,   -1.42274
          2,  541,        533,        385,       10.1,        101,       5.05   ,  -0.625761
          2,  542,        306,         19,       10.1,        101,       5.05   ,   0.723609
          2,  543,        212,        847,       10.1,        101,       5.05   ,  0.0136739
          2,  544,        158,        274,       10.1,        101,       5.05   ,     1.4952
          2,  545,        274,        132,       10.1,        101,       5.05   ,  -0.695241
          2,  546,        649,        965,       10.1,        101,       5.05   ,   0.125452
          2,  547,         84,        416,       10.1,        101,       5.05   ,   -1.16017
          2,  548,        105,        576,       10.1,        101,       5.05   ,  -0.973637
          2,  549,        493,        317,       10.1,        101,       5.05   ,  -0.223544
          2,  550,         95,        609,       10.1,        101,       5.05   ,  -0.464386
          2,  551,        606,        322,       10.1,        101,       5.05   ,   0.358144
          2,  552,         18,         87,       10.1,        101,       5.05   ,   0.602574
          2,  553,        424,        234,       10.1,        101,       5.05   ,    0.14665
          2,  554,        868,         85,       10.1,        101,       5.05   ,  -0.302621
          2,  555,        413,        298,       10.1,        101,       5.05   ,   0.983279
          2,  556,        778,        373,       10.1,        101,       5.05   ,  -0.359201
          2,  557,         20,        700,       10.1,        101,       5.05   ,-0.00855818
          2,  558,        395,        265,       10.1,        101,       5.05   ,    1.56986
          2,  559,        324,        152,       10.1,        101,       5.05   ,  -0.754415
          2,  560,        872,         85,       10.1,        101,       5.05   ,  -0.303262
          2,  561,        453,        539,       10.1,        101,       5.05   ,  -0.473714
          2,  562,        774,        663,       10.1,        101,       5.05   ,   0.609344
          2,  563,        692,        747,       10.1,        101,       5.05   ,   0.485222
          2,  564,        742,        604,       10.1,        101,       5.05   ,   -0.91484
          2,  565,        695,        402,       10.1,        101,       5.05   ,   0.952765
          2,  566,         89,        832,       10.1,        101,       5.05   ,    1.51472
          2,  567,        789,        470,       10.1,        101,       5.05   ,   0.663397
          2,  568,        512,        293,       10.1,        101,       5.05   ,  -0.385215
          2,  569,        312,         60,       10.1,        101,       5.05   ,   0.224104
          2,  570,        109,         23,       10.1,        101,       5.05   ,    1.30427
          2,  571,        817,        970,       10.1,        101,       5.05   ,  -0.542136
          2,  572,        398,        377,       10.1,        101,       5.05   ,  -0.516403
          2,  573,         69,        197,       10.1,        101,       5.05   ,   0.813935
          2,  574,        601,        560,       10.1,        101,       5.05   ,   0.169944
          2,  575,        700,        580,       10.1,        101,       5.05   ,  -0.968531
          2,  576,        699,        329,       10.1,        101,       5.05   ,    1.26153
          2,  577,        418,        555,       10.1,        101,       5.05   ,  -0.719325
          2,  578,         97,        726,       10.1,        101,       5.05   ,  -0.805701
          2,  579,        930,        287,       10.1,        101,       5.05   , -0.0464599
          2,  580,         63,         28,       10.1,        101,       5.05   ,  -0.213535
          2,  581,        625,        455,       10.1,        101,       5.05   ,  -0.146588
          2,  582,         40,        713,       10.1,        101,       5.05   ,  -0.526595
          2,  583,        486,        991,       10.1,        101,       5.05   ,    1.03696
          2,  584,        410,        443,       10.1,        101,       5.05   ,    0.72273
          2,  585,         24,        915,       10.1,        101,       5.05   ,    1.03089
          2,  586,        682,        972,       10.1,        101,       5.05   ,   0.110093
          2,  587,         19,        216,       10.1,        101,       5.05   ,   0.566702
          2,  588,        230,        663,       10.1,        101,       5.05   ,  -0.404926
          2,  589,        629,        298,       10.1,        101,       5.05   ,  -0.634697
          2,  590,        758,        939,       10.1,        101,       5.05   ,    1.15401
          2,  591,        498,        647,       10.1,        101,       5.05   ,   0.598152
          2,  592,        890,        677,       10.1,        101,       5.05   ,    1.32344
          2,  593,        313,        861,       10.1,        101,       5.05   ,   0.966571
          2,  594,        249,        836,       10.1,        101,       5.05   ,   -1.06147
          2,  595,        535,         12,       10.1,        101,       5.05   ,  -0.983957
          2,  596,        952,        262,       10.1,        101,       5.05   ,  -0.923064
          2,  597,        680,        421,       10.1,        101,       5.05   ,    1.32352
          2,  598,        359,        748,       10.1,        101,       5.05   ,  -0.847225
          2,  599,         56,        945,       10.1,        101,       5.05   ,   -1.36851
          2,  600,        937,        551,       10.1,        101,       5.05   ,  -0.185041
          2,  601,        957,        441,       10.1,        101,       5.05   ,  -0.112586
          2,  602,        132,        335,       10.1,        101,       5.05   ,    1.22651
          2,  603,        133,        728,       10.1,        101,       5.05   ,  -0.188512
          2,  604,        513,        166,       10.1,        101,       5.05   ,   -1.37559
          2,  605,         48,        910,       10.1,        101,       5.05   ,   0.999426
          2,  606,        545,        615,       10.1,        101,       5.05   ,   0.537857
          2,  607,        264,        117,       10.1,        101,       5.05   ,    0.14319
          2,  608,        962,        946,       10.1,        101,       5.05   ,   0.355012
          2,  609,        294,        862,       10.1,        101,       5.05   ,  -0.556411
          2,  610,         11,        570,       10.1,        101,       5.05   ,   0.185184
          2,  611,        272,         10,       10.1,        101,       5.05   ,   -1.15536
          2,  612,        226,        944,       10.1,        101,       5.05   ,   0.116331
          2,  613,        141,        809,       10.1,        101,       5.05   , 0.00810527
          2,  614,        298,        681,       10.1,        101,       5.05   ,   0.547686
          2,  615,        845,        619,       10.1,        101,       5.05   ,   -1.02577
          2,  616,        217,        128,       10.1,        101,       5.05   ,   -1.23596
          2,  617,        676,        631,       10.1,        101,       5.05   ,   0.492864
          2,  618,         95,        516,       10.1,        101,       5.05   ,   -1.16298
          2,  619,        965,        652,       10.1,        101,       5.05   ,  -0.114496
          2,  620,        304,        628,       10.1,        101,       5.05   ,   0.789825
          2,  621,        260,        816,       10.1,        101,       5.05   ,   0.576388
          2,  622,        829,        906,       10.1,        101,       5.05   ,  -0.959626
          2,  623,        305,        694,       10.1,        101,       5.05   ,  -0.874703
          2,  624,        416,        835,       10.1,        101,       5.05   ,    1.28596
          2,  625,        637,        354,       10.1,        101,       5.05   ,   0.565095
          2,  626,         80,        222,       10.1,        101,       5.05   ,   0.255644
          2,  627,        675,        836,       10.1,        101,       5.05   ,    1.26687
          2,  628,        845,        787,       10.1,        101,       5.05   ,    1.16334
          2,  629,        632,        389,       10.1,        101,       5.05   ,    1.26644
          2,  630,        510,         20,       10.1,        101,       5.05   ,   0.855245
          2,  631,        691,        516,       10.1,        101,       5.05   ,   0.944183
          2,  632,        859,        624,       10.1,        101,       5.05   ,   0.870538
          2,  633,        346,        873,       10.1,        101,       5.05   ,    1.37063
          2,  634,        473,        562,       10.1,        101,       5.05   ,  -0.273202
          2,  635,        787,        685,       10.1,        101,       5.05   ,    -1.0023
          2,  636,        931,        144,       10.1,        101,       5.05   ,  0.0605312
          2,  637,        204,        313,       10.1,        101,       5.05   ,   0.192006
          2,  638,        295,        131,       10.1,        101,       5.05   ,  -0.224174
          2,  639,        118,        421,       10.1,        101,       5.05   ,   -1.44416
          2,  640,        379,          5,       10.1,        101,       5.05   ,    1.23894
          2,  641,        571,        202,       10.1,        101,       5.05   ,    1.25709
          2,  642,        191,        335,       10.1,        101,       5.05   ,     1.1358
          2,  643,        371,        327,       10.1,        101,       5.05   ,   0.337036
          2,  644,        826,        551,       10.1,        101,       5.05   , -0.0839732
          2,  645,        534,        565,       10.1,        101,       5.05   ,   0.510104
          2,  646,        150,        461,       10.1,        101,       5.05   ,   0.801467
          2,  647,        748,        860,       10.1,        101,       5.05   ,    1.38411
          2,  648,        846,        396,       10.1,        101,       5.05   ,   0.114244
          2,  649,        578,        964,       10.1,        101,       5.05   ,    -1.4192
          2,  650,        362,        100,       10.1,        101,       5.05   ,   0.338175
          2,  651,        833,        427,       10.1,        101,       5.05   ,   0.173276
          2,  652,         49,        214,       10.1,        101,       5.05   ,   -1.52846
          2,  653,        460,        731,       10.1,        101,       5.05   ,  -0.103687
          2,  654,        786,        863,       10.1,        101,       5.05   ,  -0.758163
          2,  655,        434,         54,       10.1,        101,       5.05   ,   -1.17155
          2,  656,        555,        435,       10.1,        101,       5.05   ,   0.504369
          2,  657,        867,        979,       10.1,        101,       5.05   ,    1.00304
          2,  658,         78,        614,       10.1,        101,       5.05   ,   0.732078
          2,  659,        485,        388,       10.1,        101,       5.05   ,  -0.418524
          2,  660,        174,        822,       10.1,        101,       5.05   ,   -1.01177
          2,  661,        509,        935,       10.1,        101,       5.05   ,     1.1496
          2,  662,         44,        850,       10.1,        101,       5.05   ,   0.303812
------------------------------------------------------------------------------
Component[2] Total Sloped Parallelepiped = 662