Component 1 maximum area=0.326731 [on 1000x1000]
Component type: Ellipse
---------------------------------------------------------------------------------------
--------------|------- Center-----|----- dimensions---------|----------------------
component| id|    X       |     Y      |  Width/a     | height/b |   hoop   |   Slope   
---------------------------------------------------------------------------------------
          1,    1,        844,        711,       50.5,       50.5,      2.525   ,   -0.65418
          1,    2,        556,        216,       50.5,       50.5,      2.525   ,   -1.37095
          1,    3,        499,        770,       50.5,       50.5,      2.525   ,   -1.01789
          1,    4,        185,        718,       50.5,       50.5,      2.525   ,  -0.414476
          1,    5,        709,        792,       50.5,       50.5,      2.525   ,   -1.53911
          1,    6,        333,        412,       50.5,       50.5,      2.525   ,   -0.29573
          1,    7,        880,        912,       50.5,       50.5,      2.525   ,   0.857802
          1,    8,        722,        146,       50.5,       50.5,      2.525   ,  -0.051638
          1,    9,        235,        124,       50.5,       50.5,      2.525   ,   -1.13962
          1,   10,        766,        316,       50.5,       50.5,      2.525   ,  -0.482997
          1,   11,        634,         38,       50.5,       50.5,      2.525   ,    1.50846
          1,   12,        105,        111,       50.5,       50.5,      2.525   ,  -0.746649
          1,   13,        876,        973,       50.5,       50.5,      2.525   ,  -0.992954
          1,   14,        735,         84,       50.5,       50.5,      2.525   ,   -1.15805
          1,   15,         93,        622,       50.5,       50.5,      2.525   ,   0.374507
          1,   16,        987,        469,       50.5,       50.5,      2.525   ,   0.287858
          1,   17,        499,        941,       50.5,       50.5,      2.525   ,   -1.21036
          1,   18,        887,        367,       50.5,       50.5,      2.525   ,   0.204659
          1,   19,        579,        208,       50.5,       50.5,      2.525   ,    1.18693
          1,   20,        651,        540,       50.5,       50.5,      2.525   ,   0.187138
          1,   21,        655,        920,       50.5,       50.5,      2.525   ,    -1.2951
          1,   22,        944,        975,       50.5,       50.5,      2.525   ,   -1.09703
          1,   23,        951,        866,       50.5,       50.5,      2.525   ,   -1.20893
          1,   24,        370,        157,       50.5,       50.5,      2.525   ,   0.491986
          1,   25,        498,        282,       50.5,       50.5,      2.525   ,   -1.03896
          1,   26,        540,        880,       50.5,       50.5,      2.525   ,    1.12096
          1,   27,        253,        989,       50.5,       50.5,      2.525   ,    1.39101
          1,   28,        683,        227,       50.5,       50.5,      2.525   ,   0.399817
          1,   29,        293,        786,       50.5,       50.5,      2.525   ,   0.504246
          1,   30,        175,        721,       50.5,       50.5,      2.525   ,    -1.1542
          1,   31,        881,        593,       50.5,       50.5,      2.525   ,   0.902743
          1,   32,        784,        821,       50.5,       50.5,      2.525   ,  -0.748943
          1,   33,        494,        484,       50.5,       50.5,      2.525   ,     1.0289
          1,   34,        593,        339,       50.5,       50.5,      2.525   ,    0.88252
          1,   35,        675,        632,       50.5,       50.5,      2.525   ,    1.44111
          1,   36,        424,        814,       50.5,       50.5,      2.525   ,   -1.07213
          1,   37,        543,        143,       50.5,       50.5,      2.525   ,    1.37195
          1,   38,        286,        930,       50.5,       50.5,      2.525   ,  -0.697138
          1,   39,         22,        533,       50.5,       50.5,      2.525   ,     1.0352
          1,   40,        965,        572,       50.5,       50.5,      2.525   ,   -1.37929
          1,   41,        832,        557,       50.5,       50.5,      2.525   ,  -0.896223
          1,   42,        343,        122,       50.5,       50.5,      2.525   ,   -1.27492
          1,   43,        720,        463,       50.5,       50.5,      2.525   ,   0.901099
          1,   44,        807,        810,       50.5,       50.5,      2.525   ,    1.55583
          1,   45,        492,        963,       50.5,       50.5,      2.525   ,   -1.21741
          1,   46,        612,        361,       50.5,       50.5,      2.525   ,  -0.109218
          1,   47,        537,        400,       50.5,       50.5,      2.525   , -0.0946556
          1,   48,        957,        959,       50.5,       50.5,      2.525   ,  -0.753571
          1,   49,        930,        147,       50.5,       50.5,      2.525   ,  -0.898102
          1,   50,        657,        538,       50.5,       50.5,      2.525   ,    1.50855
          1,   51,        605,        800,       50.5,       50.5,      2.525   , 0.00177958
------------------------------------------------------------------------------
Component[1] Total Ellipsoids = 51