Component 2 maximum area=0.323322 [on 1000x1000]
Component type: Sloped rectangle
---------------------------------------------------------------------------------------
--------------|------- Center-----|----- dimensions---------|----------------------
component| id|    X       |     Y      |  Width/a     | height/b |   hoop   |   Slope   
---------------------------------------------------------------------------------------
          2,    1,        271,         22,       10.1,        101,       5.05   ,   -1.46156
          2,    2,        200,        979,       10.1,        101,       5.05   ,   -1.44976
          2,    3,         88,        737,       10.1,        101,       5.05   ,  -0.313233
          2,    4,        164,        994,       10.1,        101,       5.05   ,    1.24542
          2,    5,        268,        837,       10.1,        101,       5.05   ,   0.880548
          2,    6,         84,        874,       10.1,        101,       5.05   ,  -0.504699
          2,    7,        683,        951,       10.1,        101,       5.05   ,    1.29134
          2,    8,        212,        350,       10.1,        101,       5.05   ,  -0.675392
          2,    9,        680,        283,       10.1,        101,       5.05   ,  -0.655861
          2,   10,        116,        933,       10.1,        101,       5.05   ,    1.54882
          2,   11,        689,        497,       10.1,        101,       5.05   ,   -1.55392
          2,   12,        683,        474,       10.1,        101,       5.05   ,   0.663238
          2,   13,        181,        990,       10.1,        101,       5.05   ,    1.44509
          2,   14,        490,        795,       10.1,        101,       5.05   ,   0.171574
          2,   15,        907,        571,       10.1,        101,       5.05   ,  -0.365628
          2,   16,        411,        871,       10.1,        101,       5.05   ,   0.200774
          2,   17,        823,        922,       10.1,        101,       5.05   ,  -0.345091
          2,   18,        588,        882,       10.1,        101,       5.05   ,  -0.403209
          2,   19,        799,        606,       10.1,        101,       5.05   ,   0.896853
          2,   20,        647,        516,       10.1,        101,       5.05   ,  -0.748083
          2,   21,        860,        987,       10.1,        101,       5.05   ,  -0.261671
          2,   22,        531,        981,       10.1,        101,       5.05   ,  -0.339378
          2,   23,        972,        606,       10.1,        101,       5.05   ,  0.0856516
          2,   24,        147,        251,       10.1,        101,       5.05   ,   0.833689
          2,   25,        733,        570,       10.1,        101,       5.05   ,    1.51779
          2,   26,        615,        800,       10.1,        101,       5.05   ,   0.533973
          2,   27,        710,        615,       10.1,        101,       5.05   ,    1.29371
          2,   28,        330,        240,       10.1,        101,       5.05   ,  -0.443395
          2,   29,        908,        690,       10.1,        101,       5.05   ,    -1.2948
          2,   30,        915,        521,       10.1,        101,       5.05   ,   -1.24859
          2,   31,        338,        690,       10.1,        101,       5.05   ,   -1.35778
          2,   32,        916,        646,       10.1,        101,       5.05   ,    1.23497
          2,   33,        533,        637,       10.1,        101,       5.05   ,   0.507058
          2,   34,        744,        800,       10.1,        101,       5.05   ,   -1.35989
          2,   35,        578,        707,       10.1,        101,       5.05   ,   -1.54697
          2,   36,         33,        262,       10.1,        101,       5.05   ,   -1.15275
          2,   37,        487,        383,       10.1,        101,       5.05   ,   0.870752
          2,   38,        930,        691,       10.1,        101,       5.05   ,  -0.127923
          2,   39,        706,        112,       10.1,        101,       5.05   ,   0.903402
          2,   40,         73,        602,       10.1,        101,       5.05   ,  -0.997523
          2,   41,        404,        243,       10.1,        101,       5.05   ,   0.612988
          2,   42,        611,        143,       10.1,        101,       5.05   ,   0.615939
          2,   43,         10,        305,       10.1,        101,       5.05   ,   0.862433
          2,   44,         76,        165,       10.1,        101,       5.05   ,   0.449806
          2,   45,        488,        892,       10.1,        101,       5.05   ,    1.51111
          2,   46,        843,        633,       10.1,        101,       5.05   ,   -1.49678
          2,   47,        836,        225,       10.1,        101,       5.05   ,   -1.13998
          2,   48,        776,        488,       10.1,        101,       5.05   ,   0.974299
          2,   49,        623,        423,       10.1,        101,       5.05   ,    1.27144
          2,   50,        968,        103,       10.1,        101,       5.05   ,  -0.452816
          2,   51,        610,        507,       10.1,        101,       5.05   ,  -0.305968
          2,   52,        630,        540,       10.1,        101,       5.05   ,  -0.376604
          2,   53,        533,        174,       10.1,        101,       5.05   ,    1.48989
          2,   54,        734,        482,       10.1,        101,       5.05   ,   0.406607
          2,   55,        965,        945,       10.1,        101,       5.05   ,   -1.12238
          2,   56,        572,        115,       10.1,        101,       5.05   ,   -1.28848
          2,   57,        232,        967,       10.1,        101,       5.05   ,  -0.423318
          2,   58,        943,        900,       10.1,        101,       5.05   ,   0.708254
          2,   59,        544,        118,       10.1,        101,       5.05   ,    1.02532
          2,   60,        738,        154,       10.1,        101,       5.05   ,  -0.676719
          2,   61,        460,        681,       10.1,        101,       5.05   ,    1.37325
          2,   62,        836,         29,       10.1,        101,       5.05   ,    1.55534
          2,   63,        963,        964,       10.1,        101,       5.05   ,   0.200918
          2,   64,        927,        791,       10.1,        101,       5.05   ,   -1.13798
          2,   65,         70,         31,       10.1,        101,       5.05   ,     1.2538
          2,   66,        465,        951,       10.1,        101,       5.05   ,     0.3655
          2,   67,        769,        279,       10.1,        101,       5.05   ,   -1.16391
          2,   68,        457,        359,       10.1,        101,       5.05   ,     1.4628
          2,   69,        759,        528,       10.1,        101,       5.05   , -0.0201899
          2,   70,        795,        865,       10.1,        101,       5.05   ,    1.49143
          2,   71,        786,        606,       10.1,        101,       5.05   ,  -0.392672
          2,   72,        525,        454,       10.1,        101,       5.05   ,   0.667672
          2,   73,        887,        608,       10.1,        101,       5.05   ,   0.154918
          2,   74,        736,        257,       10.1,        101,       5.05   ,    1.47304
          2,   75,        899,        286,       10.1,        101,       5.05   ,   -1.11565
          2,   76,        686,        583,       10.1,        101,       5.05   ,   0.844004
          2,   77,        638,        822,       10.1,        101,       5.05   , -0.0150379
          2,   78,        906,        437,       10.1,        101,       5.05   ,    1.32312
          2,   79,        352,        315,       10.1,        101,       5.05   ,  -0.482421
          2,   80,         79,        665,       10.1,        101,       5.05   ,   0.493396
          2,   81,        674,        736,       10.1,        101,       5.05   ,    1.45816
          2,   82,        649,         84,       10.1,        101,       5.05   ,     1.3634
          2,   83,        440,        551,       10.1,        101,       5.05   ,   -1.14254
          2,   84,        874,        757,       10.1,        101,       5.05   ,   -1.07621
          2,   85,        603,        334,       10.1,        101,       5.05   ,    1.34981
          2,   86,        547,         66,       10.1,        101,       5.05   , -0.0909895
          2,   87,        295,        844,       10.1,        101,       5.05   ,  0.0936283
          2,   88,        602,        746,       10.1,        101,       5.05   ,   0.701806
          2,   89,        392,         50,       10.1,        101,       5.05   ,     -1.434
          2,   90,        273,        209,       10.1,        101,       5.05   ,   0.316828
          2,   91,        447,        485,       10.1,        101,       5.05   ,    1.40055
          2,   92,        249,        633,       10.1,        101,       5.05   ,  0.0586708
          2,   93,        485,        551,       10.1,        101,       5.05   ,    -1.5699
          2,   94,        527,        772,       10.1,        101,       5.05   ,   0.721267
          2,   95,        212,        508,       10.1,        101,       5.05   ,   0.352071
          2,   96,        288,        964,       10.1,        101,       5.05   ,  -0.810183
          2,   97,        639,        312,       10.1,        101,       5.05   ,   -1.15722
          2,   98,        595,         96,       10.1,        101,       5.05   ,   0.713741
          2,   99,        154,        850,       10.1,        101,       5.05   , -0.0747265
          2,  100,        766,        270,       10.1,        101,       5.05   ,  -0.774022
          2,  101,        921,        339,       10.1,        101,       5.05   ,  -0.637723
          2,  102,        826,        299,       10.1,        101,       5.05   ,   0.828992
          2,  103,        386,        397,       10.1,        101,       5.05   ,   0.591882
          2,  104,        870,        987,       10.1,        101,       5.05   ,   0.587202
          2,  105,        121,        258,       10.1,        101,       5.05   ,   0.191597
          2,  106,        425,        195,       10.1,        101,       5.05   ,   0.730115
          2,  107,        894,        254,       10.1,        101,       5.05   ,   0.839348
          2,  108,        917,        533,       10.1,        101,       5.05   ,  -0.844485
          2,  109,        222,        357,       10.1,        101,       5.05   ,   -1.41519
          2,  110,        227,        397,       10.1,        101,       5.05   ,  0.0334875
          2,  111,        985,         51,       10.1,        101,       5.05   ,  -0.951933
          2,  112,        805,        141,       10.1,        101,       5.05   ,    1.11154
          2,  113,        386,        589,       10.1,        101,       5.05   ,   -1.37362
          2,  114,        577,        859,       10.1,        101,       5.05   ,  -0.212402
          2,  115,        838,        389,       10.1,        101,       5.05   ,   0.426232
          2,  116,        198,        199,       10.1,        101,       5.05   ,    -0.1737
          2,  117,        635,        694,       10.1,        101,       5.05   ,   0.948561
          2,  118,         36,        131,       10.1,        101,       5.05   ,   -1.54549
          2,  119,        234,        883,       10.1,        101,       5.05   ,  -0.705942
          2,  120,        597,        962,       10.1,        101,       5.05   ,   -1.17418
          2,  121,        633,        618,       10.1,        101,       5.05   ,    1.05582
          2,  122,        223,         33,       10.1,        101,       5.05   ,  -0.987364
          2,  123,        887,        535,       10.1,        101,       5.05   ,  -0.820728
          2,  124,        961,        562,       10.1,        101,       5.05   ,  -0.770734
          2,  125,        562,        702,       10.1,        101,       5.05   ,   -1.55476
          2,  126,        355,        298,       10.1,        101,       5.05   ,      0.249
          2,  127,        472,        441,       10.1,        101,       5.05   , -0.0495661
          2,  128,        610,        725,       10.1,        101,       5.05   ,   -1.56157
          2,  129,        464,        471,       10.1,        101,       5.05   ,  -0.738172
          2,  130,        772,        723,       10.1,        101,       5.05   ,   -1.39478
          2,  131,        264,        127,       10.1,        101,       5.05   ,    1.48254
          2,  132,        699,        818,       10.1,        101,       5.05   ,  -0.438015
          2,  133,        537,        244,       10.1,        101,       5.05   ,  -0.115489
          2,  134,        105,        993,       10.1,        101,       5.05   , -0.0941939
          2,  135,        390,         40,       10.1,        101,       5.05   ,   -1.43868
          2,  136,        998,        695,       10.1,        101,       5.05   ,   0.512088
          2,  137,        705,        208,       10.1,        101,       5.05   ,   0.186402
          2,  138,        757,        276,       10.1,        101,       5.05   ,  -0.630737
          2,  139,        473,         29,       10.1,        101,       5.05   ,  -0.697209
          2,  140,        318,        390,       10.1,        101,       5.05   ,   0.310123
          2,  141,        337,        970,       10.1,        101,       5.05   ,    1.05126
          2,  142,        653,        259,       10.1,        101,       5.05   ,   0.326074
          2,  143,         74,        598,       10.1,        101,       5.05   ,   0.179401
          2,  144,        410,        820,       10.1,        101,       5.05   ,  0.0140494
          2,  145,        693,        687,       10.1,        101,       5.05   ,   0.143919
          2,  146,        209,        193,       10.1,        101,       5.05   ,  -0.154551
          2,  147,        772,        587,       10.1,        101,       5.05   ,   -1.25866
          2,  148,        700,        329,       10.1,        101,       5.05   ,    1.35671
          2,  149,        742,        358,       10.1,        101,       5.05   ,  -0.900482
          2,  150,        981,        953,       10.1,        101,       5.05   ,    1.55944
          2,  151,        201,        854,       10.1,        101,       5.05   ,    1.44919
          2,  152,        483,        514,       10.1,        101,       5.05   ,   0.785519
          2,  153,        680,        820,       10.1,        101,       5.05   ,   -1.20954
          2,  154,        853,        751,       10.1,        101,       5.05   ,    1.44366
          2,  155,        924,        238,       10.1,        101,       5.05   ,   0.264345
          2,  156,        557,        137,       10.1,        101,       5.05   ,   0.896861
          2,  157,        707,        396,       10.1,        101,       5.05   ,  -0.668706
          2,  158,        930,        297,       10.1,        101,       5.05   ,   -1.13705
          2,  159,        372,        732,       10.1,        101,       5.05   ,    1.41113
          2,  160,         74,        654,       10.1,        101,       5.05   ,  -0.420265
          2,  161,         54,        704,       10.1,        101,       5.05   ,  -0.352883
          2,  162,        286,        470,       10.1,        101,       5.05   ,  -0.572749
          2,  163,        893,        672,       10.1,        101,       5.05   ,     1.1997
          2,  164,        975,        667,       10.1,        101,       5.05   ,  -0.924087
          2,  165,        871,        130,       10.1,        101,       5.05   ,   0.121247
          2,  166,        477,        226,       10.1,        101,       5.05   ,   0.199462
          2,  167,        222,         63,       10.1,        101,       5.05   ,    0.37406
          2,  168,        745,         40,       10.1,        101,       5.05   ,   -1.41597
          2,  169,        457,        701,       10.1,        101,       5.05   ,   -1.10667
          2,  170,        111,        443,       10.1,        101,       5.05   ,  -0.409834
          2,  171,        674,        414,       10.1,        101,       5.05   ,    1.26042
          2,  172,         91,         51,       10.1,        101,       5.05   ,  -0.189788
          2,  173,        809,        687,       10.1,        101,       5.05   ,   0.414012
          2,  174,        320,        552,       10.1,        101,       5.05   ,   0.222126
          2,  175,        363,        952,       10.1,        101,       5.05   ,   -1.23553
          2,  176,        720,        766,       10.1,        101,       5.05   ,     1.0316
          2,  177,         36,        546,       10.1,        101,       5.05   ,   0.558025
          2,  178,        543,        860,       10.1,        101,       5.05   ,   -1.19684
          2,  179,        658,        771,       10.1,        101,       5.05   ,    1.01199
          2,  180,        644,        399,       10.1,        101,       5.05   ,  -0.170369
          2,  181,         21,        185,       10.1,        101,       5.05   ,    1.26375
          2,  182,        187,        266,       10.1,        101,       5.05   ,    1.45856
          2,  183,        776,        582,       10.1,        101,       5.05   ,  -0.136025
          2,  184,        606,        558,       10.1,        101,       5.05   , -0.0284089
          2,  185,        482,        115,       10.1,        101,       5.05   ,  0.0076728
          2,  186,        349,         49,       10.1,        101,       5.05   ,   -1.45143
          2,  187,        781,        688,       10.1,        101,       5.05   ,   0.691281
          2,  188,        961,        272,       10.1,        101,       5.05   ,  -0.520756
          2,  189,        845,        376,       10.1,        101,       5.05   ,   -0.49628
          2,  190,        415,        566,       10.1,        101,       5.05   ,  -0.589581
          2,  191,        558,        530,       10.1,        101,       5.05   ,   0.675974
          2,  192,        222,        725,       10.1,        101,       5.05   ,     1.1515
          2,  193,        676,        458,       10.1,        101,       5.05   , -0.0876959
          2,  194,         41,        142,       10.1,        101,       5.05   ,   0.527216
          2,  195,        512,        818,       10.1,        101,       5.05   ,   0.923465
          2,  196,        340,        525,       10.1,        101,       5.05   ,   0.416007
          2,  197,        393,        957,       10.1,        101,       5.05   ,  -0.241852
          2,  198,        570,         27,       10.1,        101,       5.05   ,    1.01988
          2,  199,          2,        943,       10.1,        101,       5.05   ,   0.229041
          2,  200,         83,        109,       10.1,        101,       5.05   ,    1.31206
          2,  201,        847,        455,       10.1,        101,       5.05   ,   0.983982
          2,  202,        970,         95,       10.1,        101,       5.05   ,    1.37438
          2,  203,        162,        494,       10.1,        101,       5.05   ,   -1.12889
          2,  204,        505,        942,       10.1,        101,       5.05   ,    1.42102
          2,  205,        463,        684,       10.1,        101,       5.05   ,    1.03122
          2,  206,        182,        315,       10.1,        101,       5.05   ,   0.267022
          2,  207,        950,        320,       10.1,        101,       5.05   ,   0.835923
          2,  208,        885,        117,       10.1,        101,       5.05   ,   -1.25397
          2,  209,         89,        138,       10.1,        101,       5.05   ,  -0.839857
          2,  210,        919,        700,       10.1,        101,       5.05   ,   -1.05907
          2,  211,        962,        413,       10.1,        101,       5.05   ,   0.792866
          2,  212,        165,        291,       10.1,        101,       5.05   ,   0.126046
          2,  213,        453,        627,       10.1,        101,       5.05   ,   -1.23435
          2,  214,        868,        967,       10.1,        101,       5.05   ,  -0.767949
          2,  215,        985,        434,       10.1,        101,       5.05   , -0.0417862
          2,  216,        301,        539,       10.1,        101,       5.05   ,   -1.21267
          2,  217,        806,        577,       10.1,        101,       5.05   ,   -1.07929
          2,  218,        675,        629,       10.1,        101,       5.05   ,    -1.5147
          2,  219,        253,        835,       10.1,        101,       5.05   ,    1.04111
          2,  220,        955,        325,       10.1,        101,       5.05   ,   0.724776
          2,  221,         58,        286,       10.1,        101,       5.05   ,   0.231828
          2,  222,        501,        698,       10.1,        101,       5.05   ,  -0.699433
          2,  223,        526,        435,       10.1,        101,       5.05   ,   0.254014
          2,  224,        568,        536,       10.1,        101,       5.05   ,    1.36863
          2,  225,        291,        554,       10.1,        101,       5.05   ,    1.05101
          2,  226,        161,        735,       10.1,        101,       5.05   ,   0.636474
          2,  227,        655,        723,       10.1,        101,       5.05   ,   0.398779
          2,  228,        163,          4,       10.1,        101,       5.05   ,   0.117723
          2,  229,        726,        871,       10.1,        101,       5.05   ,   0.751495
          2,  230,        808,        170,       10.1,        101,       5.05   ,    1.35528
          2,  231,        382,        836,       10.1,        101,       5.05   ,   0.705423
          2,  232,        279,        101,       10.1,        101,       5.05   ,  -0.677038
          2,  233,        524,        847,       10.1,        101,       5.05   ,   0.782173
          2,  234,        374,        664,       10.1,        101,       5.05   ,   0.226057
          2,  235,        685,        246,       10.1,        101,       5.05   ,    0.76877
          2,  236,        204,        144,       10.1,        101,       5.05   ,  -0.729463
          2,  237,        517,        763,       10.1,        101,       5.05   ,   0.197742
          2,  238,        295,        182,       10.1,        101,       5.05   ,   -1.51588
          2,  239,         22,         22,       10.1,        101,       5.05   ,  -0.999844
          2,  240,        925,        992,       10.1,        101,       5.05   ,  -0.730513
          2,  241,          5,        954,       10.1,        101,       5.05   ,   0.160878
          2,  242,        713,        897,       10.1,        101,       5.05   ,   -1.33793
          2,  243,        868,        685,       10.1,        101,       5.05   ,   0.750142
          2,  244,        252,        594,       10.1,        101,       5.05   ,   0.758049
          2,  245,        155,        951,       10.1,        101,       5.05   , -0.0532179
          2,  246,        509,        217,       10.1,        101,       5.05   ,   -0.34819
          2,  247,        809,         88,       10.1,        101,       5.05   ,    1.17739
          2,  248,        587,        213,       10.1,        101,       5.05   ,   0.190522
          2,  249,         48,        417,       10.1,        101,       5.05   ,  -0.437503
          2,  250,        575,        110,       10.1,        101,       5.05   ,  -0.235805
          2,  251,        387,        297,       10.1,        101,       5.05   ,   0.157222
          2,  252,        783,        495,       10.1,        101,       5.05   ,   -1.46886
          2,  253,        850,        606,       10.1,        101,       5.05   ,   -1.54676
          2,  254,        732,        386,       10.1,        101,       5.05   ,   -1.54935
          2,  255,        538,        469,       10.1,        101,       5.05   ,  -0.909816
          2,  256,        592,        239,       10.1,        101,       5.05   ,   -1.15122
          2,  257,        413,        700,       10.1,        101,       5.05   ,    1.00549
          2,  258,        404,         25,       10.1,        101,       5.05   ,   0.823039
          2,  259,        656,        925,       10.1,        101,       5.05   ,  -0.587913
          2,  260,        460,        696,       10.1,        101,       5.05   ,  -0.995686
          2,  261,        640,        321,       10.1,        101,       5.05   ,    1.21095
          2,  262,        474,        276,       10.1,        101,       5.05   ,  -0.596712
          2,  263,        392,        326,       10.1,        101,       5.05   , -0.0485422
          2,  264,        419,        802,       10.1,        101,       5.05   ,    1.22279
          2,  265,        112,        280,       10.1,        101,       5.05   ,   0.372536
          2,  266,        452,        650,       10.1,        101,       5.05   ,     1.5216
          2,  267,        119,        936,       10.1,        101,       5.05   ,   -1.38977
          2,  268,        113,        550,       10.1,        101,       5.05   ,    1.17292
          2,  269,        675,        891,       10.1,        101,       5.05   ,    1.55504
          2,  270,        198,        944,       10.1,        101,       5.05   ,   -1.45585
          2,  271,         90,        651,       10.1,        101,       5.05   ,  -0.523004
          2,  272,        418,        237,       10.1,        101,       5.05   ,  0.0664997
          2,  273,        982,        711,       10.1,        101,       5.05   ,   0.414977
          2,  274,        706,         85,       10.1,        101,       5.05   ,   0.899963
          2,  275,        881,        327,       10.1,        101,       5.05   ,  -0.169168
          2,  276,        699,        288,       10.1,        101,       5.05   ,   0.316005
          2,  277,        270,        244,       10.1,        101,       5.05   ,    0.92134
          2,  278,        396,        397,       10.1,        101,       5.05   ,   0.989963
          2,  279,        103,        854,       10.1,        101,       5.05   ,    1.50749
          2,  280,        564,        115,       10.1,        101,       5.05   ,  -0.451831
          2,  281,        721,        777,       10.1,        101,       5.05   ,     -1.169
          2,  282,        212,        482,       10.1,        101,       5.05   ,   0.843641
          2,  283,          8,        789,       10.1,        101,       5.05   ,   0.897626
          2,  284,        618,        924,       10.1,        101,       5.05   ,  -0.645912
          2,  285,        118,        946,       10.1,        101,       5.05   ,    1.49843
          2,  286,        942,        657,       10.1,        101,       5.05   ,   -1.21224
          2,  287,        695,        318,       10.1,        101,       5.05   ,    0.77944
          2,  288,        829,        383,       10.1,        101,       5.05   ,  -0.966056
          2,  289,        426,        852,       10.1,        101,       5.05   ,  0.0107618
          2,  290,        484,        675,       10.1,        101,       5.05   ,   0.394953
          2,  291,        822,         39,       10.1,        101,       5.05   ,  -0.869586
          2,  292,        720,        901,       10.1,        101,       5.05   ,   0.512846
          2,  293,         42,        400,       10.1,        101,       5.05   ,   0.965111
          2,  294,        880,        593,       10.1,        101,       5.05   ,   -1.06788
          2,  295,        390,        203,       10.1,        101,       5.05   ,    1.22201
          2,  296,         87,        398,       10.1,        101,       5.05   ,    1.08375
          2,  297,        789,        206,       10.1,        101,       5.05   ,  0.0447948
          2,  298,        597,        448,       10.1,        101,       5.05   ,   0.291507
          2,  299,        152,        520,       10.1,        101,       5.05   ,   -1.41754
          2,  300,        858,        606,       10.1,        101,       5.05   ,   0.768541
          2,  301,        269,        376,       10.1,        101,       5.05   ,  -0.649908
          2,  302,        951,          7,       10.1,        101,       5.05   ,  -0.132877
          2,  303,        305,        443,       10.1,        101,       5.05   ,  -0.644901
          2,  304,        774,        888,       10.1,        101,       5.05   , -0.0928825
          2,  305,        433,        559,       10.1,        101,       5.05   ,  -0.361613
          2,  306,         94,         17,       10.1,        101,       5.05   ,   0.611207
          2,  307,        735,        344,       10.1,        101,       5.05   ,  0.0668394
          2,  308,         67,        965,       10.1,        101,       5.05   ,    1.41113
          2,  309,        825,        640,       10.1,        101,       5.05   ,   -1.17645
          2,  310,        803,        320,       10.1,        101,       5.05   ,   0.084834
          2,  311,        738,        547,       10.1,        101,       5.05   ,  -0.929594
          2,  312,        573,        685,       10.1,        101,       5.05   ,    1.07055
          2,  313,        384,        358,       10.1,        101,       5.05   ,   -1.50505
          2,  314,         84,         16,       10.1,        101,       5.05   ,   -1.04091
          2,  315,        602,        667,       10.1,        101,       5.05   ,   0.721938
          2,  316,        303,        712,       10.1,        101,       5.05   ,   0.564458
          2,  317,        824,         95,       10.1,        101,       5.05   ,    -0.7511
          2,  318,        665,        795,       10.1,        101,       5.05   ,  -0.999412
          2,  319,        206,        378,       10.1,        101,       5.05   ,   0.271042
          2,  320,        935,        184,       10.1,        101,       5.05   ,   -1.04928
          2,  321,         11,        709,       10.1,        101,       5.05   ,   0.741019
          2,  322,        469,         70,       10.1,        101,       5.05   ,   0.110871
          2,  323,        218,        117,       10.1,        101,       5.05   , -0.0892763
          2,  324,        187,        971,       10.1,        101,       5.05   ,    1.55739
          2,  325,        656,        730,       10.1,        101,       5.05   ,  -0.996275
          2,  326,         58,        808,       10.1,        101,       5.05   ,   0.378962
          2,  327,        131,        560,       10.1,        101,       5.05   ,    1.38401
          2,  328,        155,        164,       10.1,        101,       5.05   ,    -1.1492
          2,  329,        683,        844,       10.1,        101,       5.05   ,    1.52478
          2,  330,        716,        778,       10.1,        101,       5.05   ,  -0.351748
          2,  331,          3,        829,       10.1,        101,       5.05   ,  -0.860133
          2,  332,        752,        431,       10.1,        101,       5.05   ,  -0.831471
          2,  333,        377,        705,       10.1,        101,       5.05   ,    1.03741
          2,  334,        282,        864,       10.1,        101,       5.05   ,    0.54363
          2,  335,        398,        982,       10.1,        101,       5.05   ,   0.721628
          2,  336,         50,        438,       10.1,        101,       5.05   ,  -0.442806
          2,  337,        837,        515,       10.1,        101,       5.05   ,   0.122268
          2,  338,        238,        336,       10.1,        101,       5.05   ,    -1.4672
          2,  339,        582,        544,       10.1,        101,       5.05   ,  -0.765027
          2,  340,        698,        498,       10.1,        101,       5.05   ,     1.0476
          2,  341,        110,         15,       10.1,        101,       5.05   ,   -1.55855
          2,  342,        744,        604,       10.1,        101,       5.05   ,   0.779781
          2,  343,        975,        305,       10.1,        101,       5.05   ,  -0.900508
          2,  344,        284,        666,       10.1,        101,       5.05   ,   0.965367
          2,  345,        462,        479,       10.1,        101,       5.05   ,  -0.613448
          2,  346,        787,        930,       10.1,        101,       5.05   ,  -0.554899
          2,  347,        937,        400,       10.1,        101,       5.05   ,  -0.803815
          2,  348,        743,        166,       10.1,        101,       5.05   ,   -1.51528
          2,  349,        261,        486,       10.1,        101,       5.05   ,  -0.753537
          2,  350,         51,        245,       10.1,        101,       5.05   ,   -0.96559
          2,  351,        878,        210,       10.1,        101,       5.05   ,   0.904195
          2,  352,        816,        164,       10.1,        101,       5.05   ,   0.812518
          2,  353,        567,        572,       10.1,        101,       5.05   ,   -1.21107
          2,  354,        115,        403,       10.1,        101,       5.05   ,  -0.507642
          2,  355,         82,         84,       10.1,        101,       5.05   ,   0.771582
          2,  356,         88,        845,       10.1,        101,       5.05   ,    1.29885
          2,  357,        580,         96,       10.1,        101,       5.05   ,    1.54407
          2,  358,        262,        981,       10.1,        101,       5.05   ,  -0.224963
          2,  359,        902,        232,       10.1,        101,       5.05   ,   -1.42909
          2,  360,        242,        553,       10.1,        101,       5.05   , -0.0293958
          2,  361,        946,        786,       10.1,        101,       5.05   ,  -0.855223
          2,  362,        892,        776,       10.1,        101,       5.05   ,    1.34579
          2,  363,         82,        488,       10.1,        101,       5.05   ,  -0.881139
          2,  364,        572,         84,       10.1,        101,       5.05   ,   0.483922
          2,  365,        510,          3,       10.1,        101,       5.05   ,    0.24956
          2,  366,        563,        271,       10.1,        101,       5.05   ,    1.40145
          2,  367,        401,        107,       10.1,        101,       5.05   ,   0.222546
          2,  368,        761,        175,       10.1,        101,       5.05   ,   -1.11996
          2,  369,        217,        228,       10.1,        101,       5.05   ,    1.19261
          2,  370,         70,        195,       10.1,        101,       5.05   ,   0.107594
          2,  371,        269,        956,       10.1,        101,       5.05   ,   0.081815
          2,  372,        816,        747,       10.1,        101,       5.05   ,   0.438008
          2,  373,        353,        406,       10.1,        101,       5.05   ,   -1.53909
          2,  374,        639,         78,       10.1,        101,       5.05   ,    1.10211
          2,  375,        633,         17,       10.1,        101,       5.05   ,  -0.411564
          2,  376,        112,        902,       10.1,        101,       5.05   ,  0.0185408
          2,  377,        173,        178,       10.1,        101,       5.05   ,    1.12967
          2,  378,         82,        712,       10.1,        101,       5.05   ,    0.27899
          2,  379,        883,        552,       10.1,        101,       5.05   ,  -0.576175
          2,  380,         80,        929,       10.1,        101,       5.05   ,   0.542022
          2,  381,        351,        927,       10.1,        101,       5.05   ,   0.227855
          2,  382,        325,        800,       10.1,        101,       5.05   ,    1.36608
          2,  383,        744,        419,       10.1,        101,       5.05   ,     1.1331
          2,  384,        284,        213,       10.1,        101,       5.05   ,   0.412138
          2,  385,         91,        657,       10.1,        101,       5.05   ,  -0.903417
          2,  386,        810,        753,       10.1,        101,       5.05   ,  -0.511363
          2,  387,         40,        485,       10.1,        101,       5.05   ,  -0.416471
          2,  388,        858,        169,       10.1,        101,       5.05   ,    1.36758
          2,  389,        786,        233,       10.1,        101,       5.05   ,   0.655379
          2,  390,         86,         61,       10.1,        101,       5.05   ,   -1.36274
          2,  391,        661,        680,       10.1,        101,       5.05   ,   -1.42133
          2,  392,        821,         71,       10.1,        101,       5.05   ,   0.274386
          2,  393,        985,        427,       10.1,        101,       5.05   ,  0.0408777
          2,  394,         91,        893,       10.1,        101,       5.05   ,   0.703805
          2,  395,        878,        722,       10.1,        101,       5.05   ,   -1.00772
          2,  396,        719,        546,       10.1,        101,       5.05   ,  -0.724105
          2,  397,        665,        304,       10.1,        101,       5.05   ,     1.2984
          2,  398,        371,        759,       10.1,        101,       5.05   ,   0.596653
          2,  399,        519,        474,       10.1,        101,       5.05   ,   0.260494
          2,  400,        261,         97,       10.1,        101,       5.05   ,    0.36042
          2,  401,         76,        570,       10.1,        101,       5.05   ,   -1.16157
          2,  402,        319,        380,       10.1,        101,       5.05   ,    1.22518
          2,  403,        540,        424,       10.1,        101,       5.05   ,   0.817623
          2,  404,        786,        378,       10.1,        101,       5.05   ,   -1.14657
          2,  405,        308,        828,       10.1,        101,       5.05   ,   0.132139
          2,  406,        793,        382,       10.1,        101,       5.05   ,    0.61525
          2,  407,         42,        553,       10.1,        101,       5.05   ,  -0.446982
          2,  408,        657,        357,       10.1,        101,       5.05   ,    1.34583
          2,  409,        591,        178,       10.1,        101,       5.05   ,   0.651437
          2,  410,        111,        835,       10.1,        101,       5.05   ,  -0.420167
          2,  411,         53,        633,       10.1,        101,       5.05   ,   -1.41563
          2,  412,        423,        515,       10.1,        101,       5.05   ,  -0.167552
          2,  413,        374,        435,       10.1,        101,       5.05   ,  -0.888216
          2,  414,        977,        117,       10.1,        101,       5.05   , -0.0121918
          2,  415,        325,        595,       10.1,        101,       5.05   ,  -0.349526
          2,  416,        698,        105,       10.1,        101,       5.05   ,   -1.51433
          2,  417,        175,        648,       10.1,        101,       5.05   ,  -0.268693
          2,  418,        174,        423,       10.1,        101,       5.05   ,  -0.650084
          2,  419,        766,        782,       10.1,        101,       5.05   ,   0.533846
          2,  420,        428,        601,       10.1,        101,       5.05   ,    0.28611
          2,  421,        875,        536,       10.1,        101,       5.05   ,   0.267339
          2,  422,        456,        586,       10.1,        101,       5.05   ,  -0.334549
          2,  423,        418,        663,       10.1,        101,       5.05   ,   0.964914
          2,  424,        795,        888,       10.1,        101,       5.05   ,   -1.02542
          2,  425,         47,        440,       10.1,        101,       5.05   ,  -0.098003
          2,  426,        980,        134,       10.1,        101,       5.05   ,  -0.729123
          2,  427,        332,        143,       10.1,        101,       5.05   ,    1.16481
          2,  428,        297,        459,       10.1,        101,       5.05   ,   0.106719
          2,  429,        920,        375,       10.1,        101,       5.05   ,   -1.54807
          2,  430,        114,        101,       10.1,        101,       5.05   ,    1.03003
          2,  431,        844,        915,       10.1,        101,       5.05   ,    1.52292
          2,  432,        880,        478,       10.1,        101,       5.05   ,   0.523205
          2,  433,          6,         64,       10.1,        101,       5.05   ,   -1.25262
          2,  434,        207,        290,       10.1,        101,       5.05   ,    0.98192
          2,  435,        198,        760,       10.1,        101,       5.05   , -0.0915265
          2,  436,        974,        143,       10.1,        101,       5.05   ,    -1.2934
          2,  437,        709,        658,       10.1,        101,       5.05   ,  -0.132797
          2,  438,        466,        917,       10.1,        101,       5.05   ,   -1.11657
          2,  439,        417,        770,       10.1,        101,       5.05   ,   0.521289
          2,  440,        433,        355,       10.1,        101,       5.05   ,   0.070039
          2,  441,        913,        257,       10.1,        101,       5.05   ,   -0.16015
          2,  442,        789,        347,       10.1,        101,       5.05   ,  -0.123569
          2,  443,        541,        272,       10.1,        101,       5.05   ,   0.794548
          2,  444,        615,        262,       10.1,        101,       5.05   ,    1.06017
          2,  445,        960,        181,       10.1,        101,       5.05   ,   0.551032
          2,  446,        558,        688,       10.1,        101,       5.05   ,   -1.13611
          2,  447,        385,        355,       10.1,        101,       5.05   ,     1.5196
          2,  448,        838,        544,       10.1,        101,       5.05   ,  -0.521675
          2,  449,        852,        207,       10.1,        101,       5.05   ,   0.282521
          2,  450,        450,        281,       10.1,        101,       5.05   ,   0.455848
          2,  451,        539,         56,       10.1,        101,       5.05   ,   -0.24749
          2,  452,        867,        305,       10.1,        101,       5.05   ,   -1.37098
          2,  453,        284,        682,       10.1,        101,       5.05   ,   0.289266
          2,  454,        934,        982,       10.1,        101,       5.05   ,   0.415954
          2,  455,        953,        795,       10.1,        101,       5.05   ,   0.824179
          2,  456,         88,        377,       10.1,        101,       5.05   ,    1.35855
          2,  457,        657,        518,       10.1,        101,       5.05   ,  -0.670347
          2,  458,        338,        329,       10.1,        101,       5.05   ,   -1.45685
          2,  459,        587,        923,       10.1,        101,       5.05   ,    1.56617
          2,  460,        553,        278,       10.1,        101,       5.05   ,   0.920351
          2,  461,        504,        887,       10.1,        101,       5.05   ,   0.548055
          2,  462,        339,        260,       10.1,        101,       5.05   ,   -1.05912
          2,  463,        728,        839,       10.1,        101,       5.05   ,   0.930092
          2,  464,        741,        288,       10.1,        101,       5.05   ,   0.893786
          2,  465,        153,        855,       10.1,        101,       5.05   ,  -0.209647
          2,  466,        166,        928,       10.1,        101,       5.05   , -0.0713133
          2,  467,        829,        896,       10.1,        101,       5.05   ,   0.652913
          2,  468,        897,        611,       10.1,        101,       5.05   , -0.0393282
          2,  469,        866,        899,       10.1,        101,       5.05   ,   0.876874
          2,  470,         46,        782,       10.1,        101,       5.05   ,   0.353877
          2,  471,        536,         17,       10.1,        101,       5.05   ,  -0.916989
          2,  472,        732,        960,       10.1,        101,       5.05   ,   -0.83276
          2,  473,        200,        571,       10.1,        101,       5.05   ,    1.05166
          2,  474,        312,        440,       10.1,        101,       5.05   ,    -1.5585
          2,  475,        229,        683,       10.1,        101,       5.05   ,   0.245331
          2,  476,        173,        621,       10.1,        101,       5.05   ,   -1.37942
          2,  477,        854,        937,       10.1,        101,       5.05   ,   0.381873
          2,  478,        543,        382,       10.1,        101,       5.05   ,    1.16829
          2,  479,        884,        859,       10.1,        101,       5.05   ,   0.082251
          2,  480,        619,         25,       10.1,        101,       5.05   ,   0.738543
          2,  481,        796,        571,       10.1,        101,       5.05   ,   0.216915
          2,  482,        215,        482,       10.1,        101,       5.05   ,   0.686181
          2,  483,        240,        693,       10.1,        101,       5.05   ,  -0.217167
          2,  484,        431,        321,       10.1,        101,       5.05   ,  -0.444122
          2,  485,        740,        800,       10.1,        101,       5.05   ,   0.944101
          2,  486,          2,        828,       10.1,        101,       5.05   ,    1.01516
          2,  487,        735,        404,       10.1,        101,       5.05   ,    -1.5594
          2,  488,        824,        321,       10.1,        101,       5.05   ,  -0.532585
          2,  489,         50,         31,       10.1,        101,       5.05   ,   0.113743
          2,  490,        409,        536,       10.1,        101,       5.05   ,  -0.922189
          2,  491,        491,        981,       10.1,        101,       5.05   ,   0.347659
          2,  492,        914,        901,       10.1,        101,       5.05   ,   0.949287
          2,  493,        851,        745,       10.1,        101,       5.05   ,   -0.37295
          2,  494,        936,        417,       10.1,        101,       5.05   ,    1.09326
          2,  495,        387,        687,       10.1,        101,       5.05   ,   -0.69032
          2,  496,        730,         71,       10.1,        101,       5.05   ,    1.14608
          2,  497,        441,        202,       10.1,        101,       5.05   ,  -0.258938
          2,  498,        473,        577,       10.1,        101,       5.05   ,  -0.732382
          2,  499,        475,        350,       10.1,        101,       5.05   ,  -0.450507
          2,  500,        763,        462,       10.1,        101,       5.05   ,   0.284334
          2,  501,        734,        822,       10.1,        101,       5.05   ,   0.992318
          2,  502,        712,        388,       10.1,        101,       5.05   ,   0.290423
          2,  503,        154,        167,       10.1,        101,       5.05   ,   0.645631
          2,  504,        348,        918,       10.1,        101,       5.05   ,  -0.232631
          2,  505,        490,        737,       10.1,        101,       5.05   ,  -0.979851
          2,  506,         15,        123,       10.1,        101,       5.05   ,    0.99746
          2,  507,        344,        839,       10.1,        101,       5.05   ,    1.24011
          2,  508,        387,        185,       10.1,        101,       5.05   ,  -0.578814
          2,  509,        230,        353,       10.1,        101,       5.05   ,  -0.395696
          2,  510,        835,         56,       10.1,        101,       5.05   ,  -0.970546
          2,  511,        212,        624,       10.1,        101,       5.05   , 0.00335957
          2,  512,        696,        837,       10.1,        101,       5.05   ,   0.478091
          2,  513,        224,         30,       10.1,        101,       5.05   ,   -1.41279
          2,  514,        790,        718,       10.1,        101,       5.05   ,  -0.842208
          2,  515,        960,        451,       10.1,        101,       5.05   ,   0.978986
          2,  516,         96,        869,       10.1,        101,       5.05   ,  -0.429426
          2,  517,        142,        443,       10.1,        101,       5.05   ,   0.421457
          2,  518,        191,        130,       10.1,        101,       5.05   ,   0.431031
          2,  519,        565,        700,       10.1,        101,       5.05   ,  -0.733571
          2,  520,        791,        605,       10.1,        101,       5.05   ,    1.49996
          2,  521,        313,        339,       10.1,        101,       5.05   ,  -0.979843
          2,  522,        607,        508,       10.1,        101,       5.05   ,    -1.0077
          2,  523,        439,        336,       10.1,        101,       5.05   ,  -0.177921
          2,  524,        878,         81,       10.1,        101,       5.05   ,  -0.340089
          2,  525,        673,         12,       10.1,        101,       5.05   ,  -0.211588
          2,  526,        477,        765,       10.1,        101,       5.05   ,   0.574435
          2,  527,        317,        420,       10.1,        101,       5.05   ,  -0.418783
          2,  528,        618,        975,       10.1,        101,       5.05   ,   -1.17299
          2,  529,        612,        622,       10.1,        101,       5.05   ,  -0.502939
          2,  530,        717,        816,       10.1,        101,       5.05   ,   0.506946
          2,  531,        547,        825,       10.1,        101,       5.05   ,   0.503446
          2,  532,        411,        816,       10.1,        101,       5.05   ,  -0.893584
          2,  533,        353,        225,       10.1,        101,       5.05   ,   0.282311
          2,  534,        344,        351,       10.1,        101,       5.05   ,   0.683296
          2,  535,         30,        274,       10.1,        101,       5.05   ,    1.19084
          2,  536,        549,        926,       10.1,        101,       5.05   ,  -0.309018
          2,  537,        142,        784,       10.1,        101,       5.05   ,   0.878436
          2,  538,        101,        672,       10.1,        101,       5.05   ,   -1.29819
          2,  539,        339,        555,       10.1,        101,       5.05   ,   -1.32458
          2,  540,        996,        463,       10.1,        101,       5.05   ,  -0.662895
          2,  541,        519,         11,       10.1,        101,       5.05   ,  -0.897487
          2,  542,        528,        758,       10.1,        101,       5.05   ,   0.548021
          2,  543,        421,        468,       10.1,        101,       5.05   ,    1.32268
          2,  544,        737,        325,       10.1,        101,       5.05   ,  -0.999506
          2,  545,        790,        873,       10.1,        101,       5.05   ,    1.51839
          2,  546,        949,        366,       10.1,        101,       5.05   ,     1.0767
          2,  547,        476,        830,       10.1,        101,       5.05   ,  -0.105291
          2,  548,        841,        318,       10.1,        101,       5.05   ,  -0.574439
          2,  549,        866,        738,       10.1,        101,       5.05   ,   0.514715
          2,  550,        894,        707,       10.1,        101,       5.05   ,  -0.190752
          2,  551,        423,         23,       10.1,        101,       5.05   ,    0.38899
          2,  552,        506,        386,       10.1,        101,       5.05   ,    -0.9051
          2,  553,        182,        430,       10.1,        101,       5.05   ,   0.125402
          2,  554,        185,        198,       10.1,        101,       5.05   ,    1.45862
          2,  555,        144,        246,       10.1,        101,       5.05   ,  -0.131182
          2,  556,        849,         19,       10.1,        101,       5.05   ,   0.449647
          2,  557,         97,        625,       10.1,        101,       5.05   ,   0.314685
          2,  558,        486,        979,       10.1,        101,       5.05   ,   -1.35934
          2,  559,          9,        661,       10.1,        101,       5.05   ,   0.869336
          2,  560,        261,        112,       10.1,        101,       5.05   ,   -1.18455
          2,  561,        346,        841,       10.1,        101,       5.05   ,  -0.407202
          2,  562,        853,        582,       10.1,        101,       5.05   ,  -0.884385
          2,  563,        707,         54,       10.1,        101,       5.05   ,    0.16564
          2,  564,        304,        494,       10.1,        101,       5.05   ,   -1.15555
          2,  565,        976,        129,       10.1,        101,       5.05   ,  -0.998781
          2,  566,        302,        651,       10.1,        101,       5.05   ,    1.01843
          2,  567,        305,        949,       10.1,        101,       5.05   ,   0.450299
          2,  568,        474,         75,       10.1,        101,       5.05   ,    0.30788
          2,  569,          7,        477,       10.1,        101,       5.05   ,   0.336392
          2,  570,        153,        779,       10.1,        101,       5.05   ,   0.365751
          2,  571,        879,        495,       10.1,        101,       5.05   ,   -1.10349
          2,  572,        487,        348,       10.1,        101,       5.05   ,   0.969037
          2,  573,        882,        113,       10.1,        101,       5.05   ,    1.42622
          2,  574,        409,         51,       10.1,        101,       5.05   ,   -1.40778
          2,  575,        460,        473,       10.1,        101,       5.05   ,  -0.108628
          2,  576,        990,        461,       10.1,        101,       5.05   ,  -0.164365
          2,  577,        941,        137,       10.1,        101,       5.05   ,  -0.858877
          2,  578,        604,         89,       10.1,        101,       5.05   ,   0.472368
          2,  579,        524,        743,       10.1,        101,       5.05   ,   0.253017
          2,  580,        497,        711,       10.1,        101,       5.05   ,   -1.14966
          2,  581,        809,        667,       10.1,        101,       5.05   ,   -0.52154
          2,  582,        622,         21,       10.1,        101,       5.05   ,   0.409072
          2,  583,        264,        179,       10.1,        101,       5.05   ,    0.74667
          2,  584,        168,         11,       10.1,        101,       5.05   ,   0.499271
          2,  585,        120,        181,       10.1,        101,       5.05   ,   0.841276
          2,  586,         35,        541,       10.1,        101,       5.05   ,-0.00074317
          2,  587,        375,        771,       10.1,        101,       5.05   ,   -1.42617
          2,  588,        656,        735,       10.1,        101,       5.05   ,    1.27542
          2,  589,        803,        760,       10.1,        101,       5.05   ,  -0.715754
          2,  590,        795,        539,       10.1,        101,       5.05   ,   0.473876
          2,  591,        459,        531,       10.1,        101,       5.05   ,    -1.0092
          2,  592,        965,        268,       10.1,        101,       5.05   ,   -1.55295
          2,  593,        448,          7,       10.1,        101,       5.05   ,   0.587867
          2,  594,        608,        162,       10.1,        101,       5.05   ,  -0.603713
          2,  595,        816,        644,       10.1,        101,       5.05   ,   0.621896
          2,  596,        671,        972,       10.1,        101,       5.05   ,   -1.31723
          2,  597,        403,        781,       10.1,        101,       5.05   ,  -0.780929
          2,  598,        802,        156,       10.1,        101,       5.05   ,    1.10693
          2,  599,        527,        800,       10.1,        101,       5.05   ,   -1.16812
          2,  600,        206,        495,       10.1,        101,       5.05   ,  -0.397707
          2,  601,        678,        793,       10.1,        101,       5.05   ,  -0.872547
          2,  602,        191,        903,       10.1,        101,       5.05   ,  -0.832826
          2,  603,        198,        827,       10.1,        101,       5.05   ,   0.824502
          2,  604,        937,        755,       10.1,        101,       5.05   ,  -0.997781
          2,  605,        854,        148,       10.1,        101,       5.05   ,    0.77364
          2,  606,        502,        603,       10.1,        101,       5.05   ,   -1.51852
          2,  607,         55,        948,       10.1,        101,       5.05   ,  -0.772691
          2,  608,        879,        248,       10.1,        101,       5.05   ,    1.51382
          2,  609,        574,        394,       10.1,        101,       5.05   , -0.0353695
          2,  610,        533,        675,       10.1,        101,       5.05   ,  -0.617296
          2,  611,        870,        279,       10.1,        101,       5.05   ,  -0.368439
          2,  612,        552,        202,       10.1,        101,       5.05   ,  -0.141778
          2,  613,        171,         67,       10.1,        101,       5.05   ,   0.165845
          2,  614,        742,        110,       10.1,        101,       5.05   ,  -0.913194
          2,  615,         28,        611,       10.1,        101,       5.05   ,    1.05682
          2,  616,        852,        805,       10.1,        101,       5.05   ,   -1.13301
          2,  617,        342,        763,       10.1,        101,       5.05   ,  -0.276014
          2,  618,        799,        239,       10.1,        101,       5.05   ,  -0.843553
          2,  619,         54,        658,       10.1,        101,       5.05   ,   0.676651
          2,  620,         34,        432,       10.1,        101,       5.05   ,  -0.821497
          2,  621,        644,        686,       10.1,        101,       5.05   , 0.00871687
          2,  622,        293,        281,       10.1,        101,       5.05   , -0.0616736
          2,  623,          2,        844,       10.1,        101,       5.05   ,  -0.241676
          2,  624,        674,         82,       10.1,        101,       5.05   ,  -0.723404
          2,  625,        881,        717,       10.1,        101,       5.05   ,   -1.12521
          2,  626,        577,        686,       10.1,        101,       5.05   ,  -0.220024
          2,  627,        906,        540,       10.1,        101,       5.05   ,   -1.06319
          2,  628,        354,        581,       10.1,        101,       5.05   ,  -0.976155
          2,  629,        716,        619,       10.1,        101,       5.05   ,   -1.14793
          2,  630,        555,        747,       10.1,        101,       5.05   ,    1.15495
          2,  631,        948,        809,       10.1,        101,       5.05   ,  -0.934747
          2,  632,        140,        893,       10.1,        101,       5.05   ,   -1.31484
          2,  633,        960,        162,       10.1,        101,       5.05   ,   -1.07959
          2,  634,        112,        649,       10.1,        101,       5.05   ,   0.393619
          2,  635,         48,        748,       10.1,        101,       5.05   ,   -1.34337
          2,  636,        139,        454,       10.1,        101,       5.05   ,   0.213505
          2,  637,        679,         87,       10.1,        101,       5.05   ,   -1.21127
          2,  638,        702,        995,       10.1,        101,       5.05   ,   0.249493
          2,  639,        378,        631,       10.1,        101,       5.05   ,   -1.44117
          2,  640,        978,        865,       10.1,        101,       5.05   ,    1.17993
          2,  641,        525,        287,       10.1,        101,       5.05   ,   -0.92386
          2,  642,        376,        911,       10.1,        101,       5.05   , -0.0611884
          2,  643,        374,        287,       10.1,        101,       5.05   ,  -0.938021
          2,  644,        440,        516,       10.1,        101,       5.05   ,   -0.99227
          2,  645,        702,        866,       10.1,        101,       5.05   ,   0.951433
          2,  646,        465,        317,       10.1,        101,       5.05   ,   0.376717
          2,  647,        842,        664,       10.1,        101,       5.05   ,   -1.00229
          2,  648,        845,        722,       10.1,        101,       5.05   ,   -1.54743
          2,  649,        716,        945,       10.1,        101,       5.05   ,   -1.03427
          2,  650,        170,        386,       10.1,        101,       5.05   ,   0.260012
------------------------------------------------------------------------------
Component[2] Total Sloped Parallelepiped = 650