Component 2 maximum area=0.323322 [on 1000x1000]
Component type: Sloped rectangle
---------------------------------------------------------------------------------------
--------------|------- Center-----|----- dimensions---------|----------------------
component| id|   X        |     Y    |  Width/a     | height/b |   hoop   |   Slope    
---------------------------------------------------------------------------------------
          2,    1,        128,        875,       10.1,        101,       5.05   ,    0.27306
          2,    2,        486,        654,       10.1,        101,       5.05   ,    0.31869
          2,    3,         73,        617,       10.1,        101,       5.05   ,   -1.42662
          2,    4,        605,        426,       10.1,        101,       5.05   ,  -0.878607
          2,    5,        104,        699,       10.1,        101,       5.05   ,   -1.28867
          2,    6,        147,        721,       10.1,        101,       5.05   ,  -0.950667
          2,    7,        124,        863,       10.1,        101,       5.05   , -0.0353193
          2,    8,        533,        486,       10.1,        101,       5.05   ,   0.493674
          2,    9,        251,        442,       10.1,        101,       5.05   ,   -1.17541
          2,   10,        901,          8,       10.1,        101,       5.05   ,  -0.734258
          2,   11,        641,        594,       10.1,        101,       5.05   ,   0.503609
          2,   12,        603,        486,       10.1,        101,       5.05   , 0.00710381
          2,   13,        267,        956,       10.1,        101,       5.05   ,    1.16296
          2,   14,        681,        510,       10.1,        101,       5.05   ,   0.162009
          2,   15,        766,        711,       10.1,        101,       5.05   ,   0.895175
          2,   16,         14,        896,       10.1,        101,       5.05   ,   0.165103
          2,   17,        434,        153,       10.1,        101,       5.05   ,  -0.576673
          2,   18,        244,        610,       10.1,        101,       5.05   ,   0.244024
          2,   19,        813,        471,       10.1,        101,       5.05   , -0.0660088
          2,   20,        984,        277,       10.1,        101,       5.05   ,   0.362592
          2,   21,        926,        243,       10.1,        101,       5.05   ,  -0.958511
          2,   22,        811,        398,       10.1,        101,       5.05   ,  -0.198405
          2,   23,        226,          9,       10.1,        101,       5.05   ,   -1.48173
          2,   24,        564,        150,       10.1,        101,       5.05   ,   0.923961
          2,   25,        731,        408,       10.1,        101,       5.05   ,   0.112919
          2,   26,        734,        313,       10.1,        101,       5.05   ,    1.01405
          2,   27,        578,        623,       10.1,        101,       5.05   , -0.0315796
          2,   28,        358,        795,       10.1,        101,       5.05   ,    1.12729
          2,   29,        117,        168,       10.1,        101,       5.05   ,  -0.705917
          2,   30,        818,        992,       10.1,        101,       5.05   ,   0.137063
          2,   31,        470,        635,       10.1,        101,       5.05   ,  -0.816868
          2,   32,        303,         26,       10.1,        101,       5.05   ,    1.25694
          2,   33,        560,        551,       10.1,        101,       5.05   , -0.0675711
          2,   34,        300,        631,       10.1,        101,       5.05   ,  0.0610215
          2,   35,        982,          3,       10.1,        101,       5.05   ,   0.794853
          2,   36,         60,        537,       10.1,        101,       5.05   ,  -0.740051
          2,   37,        905,        602,       10.1,        101,       5.05   ,   0.180256
          2,   38,        274,        895,       10.1,        101,       5.05   ,  -0.440084
          2,   39,        737,        451,       10.1,        101,       5.05   ,    0.45526
          2,   40,        881,         98,       10.1,        101,       5.05   ,  -0.608568
          2,   41,        984,        702,       10.1,        101,       5.05   ,     1.4439
          2,   42,        156,        200,       10.1,        101,       5.05   ,-0.000370202
          2,   43,        439,         76,       10.1,        101,       5.05   ,  -0.256792
          2,   44,        447,        106,       10.1,        101,       5.05   ,  -0.227002
          2,   45,        877,        698,       10.1,        101,       5.05   ,   0.235274
          2,   46,        984,        276,       10.1,        101,       5.05   ,   -1.45359
          2,   47,        260,        660,       10.1,        101,       5.05   ,  -0.186157
          2,   48,        113,        438,       10.1,        101,       5.05   ,  0.0439121
          2,   49,        441,        986,       10.1,        101,       5.05   ,   0.613994
          2,   50,         26,        478,       10.1,        101,       5.05   ,   0.185446
          2,   51,        235,        919,       10.1,        101,       5.05   ,    0.11861
          2,   52,        707,        596,       10.1,        101,       5.05   ,  -0.845936
          2,   53,        219,        613,       10.1,        101,       5.05   ,   0.417963
          2,   54,        849,        520,       10.1,        101,       5.05   ,    1.06222
          2,   55,        483,        500,       10.1,        101,       5.05   ,  -0.711777
          2,   56,        729,        843,       10.1,        101,       5.05   ,     1.4613
          2,   57,        838,         98,       10.1,        101,       5.05   ,   0.084776
          2,   58,        496,        761,       10.1,        101,       5.05   ,   -1.21029
          2,   59,         76,        250,       10.1,        101,       5.05   ,   0.157549
          2,   60,        942,        257,       10.1,        101,       5.05   ,   0.719485
          2,   61,        355,        322,       10.1,        101,       5.05   ,  -0.306591
          2,   62,        653,        642,       10.1,        101,       5.05   , -0.0946629
          2,   63,        394,        408,       10.1,        101,       5.05   ,   0.392998
          2,   64,         43,        633,       10.1,        101,       5.05   ,    1.39034
          2,   65,        768,        643,       10.1,        101,       5.05   ,   0.380661
          2,   66,        573,        979,       10.1,        101,       5.05   ,   -1.37553
          2,   67,        815,        124,       10.1,        101,       5.05   ,  -0.671186
          2,   68,        524,        716,       10.1,        101,       5.05   ,    0.28568
          2,   69,        281,        510,       10.1,        101,       5.05   ,   0.172181
          2,   70,        956,        445,       10.1,        101,       5.05   ,   0.866357
          2,   71,        762,        729,       10.1,        101,       5.05   ,    1.23348
          2,   72,        153,        808,       10.1,        101,       5.05   ,   0.612551
          2,   73,        739,        977,       10.1,        101,       5.05   ,   0.195643
          2,   74,        777,        136,       10.1,        101,       5.05   ,   -1.01182
          2,   75,        939,        720,       10.1,        101,       5.05   ,  0.0376211
          2,   76,         85,        598,       10.1,        101,       5.05   ,    1.18502
          2,   77,        136,        845,       10.1,        101,       5.05   ,   0.886774
          2,   78,        805,        310,       10.1,        101,       5.05   ,   -1.25602
          2,   79,        128,        900,       10.1,        101,       5.05   ,    1.02745
          2,   80,         13,        548,       10.1,        101,       5.05   ,   0.487679
          2,   81,        221,        248,       10.1,        101,       5.05   ,  -0.886515
          2,   82,        512,        312,       10.1,        101,       5.05   ,    1.04217
          2,   83,         28,        615,       10.1,        101,       5.05   ,   0.619915
          2,   84,        992,          3,       10.1,        101,       5.05   ,    -1.3514
          2,   85,        807,         83,       10.1,        101,       5.05   ,   0.790254
          2,   86,        542,        419,       10.1,        101,       5.05   ,   -0.26374
          2,   87,        753,        337,       10.1,        101,       5.05   ,   0.256853
          2,   88,        354,        835,       10.1,        101,       5.05   ,   -0.24232
          2,   89,        576,        780,       10.1,        101,       5.05   ,    1.23382
          2,   90,        744,        801,       10.1,        101,       5.05   ,   0.569049
          2,   91,        222,        367,       10.1,        101,       5.05   ,  -0.566443
          2,   92,        628,          1,       10.1,        101,       5.05   ,   -0.46376
          2,   93,        807,        118,       10.1,        101,       5.05   ,  -0.455143
          2,   94,        207,        424,       10.1,        101,       5.05   ,    0.79589
          2,   95,        963,        122,       10.1,        101,       5.05   ,  -0.491835
          2,   96,        412,         53,       10.1,        101,       5.05   ,   -1.07949
          2,   97,        517,        820,       10.1,        101,       5.05   ,    1.36508
          2,   98,        535,        974,       10.1,        101,       5.05   ,   -1.24305
          2,   99,        605,        487,       10.1,        101,       5.05   ,   0.263312
          2,  100,        823,        245,       10.1,        101,       5.05   ,   -1.12365
          2,  101,        134,        694,       10.1,        101,       5.05   ,   0.859447
          2,  102,        492,        926,       10.1,        101,       5.05   ,     1.0134
          2,  103,        559,        889,       10.1,        101,       5.05   ,   0.996387
          2,  104,        111,        255,       10.1,        101,       5.05   ,  -0.633853
          2,  105,        418,        517,       10.1,        101,       5.05   ,   -1.40884
          2,  106,        944,        505,       10.1,        101,       5.05   ,   0.636778
          2,  107,        971,        798,       10.1,        101,       5.05   ,   -1.00939
          2,  108,        954,        284,       10.1,        101,       5.05   ,   0.653915
          2,  109,         93,        645,       10.1,        101,       5.05   ,   0.214844
          2,  110,        400,        455,       10.1,        101,       5.05   ,  -0.142004
          2,  111,        577,        929,       10.1,        101,       5.05   ,     1.4181
          2,  112,        715,        740,       10.1,        101,       5.05   ,   -1.02494
          2,  113,        707,        717,       10.1,        101,       5.05   ,  -0.856869
          2,  114,        716,        299,       10.1,        101,       5.05   ,  -0.492632
          2,  115,        861,        982,       10.1,        101,       5.05   ,   -1.05824
          2,  116,        953,        842,       10.1,        101,       5.05   ,  -0.495662
          2,  117,        508,        537,       10.1,        101,       5.05   ,   -1.37114
          2,  118,        609,        499,       10.1,        101,       5.05   ,   -0.22284
          2,  119,        556,        524,       10.1,        101,       5.05   ,     1.4466
          2,  120,        164,        342,       10.1,        101,       5.05   ,  -0.749623
          2,  121,        829,        806,       10.1,        101,       5.05   ,   -1.25649
          2,  122,        576,         93,       10.1,        101,       5.05   ,   0.187206
          2,  123,        854,        488,       10.1,        101,       5.05   ,    1.25453
          2,  124,        563,        435,       10.1,        101,       5.05   ,   0.108163
          2,  125,        453,        799,       10.1,        101,       5.05   ,   0.363002
          2,  126,        649,        280,       10.1,        101,       5.05   ,   0.103293
          2,  127,        782,         60,       10.1,        101,       5.05   ,  0.0729985
          2,  128,        703,         55,       10.1,        101,       5.05   ,  -0.793373
          2,  129,        482,          1,       10.1,        101,       5.05   ,   0.348765
          2,  130,        674,        375,       10.1,        101,       5.05   ,   -1.33072
          2,  131,        604,        357,       10.1,        101,       5.05   ,      1.215
          2,  132,        145,        170,       10.1,        101,       5.05   ,   -1.06296
          2,  133,        486,        456,       10.1,        101,       5.05   ,     1.2332
          2,  134,         39,        715,       10.1,        101,       5.05   ,  -0.113668
          2,  135,         89,        699,       10.1,        101,       5.05   ,  -0.339618
          2,  136,        472,        615,       10.1,        101,       5.05   ,  -0.357149
          2,  137,          9,        126,       10.1,        101,       5.05   ,  -0.572591
          2,  138,        592,        767,       10.1,        101,       5.05   ,   -1.33225
          2,  139,        467,        230,       10.1,        101,       5.05   ,   -1.09436
          2,  140,        502,        921,       10.1,        101,       5.05   ,   0.613827
          2,  141,        660,         72,       10.1,        101,       5.05   ,   0.500226
          2,  142,         46,        143,       10.1,        101,       5.05   ,   -1.33957
          2,  143,        914,        113,       10.1,        101,       5.05   ,    1.45897
          2,  144,        426,        337,       10.1,        101,       5.05   ,    1.10155
          2,  145,        435,        382,       10.1,        101,       5.05   ,   -1.12843
          2,  146,        698,        234,       10.1,        101,       5.05   ,  -0.358388
          2,  147,        505,        185,       10.1,        101,       5.05   ,   -1.42491
          2,  148,        936,        969,       10.1,        101,       5.05   ,    -1.3925
          2,  149,        736,        682,       10.1,        101,       5.05   ,  -0.676312
          2,  150,         62,        767,       10.1,        101,       5.05   ,   -1.27236
          2,  151,        471,        374,       10.1,        101,       5.05   ,   0.727532
          2,  152,        303,        989,       10.1,        101,       5.05   ,    -1.0192
          2,  153,        431,        968,       10.1,        101,       5.05   ,  -0.517441
          2,  154,        201,        860,       10.1,        101,       5.05   ,   0.127525
          2,  155,        760,        703,       10.1,        101,       5.05   ,    -1.0966
          2,  156,        829,        592,       10.1,        101,       5.05   ,  -0.839056
          2,  157,        418,         35,       10.1,        101,       5.05   ,    1.18518
          2,  158,        298,        203,       10.1,        101,       5.05   ,   0.778745
          2,  159,        309,        769,       10.1,        101,       5.05   ,  -0.207679
          2,  160,        586,        670,       10.1,        101,       5.05   ,   0.355353
          2,  161,        687,        498,       10.1,        101,       5.05   ,    1.27458
          2,  162,        582,        812,       10.1,        101,       5.05   ,    1.16623
          2,  163,         72,         77,       10.1,        101,       5.05   ,   0.420894
          2,  164,        424,        655,       10.1,        101,       5.05   ,    1.17388
          2,  165,        615,        293,       10.1,        101,       5.05   ,  -0.738616
          2,  166,        154,        839,       10.1,        101,       5.05   ,  -0.722462
          2,  167,        517,        997,       10.1,        101,       5.05   ,   -1.23422
          2,  168,        681,        929,       10.1,        101,       5.05   ,   -1.32705
          2,  169,        274,        456,       10.1,        101,       5.05   ,  -0.180062
          2,  170,        120,        800,       10.1,        101,       5.05   ,  -0.729142
          2,  171,        514,        483,       10.1,        101,       5.05   ,   -1.45183
          2,  172,         16,        338,       10.1,        101,       5.05   ,  -0.662692
          2,  173,        632,        881,       10.1,        101,       5.05   ,   -1.07671
          2,  174,        119,        761,       10.1,        101,       5.05   ,    1.52145
          2,  175,        884,        212,       10.1,        101,       5.05   ,   0.599002
          2,  176,        284,        965,       10.1,        101,       5.05   ,  -0.488769
          2,  177,        911,        420,       10.1,        101,       5.05   ,   0.707172
          2,  178,        238,        847,       10.1,        101,       5.05   ,   0.828051
          2,  179,        214,        874,       10.1,        101,       5.05   ,     1.1095
          2,  180,        727,         17,       10.1,        101,       5.05   ,   -1.30979
          2,  181,         81,        890,       10.1,        101,       5.05   ,  -0.785159
          2,  182,        375,         54,       10.1,        101,       5.05   ,  -0.655733
          2,  183,        483,        855,       10.1,        101,       5.05   , -0.0309843
          2,  184,        566,        113,       10.1,        101,       5.05   ,   -1.47888
          2,  185,        502,        426,       10.1,        101,       5.05   ,   -1.48441
          2,  186,        876,        475,       10.1,        101,       5.05   ,   -1.07294
          2,  187,         29,         36,       10.1,        101,       5.05   ,   0.110909
          2,  188,         37,        211,       10.1,        101,       5.05   ,   -1.19164
          2,  189,        522,        752,       10.1,        101,       5.05   ,    0.94672
          2,  190,        515,        642,       10.1,        101,       5.05   ,  0.0358688
          2,  191,        976,        881,       10.1,        101,       5.05   ,     1.1672
          2,  192,        887,        321,       10.1,        101,       5.05   ,    1.53885
          2,  193,        168,        466,       10.1,        101,       5.05   ,   0.622193
          2,  194,        552,        219,       10.1,        101,       5.05   ,   0.521539
          2,  195,        776,        167,       10.1,        101,       5.05   ,    1.20373
          2,  196,        974,        820,       10.1,        101,       5.05   ,    1.39172
          2,  197,        781,        308,       10.1,        101,       5.05   ,    1.24249
          2,  198,        889,        699,       10.1,        101,       5.05   ,    -1.4052
          2,  199,        839,        729,       10.1,        101,       5.05   ,  -0.958291
          2,  200,        271,        584,       10.1,        101,       5.05   ,  -0.714957
          2,  201,        482,        430,       10.1,        101,       5.05   ,   0.936128
          2,  202,        936,        362,       10.1,        101,       5.05   ,  -0.261417
          2,  203,        427,        429,       10.1,        101,       5.05   ,   -1.35855
          2,  204,        426,        772,       10.1,        101,       5.05   ,  0.0548213
          2,  205,        429,        621,       10.1,        101,       5.05   ,   0.063266
          2,  206,        319,        739,       10.1,        101,       5.05   ,  -0.333166
          2,  207,        650,        428,       10.1,        101,       5.05   , -0.0120456
          2,  208,         97,         87,       10.1,        101,       5.05   ,    1.40923
          2,  209,        530,        400,       10.1,        101,       5.05   ,     0.2916
          2,  210,        837,        191,       10.1,        101,       5.05   ,  -0.044883
          2,  211,        986,        721,       10.1,        101,       5.05   ,  -0.328395
          2,  212,        536,        395,       10.1,        101,       5.05   ,    1.13112
          2,  213,        793,        942,       10.1,        101,       5.05   ,   -0.41199
          2,  214,        981,        943,       10.1,        101,       5.05   ,   0.363185
          2,  215,        416,        903,       10.1,        101,       5.05   ,   0.249043
          2,  216,        249,        618,       10.1,        101,       5.05   ,  -0.843575
          2,  217,        627,        319,       10.1,        101,       5.05   ,  -0.653375
          2,  218,        949,        827,       10.1,        101,       5.05   ,     1.1623
          2,  219,         34,        314,       10.1,        101,       5.05   ,   -0.55895
          2,  220,        612,        567,       10.1,        101,       5.05   ,  0.0651558
          2,  221,         47,        279,       10.1,        101,       5.05   ,   -0.31937
          2,  222,        326,        306,       10.1,        101,       5.05   ,  -0.233508
          2,  223,         56,        614,       10.1,        101,       5.05   ,    1.48553
          2,  224,        991,        941,       10.1,        101,       5.05   ,  0.0477543
          2,  225,        425,        936,       10.1,        101,       5.05   ,   0.663214
          2,  226,        399,        235,       10.1,        101,       5.05   ,  -0.571243
          2,  227,        793,        307,       10.1,        101,       5.05   ,    1.15852
          2,  228,        314,        160,       10.1,        101,       5.05   ,   0.613834
          2,  229,        307,        491,       10.1,        101,       5.05   ,  -0.241552
          2,  230,        388,        196,       10.1,        101,       5.05   ,   0.536322
          2,  231,        801,        872,       10.1,        101,       5.05   ,    1.34055
          2,  232,        802,        834,       10.1,        101,       5.05   ,   -1.02879
          2,  233,        109,        879,       10.1,        101,       5.05   ,   0.563938
          2,  234,        473,        768,       10.1,        101,       5.05   ,   -1.13382
          2,  235,        570,         34,       10.1,        101,       5.05   ,   -1.15923
          2,  236,        454,        809,       10.1,        101,       5.05   ,    1.07777
          2,  237,        926,        813,       10.1,        101,       5.05   ,   0.569513
          2,  238,        738,        709,       10.1,        101,       5.05   ,   0.910961
          2,  239,        959,        319,       10.1,        101,       5.05   ,   0.283687
          2,  240,        610,        874,       10.1,        101,       5.05   , -0.0819816
          2,  241,        981,        967,       10.1,        101,       5.05   ,    1.20973
          2,  242,        397,         51,       10.1,        101,       5.05   ,    1.06561
          2,  243,        195,        566,       10.1,        101,       5.05   ,    1.47509
          2,  244,        399,        805,       10.1,        101,       5.05   ,   -0.62228
          2,  245,        987,        181,       10.1,        101,       5.05   ,   0.297892
          2,  246,        515,        156,       10.1,        101,       5.05   ,   0.941151
          2,  247,        198,        879,       10.1,        101,       5.05   ,  -0.651065
          2,  248,        238,        499,       10.1,        101,       5.05   ,    1.37574
          2,  249,        159,        904,       10.1,        101,       5.05   ,  -0.924005
          2,  250,         83,        957,       10.1,        101,       5.05   ,    1.06715
          2,  251,        913,         10,       10.1,        101,       5.05   ,  -0.137073
          2,  252,        647,        967,       10.1,        101,       5.05   ,   0.516259
          2,  253,        848,        678,       10.1,        101,       5.05   ,    1.21164
          2,  254,        975,        716,       10.1,        101,       5.05   ,   -0.33556
          2,  255,        458,        130,       10.1,        101,       5.05   ,  -0.800106
          2,  256,         84,        548,       10.1,        101,       5.05   ,  -0.949161
          2,  257,        308,        505,       10.1,        101,       5.05   ,   -1.24207
          2,  258,        549,        522,       10.1,        101,       5.05   ,   -1.49173
          2,  259,        283,        143,       10.1,        101,       5.05   ,   0.498575
          2,  260,         90,        167,       10.1,        101,       5.05   , -0.0860936
          2,  261,        885,        969,       10.1,        101,       5.05   ,   0.661431
          2,  262,        506,        713,       10.1,        101,       5.05   ,   -1.17815
          2,  263,        396,        787,       10.1,        101,       5.05   ,    1.43977
          2,  264,        244,        905,       10.1,        101,       5.05   ,   0.174598
          2,  265,        686,        281,       10.1,        101,       5.05   ,    1.02755
          2,  266,        864,        123,       10.1,        101,       5.05   ,  -0.467647
          2,  267,        936,        235,       10.1,        101,       5.05   ,  -0.864646
          2,  268,        568,        100,       10.1,        101,       5.05   ,   0.968513
          2,  269,         46,        598,       10.1,        101,       5.05   ,  0.0414601
          2,  270,        595,        770,       10.1,        101,       5.05   ,   0.470499
          2,  271,         56,        657,       10.1,        101,       5.05   ,   0.971054
          2,  272,        813,        894,       10.1,        101,       5.05   ,  -0.430568
          2,  273,        946,        679,       10.1,        101,       5.05   ,   0.592214
          2,  274,        861,        300,       10.1,        101,       5.05   ,   0.928732
          2,  275,         38,        485,       10.1,        101,       5.05   ,  -0.687598
          2,  276,        558,        141,       10.1,        101,       5.05   ,    1.50793
          2,  277,        655,        738,       10.1,        101,       5.05   ,  -0.586272
          2,  278,        236,        925,       10.1,        101,       5.05   ,  -0.675145
          2,  279,        525,        237,       10.1,        101,       5.05   ,  -0.049572
          2,  280,        868,        903,       10.1,        101,       5.05   ,   0.572681
          2,  281,        230,         57,       10.1,        101,       5.05   ,  -0.274919
          2,  282,        527,        548,       10.1,        101,       5.05   ,   0.328516
          2,  283,        510,        994,       10.1,        101,       5.05   ,   0.858759
          2,  284,         47,        355,       10.1,        101,       5.05   ,   -1.22806
          2,  285,        755,         23,       10.1,        101,       5.05   ,     1.5178
          2,  286,        331,        347,       10.1,        101,       5.05   ,   -1.52876
          2,  287,        216,        476,       10.1,        101,       5.05   ,   -1.18676
          2,  288,         29,        678,       10.1,        101,       5.05   ,  -0.468149
          2,  289,         68,        486,       10.1,        101,       5.05   ,   0.710967
          2,  290,        250,        935,       10.1,        101,       5.05   ,   -1.37184
          2,  291,        727,        351,       10.1,        101,       5.05   ,    1.44289
          2,  292,        891,        448,       10.1,        101,       5.05   ,   -1.05866
          2,  293,         91,        595,       10.1,        101,       5.05   ,   -0.83178
          2,  294,        542,        624,       10.1,        101,       5.05   ,  -0.591318
          2,  295,        667,        190,       10.1,        101,       5.05   ,   -1.50969
          2,  296,        201,        398,       10.1,        101,       5.05   ,  -0.368864
          2,  297,         93,         44,       10.1,        101,       5.05   ,   0.752311
          2,  298,        419,        409,       10.1,        101,       5.05   ,   0.785149
          2,  299,        546,        893,       10.1,        101,       5.05   ,    1.43811
          2,  300,        229,        449,       10.1,        101,       5.05   ,    1.32359
          2,  301,        988,         64,       10.1,        101,       5.05   ,     0.1247
          2,  302,        143,        188,       10.1,        101,       5.05   ,    1.05968
          2,  303,         80,         85,       10.1,        101,       5.05   ,  -0.451645
          2,  304,        589,        688,       10.1,        101,       5.05   ,   -1.08381
          2,  305,         92,        868,       10.1,        101,       5.05   ,   -1.38778
          2,  306,        257,        626,       10.1,        101,       5.05   ,   0.363796
          2,  307,        981,        405,       10.1,        101,       5.05   ,   -1.55393
          2,  308,        700,        990,       10.1,        101,       5.05   ,    1.22769
          2,  309,        497,        766,       10.1,        101,       5.05   , 0.00596036
          2,  310,        127,        571,       10.1,        101,       5.05   ,  -0.820999
          2,  311,        506,        458,       10.1,        101,       5.05   ,   -1.38195
          2,  312,        215,        866,       10.1,        101,       5.05   ,  -0.793112
          2,  313,        671,         62,       10.1,        101,       5.05   ,   -1.26244
          2,  314,        155,        397,       10.1,        101,       5.05   ,    0.90801
          2,  315,        798,        892,       10.1,        101,       5.05   ,   0.649762
          2,  316,        160,        902,       10.1,        101,       5.05   ,    1.23185
          2,  317,        294,        775,       10.1,        101,       5.05   ,  -0.220012
          2,  318,         35,        443,       10.1,        101,       5.05   ,   -1.02744
          2,  319,        322,        706,       10.1,        101,       5.05   ,   0.440388
          2,  320,        693,        250,       10.1,        101,       5.05   ,   -1.11108
          2,  321,        591,        368,       10.1,        101,       5.05   ,    1.40287
          2,  322,        928,        181,       10.1,        101,       5.05   ,  -0.753916
          2,  323,        975,        654,       10.1,        101,       5.05   ,   -1.51693
          2,  324,        418,        769,       10.1,        101,       5.05   ,   -1.00607
          2,  325,        602,        596,       10.1,        101,       5.05   ,    1.39638
          2,  326,        804,        303,       10.1,        101,       5.05   ,   -1.12882
          2,  327,        548,        771,       10.1,        101,       5.05   ,   0.430947
          2,  328,        560,        109,       10.1,        101,       5.05   ,   0.504543
          2,  329,         87,        305,       10.1,        101,       5.05   ,   0.161875
          2,  330,         57,        270,       10.1,        101,       5.05   ,  -0.209982
          2,  331,        266,        180,       10.1,        101,       5.05   ,   -1.52849
          2,  332,        180,        485,       10.1,        101,       5.05   ,    1.00426
          2,  333,        545,         64,       10.1,        101,       5.05   ,    1.31707
          2,  334,        984,        508,       10.1,        101,       5.05   ,   -1.30638
          2,  335,        185,         58,       10.1,        101,       5.05   ,  -0.689749
          2,  336,        499,        452,       10.1,        101,       5.05   ,   0.546149
          2,  337,        923,        471,       10.1,        101,       5.05   , -0.0309781
          2,  338,        818,        815,       10.1,        101,       5.05   ,    1.39716
          2,  339,        118,          2,       10.1,        101,       5.05   ,    1.45141
          2,  340,        887,        565,       10.1,        101,       5.05   ,  -0.642493
          2,  341,        267,        259,       10.1,        101,       5.05   ,  0.0759149
          2,  342,        222,        741,       10.1,        101,       5.05   ,  -0.537841
          2,  343,        603,        377,       10.1,        101,       5.05   ,   0.443596
          2,  344,        407,        595,       10.1,        101,       5.05   ,  -0.293829
          2,  345,        976,        845,       10.1,        101,       5.05   ,   0.662436
          2,  346,        426,        258,       10.1,        101,       5.05   ,  -0.365536
          2,  347,        559,        335,       10.1,        101,       5.05   ,   0.497678
          2,  348,        856,        995,       10.1,        101,       5.05   ,    1.18993
          2,  349,        556,        407,       10.1,        101,       5.05   ,    1.17897
          2,  350,        565,        149,       10.1,        101,       5.05   ,    -1.3777
          2,  351,        216,        588,       10.1,        101,       5.05   ,  -0.464885
          2,  352,        678,        504,       10.1,        101,       5.05   ,   0.717801
          2,  353,         53,        886,       10.1,        101,       5.05   ,  -0.451688
          2,  354,        923,        475,       10.1,        101,       5.05   ,   -0.38397
          2,  355,        993,          4,       10.1,        101,       5.05   ,  -0.878011
          2,  356,        886,        217,       10.1,        101,       5.05   ,   -1.07532
          2,  357,        341,        832,       10.1,        101,       5.05   ,    1.21109
          2,  358,        956,        164,       10.1,        101,       5.05   ,   0.478566
          2,  359,        653,        504,       10.1,        101,       5.05   ,   0.326151
          2,  360,        181,        555,       10.1,        101,       5.05   ,  -0.927107
          2,  361,        509,        681,       10.1,        101,       5.05   ,    1.07177
          2,  362,        225,        879,       10.1,        101,       5.05   ,   -1.07798
          2,  363,        742,        579,       10.1,        101,       5.05   ,   -1.03945
          2,  364,        956,        376,       10.1,        101,       5.05   ,   -1.36216
          2,  365,        515,        723,       10.1,        101,       5.05   ,   0.598223
          2,  366,        455,        389,       10.1,        101,       5.05   ,   0.436208
          2,  367,         75,        590,       10.1,        101,       5.05   ,  -0.555886
          2,  368,        425,        110,       10.1,        101,       5.05   ,    1.21159
          2,  369,        839,        971,       10.1,        101,       5.05   ,   0.624312
          2,  370,        738,        486,       10.1,        101,       5.05   ,  -0.855577
          2,  371,        212,        975,       10.1,        101,       5.05   ,  -0.470983
          2,  372,        733,         55,       10.1,        101,       5.05   ,   0.820999
          2,  373,        684,        384,       10.1,        101,       5.05   ,    1.22533
          2,  374,        487,        499,       10.1,        101,       5.05   ,   0.804947
          2,  375,        461,         65,       10.1,        101,       5.05   ,   -1.27157
          2,  376,        965,        762,       10.1,        101,       5.05   ,   0.108514
          2,  377,        970,        225,       10.1,        101,       5.05   ,  -0.089959
          2,  378,        862,         41,       10.1,        101,       5.05   ,     1.1271
          2,  379,        861,        459,       10.1,        101,       5.05   ,    1.24712
          2,  380,        627,        640,       10.1,        101,       5.05   ,   0.067268
          2,  381,        555,        190,       10.1,        101,       5.05   ,    1.03747
          2,  382,        384,         19,       10.1,        101,       5.05   ,  -0.532867
          2,  383,        761,        224,       10.1,        101,       5.05   ,   0.151626
          2,  384,        388,        339,       10.1,        101,       5.05   ,   -1.09893
          2,  385,        466,        468,       10.1,        101,       5.05   ,    1.46644
          2,  386,        423,        945,       10.1,        101,       5.05   ,  -0.407435
          2,  387,        149,        682,       10.1,        101,       5.05   ,   0.781733
          2,  388,        592,        303,       10.1,        101,       5.05   ,  -0.143308
          2,  389,        160,        179,       10.1,        101,       5.05   ,   0.446444
          2,  390,        939,        473,       10.1,        101,       5.05   ,  -0.632547
          2,  391,        417,        935,       10.1,        101,       5.05   ,  -0.729062
          2,  392,        992,        274,       10.1,        101,       5.05   ,    1.00638
          2,  393,        314,        309,       10.1,        101,       5.05   ,  -0.746392
          2,  394,        833,        259,       10.1,        101,       5.05   ,  -0.373236
          2,  395,        482,        982,       10.1,        101,       5.05   ,  -0.759445
          2,  396,        440,        906,       10.1,        101,       5.05   ,   0.321417
          2,  397,        819,        141,       10.1,        101,       5.05   ,    1.09397
          2,  398,        798,        405,       10.1,        101,       5.05   ,   0.231876
          2,  399,        681,        388,       10.1,        101,       5.05   ,   -1.25559
          2,  400,        908,        558,       10.1,        101,       5.05   ,   0.552502
          2,  401,        112,        421,       10.1,        101,       5.05   ,  0.0675978
          2,  402,        427,        220,       10.1,        101,       5.05   ,    1.14082
          2,  403,        312,        141,       10.1,        101,       5.05   ,   -1.47939
          2,  404,        536,        239,       10.1,        101,       5.05   ,   0.625508
          2,  405,        401,        516,       10.1,        101,       5.05   ,   -1.22264
          2,  406,        786,        809,       10.1,        101,       5.05   ,  -0.450245
          2,  407,        811,         93,       10.1,        101,       5.05   ,   -1.11647
          2,  408,        348,        328,       10.1,        101,       5.05   ,  -0.497449
          2,  409,        162,        948,       10.1,        101,       5.05   ,   -1.27103
          2,  410,        384,        711,       10.1,        101,       5.05   ,   -0.45698
          2,  411,        727,        513,       10.1,        101,       5.05   ,   0.566791
          2,  412,        451,        625,       10.1,        101,       5.05   ,   0.323337
          2,  413,        335,        165,       10.1,        101,       5.05   , -0.0143425
          2,  414,        897,        490,       10.1,        101,       5.05   ,  -0.463447
          2,  415,        373,         85,       10.1,        101,       5.05   ,   -1.34544
          2,  416,        428,        100,       10.1,        101,       5.05   ,    1.17067
          2,  417,        640,         39,       10.1,        101,       5.05   ,  -0.440002
          2,  418,        804,        175,       10.1,        101,       5.05   , -0.0100834
          2,  419,        471,        453,       10.1,        101,       5.05   ,  -0.769879
          2,  420,        185,        423,       10.1,        101,       5.05   ,   -1.01936
          2,  421,        176,        773,       10.1,        101,       5.05   ,  0.0676728
          2,  422,        579,        452,       10.1,        101,       5.05   ,   0.540975
          2,  423,        515,        583,       10.1,        101,       5.05   ,   -1.42621
          2,  424,         35,        948,       10.1,        101,       5.05   ,  0.0352908
          2,  425,         20,        184,       10.1,        101,       5.05   ,   0.156206
          2,  426,        153,        868,       10.1,        101,       5.05   ,   -1.13102
          2,  427,        283,        431,       10.1,        101,       5.05   ,   -0.99745
          2,  428,        168,        112,       10.1,        101,       5.05   ,   0.505647
          2,  429,        357,        169,       10.1,        101,       5.05   ,   0.768901
          2,  430,        589,        129,       10.1,        101,       5.05   , -0.0642237
          2,  431,        247,        105,       10.1,        101,       5.05   ,   0.667328
          2,  432,         69,        604,       10.1,        101,       5.05   ,   0.238489
          2,  433,        402,        550,       10.1,        101,       5.05   ,   0.447325
          2,  434,        702,        768,       10.1,        101,       5.05   ,   -1.50633
          2,  435,        489,        168,       10.1,        101,       5.05   ,   0.106476
          2,  436,        624,        143,       10.1,        101,       5.05   ,   0.539438
          2,  437,        924,          1,       10.1,        101,       5.05   ,  0.0155871
          2,  438,         29,          1,       10.1,        101,       5.05   ,   -0.70482
          2,  439,        212,        109,       10.1,        101,       5.05   , -0.0525569
          2,  440,        234,        929,       10.1,        101,       5.05   ,  -0.653843
          2,  441,        191,        584,       10.1,        101,       5.05   ,  -0.509225
          2,  442,        759,        505,       10.1,        101,       5.05   ,  -0.296679
          2,  443,        227,        731,       10.1,        101,       5.05   ,    1.24535
          2,  444,        879,        766,       10.1,        101,       5.05   ,  -0.907354
          2,  445,        996,        287,       10.1,        101,       5.05   ,    1.13304
          2,  446,        649,        103,       10.1,        101,       5.05   ,   0.773237
          2,  447,        805,        416,       10.1,        101,       5.05   ,   0.856356
          2,  448,        451,        504,       10.1,        101,       5.05   ,    1.19453
          2,  449,        714,        420,       10.1,        101,       5.05   ,    -1.4857
          2,  450,        822,        426,       10.1,        101,       5.05   ,    1.56032
          2,  451,        187,        245,       10.1,        101,       5.05   ,  -0.727866
          2,  452,         48,        997,       10.1,        101,       5.05   ,  -0.952991
          2,  453,        987,        379,       10.1,        101,       5.05   ,  -0.494924
          2,  454,        681,        505,       10.1,        101,       5.05   ,  -0.264088
          2,  455,        787,        482,       10.1,        101,       5.05   ,   0.389446
          2,  456,        125,        133,       10.1,        101,       5.05   ,   -1.42932
          2,  457,        636,        760,       10.1,        101,       5.05   ,    1.49116
          2,  458,        320,        184,       10.1,        101,       5.05   ,   -1.16177
          2,  459,        928,        675,       10.1,        101,       5.05   ,    1.41373
          2,  460,        365,        293,       10.1,        101,       5.05   ,   -0.89723
          2,  461,        872,        979,       10.1,        101,       5.05   ,  -0.268359
          2,  462,        562,        978,       10.1,        101,       5.05   ,  -0.241514
          2,  463,        895,        955,       10.1,        101,       5.05   ,    1.04654
          2,  464,        788,        363,       10.1,        101,       5.05   ,    1.17555
          2,  465,        258,        188,       10.1,        101,       5.05   ,   -1.37254
          2,  466,        810,        441,       10.1,        101,       5.05   ,    1.16404
          2,  467,        232,        608,       10.1,        101,       5.05   ,   -1.05864
          2,  468,        817,        821,       10.1,        101,       5.05   ,    1.14562
          2,  469,        869,        685,       10.1,        101,       5.05   ,   -1.09757
          2,  470,        656,        689,       10.1,        101,       5.05   ,  -0.928548
          2,  471,        281,        658,       10.1,        101,       5.05   ,   -1.37154
          2,  472,        489,        355,       10.1,        101,       5.05   ,  -0.871458
          2,  473,        505,        507,       10.1,        101,       5.05   ,  0.0864292
          2,  474,        356,        241,       10.1,        101,       5.05   ,     1.3988
          2,  475,        643,        500,       10.1,        101,       5.05   ,  -0.842541
          2,  476,        291,        464,       10.1,        101,       5.05   ,  -0.819423
          2,  477,        552,        308,       10.1,        101,       5.05   ,   0.459259
          2,  478,        230,        351,       10.1,        101,       5.05   ,    1.07778
          2,  479,        178,        889,       10.1,        101,       5.05   ,   -1.24121
          2,  480,        699,        742,       10.1,        101,       5.05   ,   -1.33109
          2,  481,        380,        926,       10.1,        101,       5.05   ,  -0.880223
          2,  482,        461,        868,       10.1,        101,       5.05   ,   0.171875
          2,  483,        449,        406,       10.1,        101,       5.05   ,   0.374552
          2,  484,        828,        109,       10.1,        101,       5.05   ,    -1.0304
          2,  485,        227,        858,       10.1,        101,       5.05   ,    1.24028
          2,  486,        739,        109,       10.1,        101,       5.05   ,   -1.51408
          2,  487,         91,        268,       10.1,        101,       5.05   ,   0.365768
          2,  488,        885,        576,       10.1,        101,       5.05   ,    1.48204
          2,  489,        434,        127,       10.1,        101,       5.05   ,   0.268731
          2,  490,        343,        993,       10.1,        101,       5.05   ,    0.94763
          2,  491,        632,        303,       10.1,        101,       5.05   ,    -1.2006
          2,  492,        907,        737,       10.1,        101,       5.05   ,  -0.221642
          2,  493,        491,        485,       10.1,        101,       5.05   ,   0.218033
          2,  494,        956,        600,       10.1,        101,       5.05   ,   0.844308
          2,  495,        644,        340,       10.1,        101,       5.05   ,   -1.38135
          2,  496,        453,        855,       10.1,        101,       5.05   ,    1.14937
          2,  497,        429,        757,       10.1,        101,       5.05   ,  -0.807729
          2,  498,        905,         15,       10.1,        101,       5.05   ,  -0.992218
          2,  499,        145,        262,       10.1,        101,       5.05   ,  -0.563881
          2,  500,         80,        876,       10.1,        101,       5.05   ,   0.965776
          2,  501,        640,        843,       10.1,        101,       5.05   ,    1.46109
          2,  502,        719,        618,       10.1,        101,       5.05   ,   -0.64399
          2,  503,        502,        321,       10.1,        101,       5.05   ,  -0.777343
          2,  504,        229,        558,       10.1,        101,       5.05   , -0.0390454
          2,  505,        219,        156,       10.1,        101,       5.05   ,0.000149698
          2,  506,        852,        117,       10.1,        101,       5.05   ,    1.00261
          2,  507,        490,        439,       10.1,        101,       5.05   ,   0.178246
          2,  508,        117,        266,       10.1,        101,       5.05   ,   0.367373
          2,  509,        234,        683,       10.1,        101,       5.05   ,   -0.51258
          2,  510,        690,        481,       10.1,        101,       5.05   ,   0.398844
          2,  511,        402,        123,       10.1,        101,       5.05   ,  -0.374934
          2,  512,        733,        747,       10.1,        101,       5.05   ,   -1.16432
          2,  513,        795,          6,       10.1,        101,       5.05   ,    0.19658
          2,  514,        289,        250,       10.1,        101,       5.05   ,   0.634567
          2,  515,        268,        321,       10.1,        101,       5.05   ,   -1.46709
          2,  516,        151,        109,       10.1,        101,       5.05   ,   -0.53949
          2,  517,        610,        398,       10.1,        101,       5.05   ,   0.344325
          2,  518,        585,        866,       10.1,        101,       5.05   ,  0.0965062
          2,  519,        299,        490,       10.1,        101,       5.05   ,  -0.684986
          2,  520,        934,        559,       10.1,        101,       5.05   ,    1.11939
          2,  521,        209,        108,       10.1,        101,       5.05   ,  -0.536511
          2,  522,         13,        669,       10.1,        101,       5.05   ,  -0.632351
          2,  523,        913,        351,       10.1,        101,       5.05   ,   0.734105
          2,  524,         96,        521,       10.1,        101,       5.05   ,   0.723656
          2,  525,        374,         73,       10.1,        101,       5.05   ,   -1.05846
          2,  526,        330,         42,       10.1,        101,       5.05   ,   -1.00827
          2,  527,        848,        214,       10.1,        101,       5.05   ,     -1.082
          2,  528,        849,        879,       10.1,        101,       5.05   ,   0.329908
          2,  529,         24,        292,       10.1,        101,       5.05   ,    1.48016
          2,  530,        791,        475,       10.1,        101,       5.05   ,   -1.06623
          2,  531,        265,         17,       10.1,        101,       5.05   ,   0.155565
          2,  532,        132,        378,       10.1,        101,       5.05   ,   -1.20188
          2,  533,        725,        381,       10.1,        101,       5.05   ,    1.26431
          2,  534,        466,        158,       10.1,        101,       5.05   ,    -1.2575
          2,  535,        533,        544,       10.1,        101,       5.05   ,   -1.44593
          2,  536,        471,         49,       10.1,        101,       5.05   ,    1.10998
          2,  537,         82,        808,       10.1,        101,       5.05   ,  -0.203915
          2,  538,        174,        420,       10.1,        101,       5.05   ,   -0.34704
          2,  539,        248,        579,       10.1,        101,       5.05   ,  -0.790821
          2,  540,        611,        838,       10.1,        101,       5.05   ,   0.149193
          2,  541,        927,        163,       10.1,        101,       5.05   ,    1.51803
          2,  542,        700,        901,       10.1,        101,       5.05   ,    1.36363
          2,  543,        761,        844,       10.1,        101,       5.05   ,  -0.639461
          2,  544,        662,        908,       10.1,        101,       5.05   ,   -1.56149
          2,  545,        841,        371,       10.1,        101,       5.05   ,   0.152908
          2,  546,        816,        768,       10.1,        101,       5.05   ,    1.52854
          2,  547,        590,        286,       10.1,        101,       5.05   ,   -1.17135
          2,  548,        108,        424,       10.1,        101,       5.05   ,    -1.3844
          2,  549,        554,        417,       10.1,        101,       5.05   ,    1.48445
          2,  550,        290,        302,       10.1,        101,       5.05   ,    1.12063
          2,  551,        580,        592,       10.1,        101,       5.05   ,  -0.221334
          2,  552,        452,        821,       10.1,        101,       5.05   ,  -0.222242
          2,  553,        225,        304,       10.1,        101,       5.05   ,   -1.43975
          2,  554,         83,        440,       10.1,        101,       5.05   ,    1.33845
          2,  555,        211,        849,       10.1,        101,       5.05   ,   0.678308
          2,  556,        528,        903,       10.1,        101,       5.05   ,   0.732223
          2,  557,        549,        145,       10.1,        101,       5.05   ,   0.548787
          2,  558,        718,        228,       10.1,        101,       5.05   ,    1.13914
          2,  559,        917,        668,       10.1,        101,       5.05   ,   0.861996
          2,  560,        812,        103,       10.1,        101,       5.05   ,  -0.532098
          2,  561,        532,        692,       10.1,        101,       5.05   ,  -0.654985
          2,  562,        831,        272,       10.1,        101,       5.05   ,   0.349586
          2,  563,        499,        765,       10.1,        101,       5.05   ,   0.608075
          2,  564,        697,        632,       10.1,        101,       5.05   ,  0.0213756
          2,  565,        382,        621,       10.1,        101,       5.05   ,   0.543091
          2,  566,         89,        759,       10.1,        101,       5.05   ,   0.690639
          2,  567,        816,        616,       10.1,        101,       5.05   ,   0.707093
          2,  568,        993,        114,       10.1,        101,       5.05   ,    1.34705
          2,  569,        800,        878,       10.1,        101,       5.05   ,   0.295349
          2,  570,        326,        119,       10.1,        101,       5.05   ,   0.718704
          2,  571,        630,        968,       10.1,        101,       5.05   ,   -1.03545
          2,  572,        682,        794,       10.1,        101,       5.05   ,   0.851774
          2,  573,        261,        808,       10.1,        101,       5.05   ,  0.0642138
          2,  574,        365,         71,       10.1,        101,       5.05   ,   0.777204
          2,  575,        248,        453,       10.1,        101,       5.05   ,  -0.706042
          2,  576,        471,        623,       10.1,        101,       5.05   ,  -0.603309
          2,  577,         34,        831,       10.1,        101,       5.05   ,   0.144235
          2,  578,        212,        292,       10.1,        101,       5.05   ,   -1.44092
          2,  579,        297,         38,       10.1,        101,       5.05   ,   0.460026
          2,  580,         51,        145,       10.1,        101,       5.05   ,   0.165465
          2,  581,        181,         49,       10.1,        101,       5.05   ,  -0.538152
          2,  582,         28,        144,       10.1,        101,       5.05   ,  -0.466178
          2,  583,        455,        286,       10.1,        101,       5.05   ,   -1.36177
          2,  584,        988,        690,       10.1,        101,       5.05   ,   0.635349
          2,  585,        284,        370,       10.1,        101,       5.05   ,  -0.659867
          2,  586,        689,        555,       10.1,        101,       5.05   ,    1.17671
          2,  587,        693,         21,       10.1,        101,       5.05   ,   -1.44286
          2,  588,        175,        753,       10.1,        101,       5.05   ,   0.283411
          2,  589,        286,        491,       10.1,        101,       5.05   ,   0.737227
          2,  590,        233,        973,       10.1,        101,       5.05   ,   0.876581
          2,  591,        492,        429,       10.1,        101,       5.05   ,  -0.830316
          2,  592,        156,        447,       10.1,        101,       5.05   ,   0.586765
          2,  593,        939,        305,       10.1,        101,       5.05   ,   -1.08979
          2,  594,        876,        378,       10.1,        101,       5.05   ,   -1.44272
          2,  595,        204,        154,       10.1,        101,       5.05   ,    0.78515
          2,  596,        279,        775,       10.1,        101,       5.05   , -0.0648814
          2,  597,        283,        108,       10.1,        101,       5.05   ,  -0.739709
          2,  598,        254,        699,       10.1,        101,       5.05   ,   -1.09529
          2,  599,        246,        228,       10.1,        101,       5.05   ,   -1.00942
          2,  600,        427,        138,       10.1,        101,       5.05   ,   -1.37249
          2,  601,        313,        374,       10.1,        101,       5.05   ,   0.619097
          2,  602,        364,         42,       10.1,        101,       5.05   ,     1.5251
          2,  603,        605,        841,       10.1,        101,       5.05   ,  -0.448327
          2,  604,        178,        834,       10.1,        101,       5.05   ,    1.28039
          2,  605,         89,        314,       10.1,        101,       5.05   ,   0.306157
          2,  606,        632,        572,       10.1,        101,       5.05   ,   0.811316
          2,  607,        556,        188,       10.1,        101,       5.05   ,   -1.49748
          2,  608,        694,        369,       10.1,        101,       5.05   ,  -0.913889
          2,  609,        383,        473,       10.1,        101,       5.05   ,   -1.00061
          2,  610,         82,        127,       10.1,        101,       5.05   ,-0.000370916
          2,  611,        231,        858,       10.1,        101,       5.05   ,  -0.606998
          2,  612,        625,        898,       10.1,        101,       5.05   ,  -0.990116
          2,  613,        994,        660,       10.1,        101,       5.05   ,   0.646477
          2,  614,        252,        338,       10.1,        101,       5.05   ,    1.17546
          2,  615,        872,        154,       10.1,        101,       5.05   ,   0.242052
          2,  616,        527,        628,       10.1,        101,       5.05   ,  -0.490985
          2,  617,        435,        320,       10.1,        101,       5.05   ,  -0.499775
          2,  618,        569,        359,       10.1,        101,       5.05   ,    1.00576
          2,  619,        353,        271,       10.1,        101,       5.05   ,   -1.05338
          2,  620,        982,        890,       10.1,        101,       5.05   ,   -1.38499
          2,  621,         22,        741,       10.1,        101,       5.05   ,   -1.26566
          2,  622,        598,        228,       10.1,        101,       5.05   ,  -0.589576
          2,  623,        596,         56,       10.1,        101,       5.05   ,   0.826411
          2,  624,         88,         94,       10.1,        101,       5.05   ,   0.607344
          2,  625,        482,        807,       10.1,        101,       5.05   ,  -0.303718
          2,  626,         28,        919,       10.1,        101,       5.05   ,   -1.01187
          2,  627,        222,        239,       10.1,        101,       5.05   ,   -1.04101
          2,  628,        555,        766,       10.1,        101,       5.05   ,  0.0468162
          2,  629,        976,        922,       10.1,        101,       5.05   ,   -1.50972
          2,  630,        956,        450,       10.1,        101,       5.05   ,  -0.431003
          2,  631,        505,        390,       10.1,        101,       5.05   ,  -0.926359
          2,  632,         21,        568,       10.1,        101,       5.05   , -0.0432055
          2,  633,        883,        878,       10.1,        101,       5.05   ,   0.406145
          2,  634,        646,        719,       10.1,        101,       5.05   ,    1.37618
          2,  635,        855,        615,       10.1,        101,       5.05   ,    1.35642
          2,  636,        356,        939,       10.1,        101,       5.05   ,   0.489963
          2,  637,        529,        493,       10.1,        101,       5.05   ,  -0.634734
          2,  638,        892,        506,       10.1,        101,       5.05   ,    1.36271
          2,  639,        781,        231,       10.1,        101,       5.05   ,    1.07546
          2,  640,        101,         77,       10.1,        101,       5.05   ,   0.679355
          2,  641,        270,        789,       10.1,        101,       5.05   ,  -0.735112
          2,  642,        183,        358,       10.1,        101,       5.05   ,   0.110942
          2,  643,        572,        451,       10.1,        101,       5.05   ,  -0.722606
          2,  644,        748,        214,       10.1,        101,       5.05   ,   -1.28228
          2,  645,        582,        707,       10.1,        101,       5.05   ,    0.33688
          2,  646,         97,        135,       10.1,        101,       5.05   ,    1.04438
          2,  647,        724,        941,       10.1,        101,       5.05   ,   -1.29953
          2,  648,        276,        722,       10.1,        101,       5.05   ,     0.3954
          2,  649,        440,        659,       10.1,        101,       5.05   ,     1.2374
          2,  650,        462,        230,       10.1,        101,       5.05   ,   0.181255
          2,  651,         32,        620,       10.1,        101,       5.05   ,    1.56262
          2,  652,        939,         37,       10.1,        101,       5.05   ,  -0.331458
          2,  653,         86,        598,       10.1,        101,       5.05   ,  -0.285486
          2,  654,        781,        952,       10.1,        101,       5.05   ,   -1.41939
          2,  655,        597,        113,       10.1,        101,       5.05   ,    1.20274
          2,  656,        757,        565,       10.1,        101,       5.05   ,   -0.61545
          2,  657,        605,        106,       10.1,        101,       5.05   ,    1.27751
          2,  658,        208,        392,       10.1,        101,       5.05   ,   -1.43827
          2,  659,        671,        191,       10.1,        101,       5.05   ,  -0.844468
          2,  660,        578,        503,       10.1,        101,       5.05   ,   0.841652
          2,  661,        515,        664,       10.1,        101,       5.05   ,   -1.01739
          2,  662,        794,        455,       10.1,        101,       5.05   ,   -0.15905
          2,  663,         33,        485,       10.1,        101,       5.05   ,      1.003
          2,  664,        292,        727,       10.1,        101,       5.05   ,   0.417868
          2,  665,        854,        794,       10.1,        101,       5.05   ,   0.159806
          2,  666,        787,        198,       10.1,        101,       5.05   ,   0.583073
          2,  667,        537,        697,       10.1,        101,       5.05   ,   0.362883
          2,  668,        420,        590,       10.1,        101,       5.05   ,  -0.277821
          2,  669,        492,        411,       10.1,        101,       5.05   ,     1.3509
          2,  670,        812,        147,       10.1,        101,       5.05   ,    1.22866
          2,  671,        554,        368,       10.1,        101,       5.05   ,   0.685483
          2,  672,        837,        429,       10.1,        101,       5.05   ,      1.101
          2,  673,        494,        801,       10.1,        101,       5.05   ,  -0.714018
          2,  674,        198,        984,       10.1,        101,       5.05   ,   0.936561
          2,  675,        678,        525,       10.1,        101,       5.05   ,  -0.480097
          2,  676,        841,        984,       10.1,        101,       5.05   ,   -1.28394
          2,  677,        888,        394,       10.1,        101,       5.05   ,   0.467766
          2,  678,        289,        924,       10.1,        101,       5.05   ,     1.0844
          2,  679,        512,        596,       10.1,        101,       5.05   ,   0.395285
          2,  680,        288,        660,       10.1,        101,       5.05   ,   0.564711
          2,  681,        399,        751,       10.1,        101,       5.05   ,  0.0593969
------------------------------------------------------------------------------
Component[2] Total Sloped Parallelepiped = 681
Component[2] Real area in [1000x1000]= 0.323409%=
------------------------------------------------------------------------------
