Component 2 maximum area=0.323322 [on 1000x1000]
Component type: Sloped rectangle
---------------------------------------------------------------------------------------
--------------|------- Center-----|----- dimensions---------|----------------------
component| id|    X       |     Y      |  Width/a     | height/b |   hoop   |   Slope   
---------------------------------------------------------------------------------------
          2,    1,        692,        198,       10.1,        101,       5.05   ,  -0.251113
          2,    2,        305,        857,       10.1,        101,       5.05   ,    1.13932
          2,    3,        935,        171,       10.1,        101,       5.05   ,  0.0639853
          2,    4,        600,        707,       10.1,        101,       5.05   ,  -0.476442
          2,    5,        355,        428,       10.1,        101,       5.05   ,  -0.738137
          2,    6,        751,        439,       10.1,        101,       5.05   ,    1.18419
          2,    7,        580,        544,       10.1,        101,       5.05   ,  -0.410096
          2,    8,        581,        851,       10.1,        101,       5.05   ,   -1.30366
          2,    9,        973,        192,       10.1,        101,       5.05   ,  -0.448415
          2,   10,        209,        843,       10.1,        101,       5.05   ,  -0.191816
          2,   11,        353,         99,       10.1,        101,       5.05   ,   0.719028
          2,   12,        713,        247,       10.1,        101,       5.05   ,    1.56949
          2,   13,        860,        588,       10.1,        101,       5.05   ,   -1.16589
          2,   14,          2,        866,       10.1,        101,       5.05   ,  -0.839667
          2,   15,        197,        548,       10.1,        101,       5.05   ,   -0.69343
          2,   16,        186,        953,       10.1,        101,       5.05   ,  -0.198445
          2,   17,         27,        142,       10.1,        101,       5.05   ,    1.13821
          2,   18,        811,        427,       10.1,        101,       5.05   ,   0.309087
          2,   19,        255,        663,       10.1,        101,       5.05   ,   -1.13638
          2,   20,        470,        343,       10.1,        101,       5.05   ,   0.844771
          2,   21,         18,        418,       10.1,        101,       5.05   ,    1.05949
          2,   22,        262,        934,       10.1,        101,       5.05   ,    1.34187
          2,   23,        605,         88,       10.1,        101,       5.05   ,   -1.20015
          2,   24,        125,        475,       10.1,        101,       5.05   ,   0.104258
          2,   25,        170,        114,       10.1,        101,       5.05   ,   0.323703
          2,   26,         22,        596,       10.1,        101,       5.05   ,   -1.23516
          2,   27,        873,        753,       10.1,        101,       5.05   ,  -0.522931
          2,   28,        501,        940,       10.1,        101,       5.05   ,    0.43187
          2,   29,        754,        816,       10.1,        101,       5.05   ,  -0.944033
          2,   30,        336,        136,       10.1,        101,       5.05   ,   -1.30134
          2,   31,        968,        900,       10.1,        101,       5.05   ,   0.422277
          2,   32,          5,        788,       10.1,        101,       5.05   ,   -1.25586
          2,   33,        821,        406,       10.1,        101,       5.05   ,  -0.387583
          2,   34,        732,         34,       10.1,        101,       5.05   ,     1.4248
          2,   35,        624,         29,       10.1,        101,       5.05   ,  -0.218224
          2,   36,        973,        948,       10.1,        101,       5.05   ,   0.310726
          2,   37,        718,        512,       10.1,        101,       5.05   , -0.0797228
          2,   38,        200,        841,       10.1,        101,       5.05   ,   0.477078
          2,   39,        895,        176,       10.1,        101,       5.05   ,   0.703264
          2,   40,        686,        505,       10.1,        101,       5.05   ,   -0.27563
          2,   41,        134,        290,       10.1,        101,       5.05   ,  -0.630237
          2,   42,        373,        442,       10.1,        101,       5.05   ,     1.5288
          2,   43,        761,        621,       10.1,        101,       5.05   ,   0.795817
          2,   44,        942,        492,       10.1,        101,       5.05   , -0.0153249
          2,   45,        767,        934,       10.1,        101,       5.05   ,  -0.347868
          2,   46,        924,        931,       10.1,        101,       5.05   ,  -0.257435
          2,   47,        304,        862,       10.1,        101,       5.05   ,  -0.451721
          2,   48,        645,        678,       10.1,        101,       5.05   ,   0.185148
          2,   49,        165,        938,       10.1,        101,       5.05   ,   -1.07245
          2,   50,        576,        257,       10.1,        101,       5.05   ,   0.300468
          2,   51,        336,        290,       10.1,        101,       5.05   ,   -1.47072
          2,   52,        774,          2,       10.1,        101,       5.05   ,  -0.965832
          2,   53,        564,        865,       10.1,        101,       5.05   ,     1.3653
          2,   54,        960,        981,       10.1,        101,       5.05   ,  0.0604827
          2,   55,        842,        879,       10.1,        101,       5.05   ,   0.104729
          2,   56,        930,        224,       10.1,        101,       5.05   ,    1.20989
          2,   57,        428,         84,       10.1,        101,       5.05   ,     -0.829
          2,   58,        500,        255,       10.1,        101,       5.05   ,  -0.662976
          2,   59,        470,        813,       10.1,        101,       5.05   ,     -1.266
          2,   60,        334,        800,       10.1,        101,       5.05   ,    1.49933
          2,   61,         76,        262,       10.1,        101,       5.05   ,    1.13473
          2,   62,        646,        745,       10.1,        101,       5.05   ,   0.781447
          2,   63,        849,        452,       10.1,        101,       5.05   ,   0.599275
          2,   64,        220,        135,       10.1,        101,       5.05   ,  -0.410657
          2,   65,        874,         12,       10.1,        101,       5.05   ,   0.801428
          2,   66,         99,        546,       10.1,        101,       5.05   ,    1.55253
          2,   67,        501,        180,       10.1,        101,       5.05   , -0.0917926
          2,   68,        774,        534,       10.1,        101,       5.05   ,   0.866025
          2,   69,        860,         14,       10.1,        101,       5.05   ,   -1.16966
          2,   70,        386,        456,       10.1,        101,       5.05   ,     1.2269
          2,   71,        114,        297,       10.1,        101,       5.05   ,  -0.364266
          2,   72,        364,        800,       10.1,        101,       5.05   ,    1.01392
          2,   73,        251,        184,       10.1,        101,       5.05   ,  -0.855264
          2,   74,        887,        818,       10.1,        101,       5.05   ,   -1.56965
          2,   75,        924,        873,       10.1,        101,       5.05   ,  -0.484102
          2,   76,        593,        667,       10.1,        101,       5.05   ,  -0.916087
          2,   77,        445,        561,       10.1,        101,       5.05   ,   0.792865
          2,   78,         52,        306,       10.1,        101,       5.05   ,   -0.81231
          2,   79,        147,        607,       10.1,        101,       5.05   ,  -0.711486
          2,   80,        888,        440,       10.1,        101,       5.05   ,    1.21305
          2,   81,        581,        910,       10.1,        101,       5.05   ,   -1.27132
          2,   82,        317,        503,       10.1,        101,       5.05   ,   -1.28259
          2,   83,        550,        510,       10.1,        101,       5.05   ,   0.201924
          2,   84,         65,        734,       10.1,        101,       5.05   ,    1.28431
          2,   85,        304,         56,       10.1,        101,       5.05   ,   0.813831
          2,   86,        509,        327,       10.1,        101,       5.05   ,   -1.16513
          2,   87,        137,        139,       10.1,        101,       5.05   ,    1.09134
          2,   88,        444,        264,       10.1,        101,       5.05   ,   0.707912
          2,   89,        206,        843,       10.1,        101,       5.05   ,   -1.11052
          2,   90,        442,        419,       10.1,        101,       5.05   ,   -0.14514
          2,   91,        857,        917,       10.1,        101,       5.05   ,  -0.786875
          2,   92,        477,        829,       10.1,        101,       5.05   ,   -0.14247
          2,   93,        222,        511,       10.1,        101,       5.05   ,  -0.092022
          2,   94,        400,        180,       10.1,        101,       5.05   ,  -0.185134
          2,   95,         42,        555,       10.1,        101,       5.05   ,   -1.36859
          2,   96,        158,        840,       10.1,        101,       5.05   ,   0.052951
          2,   97,        793,        652,       10.1,        101,       5.05   ,  -0.346416
          2,   98,        363,        121,       10.1,        101,       5.05   ,  -0.211371
          2,   99,        868,        513,       10.1,        101,       5.05   ,   0.078686
          2,  100,        662,        454,       10.1,        101,       5.05   ,   -1.40386
          2,  101,        496,        875,       10.1,        101,       5.05   ,  -0.777387
          2,  102,        535,        438,       10.1,        101,       5.05   ,    1.54741
          2,  103,        898,        504,       10.1,        101,       5.05   ,    1.18388
          2,  104,        485,         53,       10.1,        101,       5.05   ,   -1.56295
          2,  105,        481,        209,       10.1,        101,       5.05   ,    1.24471
          2,  106,        789,        671,       10.1,        101,       5.05   ,  -0.912017
          2,  107,        243,        604,       10.1,        101,       5.05   ,   -1.43785
          2,  108,        221,        211,       10.1,        101,       5.05   ,    1.42383
          2,  109,        947,        363,       10.1,        101,       5.05   ,   -0.11072
          2,  110,         50,        461,       10.1,        101,       5.05   ,   0.702989
          2,  111,        473,        896,       10.1,        101,       5.05   ,  -0.381134
          2,  112,        124,        163,       10.1,        101,       5.05   ,   0.451078
          2,  113,        631,        987,       10.1,        101,       5.05   ,  -0.802999
          2,  114,        699,        638,       10.1,        101,       5.05   ,    1.06588
          2,  115,        456,        348,       10.1,        101,       5.05   ,  -0.313799
          2,  116,        497,        753,       10.1,        101,       5.05   ,  -0.529599
          2,  117,        122,        987,       10.1,        101,       5.05   ,    1.05211
          2,  118,        902,         85,       10.1,        101,       5.05   ,   -1.47639
          2,  119,        904,        778,       10.1,        101,       5.05   ,  -0.845903
          2,  120,        445,        518,       10.1,        101,       5.05   ,   0.984852
          2,  121,        897,        679,       10.1,        101,       5.05   ,  -0.523005
          2,  122,        143,        237,       10.1,        101,       5.05   ,  -0.138501
          2,  123,        168,        783,       10.1,        101,       5.05   ,   -1.47628
          2,  124,        489,        234,       10.1,        101,       5.05   ,   -1.38095
          2,  125,        757,        903,       10.1,        101,       5.05   ,  -0.665079
          2,  126,         58,        143,       10.1,        101,       5.05   ,   -0.67285
          2,  127,        260,        704,       10.1,        101,       5.05   ,  -0.533166
          2,  128,        914,        444,       10.1,        101,       5.05   ,  -0.580105
          2,  129,        992,         65,       10.1,        101,       5.05   ,   -1.52962
          2,  130,        743,        976,       10.1,        101,       5.05   ,   -1.55721
          2,  131,        894,        367,       10.1,        101,       5.05   ,    1.35555
          2,  132,        481,        583,       10.1,        101,       5.05   ,   0.749178
          2,  133,        454,        554,       10.1,        101,       5.05   ,   0.840234
          2,  134,        308,        762,       10.1,        101,       5.05   ,    1.38474
          2,  135,        891,        908,       10.1,        101,       5.05   ,   -1.03685
          2,  136,        988,        455,       10.1,        101,       5.05   ,   0.610595
          2,  137,        545,        116,       10.1,        101,       5.05   ,   0.141666
          2,  138,        986,        771,       10.1,        101,       5.05   ,   0.937382
          2,  139,        448,        292,       10.1,        101,       5.05   ,    1.07532
          2,  140,        889,        492,       10.1,        101,       5.05   ,    1.19003
          2,  141,        455,        640,       10.1,        101,       5.05   ,   0.672243
          2,  142,        388,        709,       10.1,        101,       5.05   ,   -1.34959
          2,  143,        743,        252,       10.1,        101,       5.05   ,    1.41295
          2,  144,        810,        483,       10.1,        101,       5.05   ,  -0.511628
          2,  145,        531,         46,       10.1,        101,       5.05   ,  -0.662558
          2,  146,        169,        298,       10.1,        101,       5.05   ,   -1.54697
          2,  147,        243,        433,       10.1,        101,       5.05   ,   -1.45924
          2,  148,        522,        486,       10.1,        101,       5.05   ,   -1.51184
          2,  149,        424,        503,       10.1,        101,       5.05   ,   0.402106
          2,  150,        496,        489,       10.1,        101,       5.05   ,  0.0625829
          2,  151,        352,        559,       10.1,        101,       5.05   ,   -1.26257
          2,  152,        269,         95,       10.1,        101,       5.05   ,    1.03526
          2,  153,        351,         61,       10.1,        101,       5.05   ,   -1.24234
          2,  154,        759,        253,       10.1,        101,       5.05   ,   0.271967
          2,  155,         51,        898,       10.1,        101,       5.05   ,    1.51714
          2,  156,        851,        585,       10.1,        101,       5.05   ,    1.53189
          2,  157,        494,        252,       10.1,        101,       5.05   ,  -0.578866
          2,  158,        445,        213,       10.1,        101,       5.05   ,  -0.408173
          2,  159,         32,        663,       10.1,        101,       5.05   ,   -1.01862
          2,  160,        919,        763,       10.1,        101,       5.05   ,   0.690395
          2,  161,         49,        169,       10.1,        101,       5.05   ,  -0.407838
          2,  162,        128,        896,       10.1,        101,       5.05   ,   0.931479
          2,  163,        923,        674,       10.1,        101,       5.05   ,  -0.631036
          2,  164,        563,        359,       10.1,        101,       5.05   ,   -1.30527
          2,  165,        552,        479,       10.1,        101,       5.05   , -0.0568138
          2,  166,        935,        392,       10.1,        101,       5.05   ,  -0.682509
          2,  167,        951,        609,       10.1,        101,       5.05   , -0.0558963
          2,  168,        158,        705,       10.1,        101,       5.05   ,    1.09858
          2,  169,        402,        449,       10.1,        101,       5.05   ,  -0.450152
          2,  170,        840,        362,       10.1,        101,       5.05   ,  -0.388999
          2,  171,        331,        212,       10.1,        101,       5.05   ,  -0.891151
          2,  172,        723,         40,       10.1,        101,       5.05   ,   0.926065
          2,  173,        836,        521,       10.1,        101,       5.05   ,    1.09827
          2,  174,        426,        300,       10.1,        101,       5.05   ,    1.13234
          2,  175,        506,         72,       10.1,        101,       5.05   ,  -0.526435
          2,  176,        529,        619,       10.1,        101,       5.05   ,   -0.60427
          2,  177,        972,        397,       10.1,        101,       5.05   ,  -0.472889
          2,  178,        291,        647,       10.1,        101,       5.05   ,   0.353837
          2,  179,         48,        200,       10.1,        101,       5.05   ,    1.52205
          2,  180,        865,        256,       10.1,        101,       5.05   ,   0.245859
          2,  181,        943,        310,       10.1,        101,       5.05   ,    1.51117
          2,  182,        796,        806,       10.1,        101,       5.05   ,   0.824996
          2,  183,        789,        672,       10.1,        101,       5.05   ,   0.248197
          2,  184,        411,        367,       10.1,        101,       5.05   ,    1.15063
          2,  185,        393,        538,       10.1,        101,       5.05   ,  -0.889424
          2,  186,         55,        325,       10.1,        101,       5.05   ,   0.354439
          2,  187,         29,        581,       10.1,        101,       5.05   ,  -0.814741
          2,  188,         64,        727,       10.1,        101,       5.05   ,  -0.816437
          2,  189,        112,        442,       10.1,        101,       5.05   ,  -0.356417
          2,  190,        432,        341,       10.1,        101,       5.05   ,   -1.09993
          2,  191,        383,        830,       10.1,        101,       5.05   ,  -0.875951
          2,  192,        373,        399,       10.1,        101,       5.05   ,   0.493392
          2,  193,        692,        735,       10.1,        101,       5.05   ,  -0.507686
          2,  194,        776,        962,       10.1,        101,       5.05   ,  -0.101813
          2,  195,        644,        148,       10.1,        101,       5.05   ,   0.300182
          2,  196,        282,        750,       10.1,        101,       5.05   ,  -0.760707
          2,  197,        233,        703,       10.1,        101,       5.05   ,    1.45495
          2,  198,         63,        181,       10.1,        101,       5.05   ,   -1.24236
          2,  199,        508,        960,       10.1,        101,       5.05   ,  -0.317732
          2,  200,        478,        593,       10.1,        101,       5.05   ,  -0.129536
          2,  201,         74,        251,       10.1,        101,       5.05   ,   0.494502
          2,  202,        829,        634,       10.1,        101,       5.05   ,    1.36783
          2,  203,        776,        428,       10.1,        101,       5.05   ,    0.35101
          2,  204,        363,         93,       10.1,        101,       5.05   ,  -0.101684
          2,  205,        712,        688,       10.1,        101,       5.05   ,    1.21504
          2,  206,        202,        880,       10.1,        101,       5.05   ,   -1.51866
          2,  207,        107,        698,       10.1,        101,       5.05   ,    1.26069
          2,  208,        824,        500,       10.1,        101,       5.05   ,   0.706625
          2,  209,        183,        865,       10.1,        101,       5.05   ,  -0.684375
          2,  210,         86,        113,       10.1,        101,       5.05   ,    0.90569
          2,  211,        314,        628,       10.1,        101,       5.05   ,   0.901767
          2,  212,        329,        468,       10.1,        101,       5.05   ,  -0.776698
          2,  213,        916,        841,       10.1,        101,       5.05   ,    1.39606
          2,  214,        221,        619,       10.1,        101,       5.05   ,  -0.633774
          2,  215,        330,        674,       10.1,        101,       5.05   ,   -1.46554
          2,  216,         59,        196,       10.1,        101,       5.05   ,    1.45751
          2,  217,        215,        307,       10.1,        101,       5.05   ,   0.320144
          2,  218,         55,        277,       10.1,        101,       5.05   ,    1.04933
          2,  219,        921,         29,       10.1,        101,       5.05   ,    0.81998
          2,  220,        204,        365,       10.1,        101,       5.05   ,   -1.15443
          2,  221,        749,        816,       10.1,        101,       5.05   ,   0.827718
          2,  222,         12,        679,       10.1,        101,       5.05   ,    0.95576
          2,  223,        781,         51,       10.1,        101,       5.05   ,   -1.02695
          2,  224,        851,        412,       10.1,        101,       5.05   ,  -0.197671
          2,  225,        137,        960,       10.1,        101,       5.05   ,  -0.755441
          2,  226,        238,        612,       10.1,        101,       5.05   ,   -1.48516
          2,  227,        522,         20,       10.1,        101,       5.05   ,  -0.881439
          2,  228,        397,        846,       10.1,        101,       5.05   ,  -0.441147
          2,  229,        969,        841,       10.1,        101,       5.05   ,   -1.43578
          2,  230,        916,        748,       10.1,        101,       5.05   ,  -0.951315
          2,  231,        138,        481,       10.1,        101,       5.05   ,    0.58437
          2,  232,        989,        217,       10.1,        101,       5.05   ,    1.01047
          2,  233,         70,        292,       10.1,        101,       5.05   ,  0.0516898
          2,  234,        439,        446,       10.1,        101,       5.05   ,   0.673705
          2,  235,         79,        686,       10.1,        101,       5.05   ,    1.05703
          2,  236,        732,        891,       10.1,        101,       5.05   ,   0.164399
          2,  237,        710,        112,       10.1,        101,       5.05   ,    1.24367
          2,  238,        416,        711,       10.1,        101,       5.05   ,    1.16183
          2,  239,        912,         90,       10.1,        101,       5.05   ,    1.21331
          2,  240,        104,        753,       10.1,        101,       5.05   ,    1.05933
          2,  241,        555,        174,       10.1,        101,       5.05   ,  -0.181835
          2,  242,        348,        536,       10.1,        101,       5.05   ,    1.22032
          2,  243,        368,        727,       10.1,        101,       5.05   ,   0.607453
          2,  244,        404,        297,       10.1,        101,       5.05   ,   -1.42102
          2,  245,        774,        137,       10.1,        101,       5.05   ,   -1.52467
          2,  246,        716,        261,       10.1,        101,       5.05   ,   0.400649
          2,  247,        619,        600,       10.1,        101,       5.05   ,   -1.26831
          2,  248,        411,        754,       10.1,        101,       5.05   ,  0.0501994
          2,  249,        960,        771,       10.1,        101,       5.05   ,  -0.900894
          2,  250,        828,        806,       10.1,        101,       5.05   ,   0.643165
          2,  251,        824,        441,       10.1,        101,       5.05   ,   0.361623
          2,  252,        227,          7,       10.1,        101,       5.05   ,   -1.23581
          2,  253,        649,        593,       10.1,        101,       5.05   ,  -0.207712
          2,  254,        502,        185,       10.1,        101,       5.05   ,    0.97846
          2,  255,         85,        795,       10.1,        101,       5.05   ,  -0.659968
          2,  256,        383,        599,       10.1,        101,       5.05   ,    1.23676
          2,  257,        931,        492,       10.1,        101,       5.05   ,    1.20441
          2,  258,        653,        606,       10.1,        101,       5.05   ,   0.116902
          2,  259,        700,         98,       10.1,        101,       5.05   ,  -0.982946
          2,  260,        282,        946,       10.1,        101,       5.05   ,    1.09759
          2,  261,        915,        221,       10.1,        101,       5.05   ,   -1.35901
          2,  262,        320,        914,       10.1,        101,       5.05   ,  -0.342091
          2,  263,        384,        634,       10.1,        101,       5.05   ,  -0.475919
          2,  264,        998,         43,       10.1,        101,       5.05   ,   0.942645
          2,  265,        257,        197,       10.1,        101,       5.05   ,   0.621288
          2,  266,         11,        911,       10.1,        101,       5.05   ,  -0.596038
          2,  267,         20,        494,       10.1,        101,       5.05   ,  -0.893541
          2,  268,        887,        680,       10.1,        101,       5.05   ,   0.870634
          2,  269,        385,        409,       10.1,        101,       5.05   , 0.00956958
          2,  270,         76,        857,       10.1,        101,       5.05   ,  -0.435199
          2,  271,        747,        601,       10.1,        101,       5.05   ,    1.00704
          2,  272,        733,        284,       10.1,        101,       5.05   ,   0.601432
          2,  273,         57,        543,       10.1,        101,       5.05   ,   0.104853
          2,  274,        100,        183,       10.1,        101,       5.05   ,    1.52152
          2,  275,        360,        827,       10.1,        101,       5.05   ,   0.662548
          2,  276,        597,        931,       10.1,        101,       5.05   ,   0.660798
          2,  277,        371,        841,       10.1,        101,       5.05   ,    1.45872
          2,  278,        909,        473,       10.1,        101,       5.05   ,  -0.224511
          2,  279,        893,        523,       10.1,        101,       5.05   ,  -0.191993
          2,  280,        699,        931,       10.1,        101,       5.05   ,  -0.924696
          2,  281,        378,        247,       10.1,        101,       5.05   ,   0.135726
          2,  282,        817,        483,       10.1,        101,       5.05   ,   0.729706
          2,  283,        676,        467,       10.1,        101,       5.05   ,    1.30578
          2,  284,        668,        972,       10.1,        101,       5.05   ,    0.89586
          2,  285,        484,         87,       10.1,        101,       5.05   ,   0.846223
          2,  286,        229,        128,       10.1,        101,       5.05   ,   0.716195
          2,  287,        516,        248,       10.1,        101,       5.05   ,    1.12119
          2,  288,        193,        807,       10.1,        101,       5.05   ,   0.269234
          2,  289,        521,        706,       10.1,        101,       5.05   ,  -0.803837
          2,  290,        460,         82,       10.1,        101,       5.05   ,  -0.946608
          2,  291,        603,        356,       10.1,        101,       5.05   ,  0.0403006
          2,  292,        587,         36,       10.1,        101,       5.05   ,  -0.254112
          2,  293,        187,        770,       10.1,        101,       5.05   ,   -0.70521
          2,  294,        535,        867,       10.1,        101,       5.05   ,    1.09138
          2,  295,        192,        468,       10.1,        101,       5.05   ,   -1.56648
          2,  296,        288,        428,       10.1,        101,       5.05   ,  0.0484413
          2,  297,        424,        844,       10.1,        101,       5.05   ,   -1.24574
          2,  298,         19,        644,       10.1,        101,       5.05   ,  -0.913154
          2,  299,        435,        842,       10.1,        101,       5.05   ,  -0.100494
          2,  300,        676,        298,       10.1,        101,       5.05   ,   0.524202
          2,  301,        464,        813,       10.1,        101,       5.05   ,   0.332719
          2,  302,        142,        574,       10.1,        101,       5.05   ,    1.44255
          2,  303,        123,        804,       10.1,        101,       5.05   ,   -1.43779
          2,  304,        866,        609,       10.1,        101,       5.05   ,    1.22279
          2,  305,        283,        901,       10.1,        101,       5.05   ,  -0.673275
          2,  306,        996,        581,       10.1,        101,       5.05   ,   -1.30138
          2,  307,        411,        673,       10.1,        101,       5.05   ,   0.707657
          2,  308,        459,         93,       10.1,        101,       5.05   ,  -0.202421
          2,  309,        954,        681,       10.1,        101,       5.05   ,   0.241803
          2,  310,        712,        788,       10.1,        101,       5.05   ,     1.0596
          2,  311,        417,        801,       10.1,        101,       5.05   ,    1.02297
          2,  312,        834,        122,       10.1,        101,       5.05   ,   -0.18652
          2,  313,        369,        792,       10.1,        101,       5.05   ,   0.798777
          2,  314,         24,        817,       10.1,        101,       5.05   ,   0.500551
          2,  315,        458,        541,       10.1,        101,       5.05   ,   0.417034
          2,  316,        713,        517,       10.1,        101,       5.05   ,   0.351581
          2,  317,        373,        712,       10.1,        101,       5.05   ,      -1.07
          2,  318,         42,        851,       10.1,        101,       5.05   ,  -0.568377
          2,  319,        751,        248,       10.1,        101,       5.05   ,  -0.691474
          2,  320,        422,        673,       10.1,        101,       5.05   ,   -1.45871
          2,  321,        804,        704,       10.1,        101,       5.05   ,   -1.07714
          2,  322,        321,         68,       10.1,        101,       5.05   ,   -1.35521
          2,  323,        812,        519,       10.1,        101,       5.05   ,  -0.561068
          2,  324,        532,        642,       10.1,        101,       5.05   ,   0.499078
          2,  325,        382,        657,       10.1,        101,       5.05   ,     1.2761
          2,  326,         51,        934,       10.1,        101,       5.05   ,    1.20419
          2,  327,        758,        791,       10.1,        101,       5.05   ,   -1.56138
          2,  328,        906,        882,       10.1,        101,       5.05   ,    1.23634
          2,  329,        226,        379,       10.1,        101,       5.05   ,  -0.296051
          2,  330,        440,        223,       10.1,        101,       5.05   ,  -0.886633
          2,  331,        180,         84,       10.1,        101,       5.05   ,    1.04427
          2,  332,         27,        238,       10.1,        101,       5.05   ,   -1.44907
          2,  333,        644,         87,       10.1,        101,       5.05   ,  -0.435405
          2,  334,         22,        802,       10.1,        101,       5.05   ,   -1.02505
          2,  335,        491,        143,       10.1,        101,       5.05   ,  -0.235184
          2,  336,         33,        135,       10.1,        101,       5.05   ,   -1.14625
          2,  337,         89,         89,       10.1,        101,       5.05   ,   -1.05544
          2,  338,        693,        785,       10.1,        101,       5.05   ,  -0.343745
          2,  339,        711,        928,       10.1,        101,       5.05   ,    1.36336
          2,  340,        256,        595,       10.1,        101,       5.05   ,   0.377404
          2,  341,        581,        870,       10.1,        101,       5.05   ,   -1.40757
          2,  342,         78,        565,       10.1,        101,       5.05   ,   0.940719
          2,  343,        232,        669,       10.1,        101,       5.05   ,   0.103593
          2,  344,        847,        120,       10.1,        101,       5.05   ,   0.399645
          2,  345,        573,        832,       10.1,        101,       5.05   ,  -0.528144
          2,  346,        980,        742,       10.1,        101,       5.05   ,  -0.715322
          2,  347,        580,        384,       10.1,        101,       5.05   ,   0.012849
          2,  348,        657,        607,       10.1,        101,       5.05   ,   -1.56334
          2,  349,        757,        630,       10.1,        101,       5.05   ,  -0.435907
          2,  350,        642,         61,       10.1,        101,       5.05   ,    0.14783
          2,  351,        259,        131,       10.1,        101,       5.05   ,   -0.64568
          2,  352,        668,        606,       10.1,        101,       5.05   ,   0.014215
          2,  353,        445,        564,       10.1,        101,       5.05   ,    1.33579
          2,  354,        427,        482,       10.1,        101,       5.05   ,   -1.41972
          2,  355,        533,         25,       10.1,        101,       5.05   ,   0.970624
          2,  356,        242,        427,       10.1,        101,       5.05   ,  -0.236734
          2,  357,        579,        604,       10.1,        101,       5.05   ,   -1.08031
          2,  358,        696,        749,       10.1,        101,       5.05   ,   0.808477
          2,  359,        806,        675,       10.1,        101,       5.05   ,    1.46776
          2,  360,        816,        459,       10.1,        101,       5.05   ,  -0.799113
          2,  361,         27,        431,       10.1,        101,       5.05   ,   0.181181
          2,  362,        296,        173,       10.1,        101,       5.05   ,     1.4824
          2,  363,        135,        379,       10.1,        101,       5.05   ,    1.28895
          2,  364,         52,        964,       10.1,        101,       5.05   ,   0.503594
          2,  365,        301,        362,       10.1,        101,       5.05   ,    1.47876
          2,  366,        123,        107,       10.1,        101,       5.05   ,   -1.19573
          2,  367,        773,        969,       10.1,        101,       5.05   ,   0.164244
          2,  368,        973,        740,       10.1,        101,       5.05   ,    1.32403
          2,  369,        606,        306,       10.1,        101,       5.05   ,   0.417384
          2,  370,        990,        886,       10.1,        101,       5.05   ,   -1.25452
          2,  371,        851,         43,       10.1,        101,       5.05   ,   0.988203
          2,  372,        981,        684,       10.1,        101,       5.05   ,   0.403955
          2,  373,        287,        666,       10.1,        101,       5.05   ,    1.04178
          2,  374,        560,        426,       10.1,        101,       5.05   ,   -1.15012
          2,  375,        753,         47,       10.1,        101,       5.05   ,   0.132384
          2,  376,        344,        420,       10.1,        101,       5.05   ,    1.46101
          2,  377,        186,        470,       10.1,        101,       5.05   ,   0.507694
          2,  378,         26,        528,       10.1,        101,       5.05   ,   0.933637
          2,  379,        369,        466,       10.1,        101,       5.05   ,   -1.08722
          2,  380,        869,        416,       10.1,        101,       5.05   ,  -0.602295
          2,  381,         12,        467,       10.1,        101,       5.05   ,  -0.990374
          2,  382,        962,        480,       10.1,        101,       5.05   ,     1.3699
          2,  383,        184,        476,       10.1,        101,       5.05   ,  -0.968386
          2,  384,         37,        642,       10.1,        101,       5.05   ,   -1.05646
          2,  385,        302,        444,       10.1,        101,       5.05   ,  -0.302851
          2,  386,        586,        137,       10.1,        101,       5.05   ,    1.39909
          2,  387,        723,        486,       10.1,        101,       5.05   ,   0.509858
          2,  388,        493,        255,       10.1,        101,       5.05   ,   -1.48204
          2,  389,        946,        960,       10.1,        101,       5.05   ,  -0.758406
          2,  390,         28,        689,       10.1,        101,       5.05   ,    1.49737
          2,  391,        961,        887,       10.1,        101,       5.05   ,  -0.287632
          2,  392,        564,        851,       10.1,        101,       5.05   ,  -0.051066
          2,  393,        227,        594,       10.1,        101,       5.05   ,   0.825423
          2,  394,        843,        940,       10.1,        101,       5.05   ,  -0.706788
          2,  395,        713,        851,       10.1,        101,       5.05   ,  -0.767993
          2,  396,        515,         11,       10.1,        101,       5.05   ,  -0.581983
          2,  397,        124,        739,       10.1,        101,       5.05   ,  -0.510206
          2,  398,        636,        436,       10.1,        101,       5.05   , -0.0385284
          2,  399,         56,        718,       10.1,        101,       5.05   ,   0.668184
          2,  400,        700,         77,       10.1,        101,       5.05   ,  0.0987402
          2,  401,        597,        723,       10.1,        101,       5.05   ,   -1.30316
          2,  402,        304,        253,       10.1,        101,       5.05   ,    0.48306
          2,  403,        236,        909,       10.1,        101,       5.05   ,    1.06111
          2,  404,        995,        714,       10.1,        101,       5.05   ,    1.11065
          2,  405,         13,        898,       10.1,        101,       5.05   ,    1.37833
          2,  406,        867,        174,       10.1,        101,       5.05   ,   -1.19924
          2,  407,        681,        154,       10.1,        101,       5.05   ,   0.112225
          2,  408,        836,        392,       10.1,        101,       5.05   ,   -0.99008
          2,  409,        981,        420,       10.1,        101,       5.05   ,   0.898457
          2,  410,        852,        534,       10.1,        101,       5.05   ,  -0.547001
          2,  411,        199,        884,       10.1,        101,       5.05   ,    1.35198
          2,  412,        684,        488,       10.1,        101,       5.05   ,  -0.708851
          2,  413,        365,        348,       10.1,        101,       5.05   ,   0.123202
          2,  414,        408,        407,       10.1,        101,       5.05   ,  -0.807529
          2,  415,         36,         89,       10.1,        101,       5.05   ,    1.06485
          2,  416,        296,        801,       10.1,        101,       5.05   ,   -1.52674
          2,  417,        132,        153,       10.1,        101,       5.05   , 0.00107117
          2,  418,        684,        125,       10.1,        101,       5.05   ,   0.162056
          2,  419,        667,        345,       10.1,        101,       5.05   ,  -0.471833
          2,  420,        640,        691,       10.1,        101,       5.05   ,  -0.238217
          2,  421,        958,        212,       10.1,        101,       5.05   ,   -1.18374
          2,  422,        498,        386,       10.1,        101,       5.05   ,   0.561764
          2,  423,         15,        177,       10.1,        101,       5.05   ,    1.55992
          2,  424,         45,        792,       10.1,        101,       5.05   ,    1.35326
          2,  425,        576,        967,       10.1,        101,       5.05   ,   -1.24183
          2,  426,        489,        190,       10.1,        101,       5.05   ,    1.45714
          2,  427,        890,        562,       10.1,        101,       5.05   ,    1.23572
          2,  428,         85,         83,       10.1,        101,       5.05   ,  0.0613723
          2,  429,         11,         85,       10.1,        101,       5.05   ,   0.888808
          2,  430,        590,        147,       10.1,        101,       5.05   ,   0.437283
          2,  431,         31,        288,       10.1,        101,       5.05   ,     1.1069
          2,  432,        398,        494,       10.1,        101,       5.05   ,    1.08804
          2,  433,        582,        510,       10.1,        101,       5.05   ,  -0.580683
          2,  434,        153,         25,       10.1,        101,       5.05   ,     1.3771
          2,  435,        441,        418,       10.1,        101,       5.05   ,   -1.48057
          2,  436,        816,        739,       10.1,        101,       5.05   ,    1.33277
          2,  437,        401,        340,       10.1,        101,       5.05   ,  -0.649697
          2,  438,        475,        276,       10.1,        101,       5.05   , -0.0284676
          2,  439,        194,        474,       10.1,        101,       5.05   ,    1.31046
          2,  440,        767,        510,       10.1,        101,       5.05   ,   0.501989
          2,  441,        673,        680,       10.1,        101,       5.05   ,   0.343115
          2,  442,        266,        829,       10.1,        101,       5.05   ,  -0.217552
          2,  443,        554,        880,       10.1,        101,       5.05   ,    0.34721
          2,  444,        758,        111,       10.1,        101,       5.05   ,   0.640073
          2,  445,        820,        104,       10.1,        101,       5.05   ,    0.92843
          2,  446,        550,        709,       10.1,        101,       5.05   ,   0.664357
          2,  447,        942,        223,       10.1,        101,       5.05   ,   0.942377
          2,  448,        716,         68,       10.1,        101,       5.05   ,  0.0988902
          2,  449,        798,        886,       10.1,        101,       5.05   ,      1.165
          2,  450,        689,        887,       10.1,        101,       5.05   ,  0.0899792
          2,  451,        162,        803,       10.1,        101,       5.05   ,   -1.20512
          2,  452,        499,        852,       10.1,        101,       5.05   ,    1.43195
          2,  453,        240,        805,       10.1,        101,       5.05   ,  -0.170181
          2,  454,         61,        796,       10.1,        101,       5.05   ,   -0.89613
          2,  455,        199,        970,       10.1,        101,       5.05   ,  -0.493214
          2,  456,        611,        772,       10.1,        101,       5.05   ,    1.11634
          2,  457,        123,        818,       10.1,        101,       5.05   ,   -1.16658
          2,  458,        232,        771,       10.1,        101,       5.05   ,   -1.32744
          2,  459,         52,          8,       10.1,        101,       5.05   ,   0.497736
          2,  460,        943,        300,       10.1,        101,       5.05   ,   0.658392
          2,  461,        250,        127,       10.1,        101,       5.05   ,   0.188667
          2,  462,        938,        147,       10.1,        101,       5.05   ,    -1.4382
          2,  463,         84,        206,       10.1,        101,       5.05   ,   0.707885
          2,  464,        413,        497,       10.1,        101,       5.05   ,   0.734343
          2,  465,         30,        545,       10.1,        101,       5.05   ,    1.04823
          2,  466,        870,        135,       10.1,        101,       5.05   ,   -1.03983
          2,  467,        808,        578,       10.1,        101,       5.05   ,  -0.204133
          2,  468,        866,        341,       10.1,        101,       5.05   ,  -0.891718
          2,  469,        669,        623,       10.1,        101,       5.05   ,    1.34428
          2,  470,         37,        637,       10.1,        101,       5.05   ,   0.355053
          2,  471,        705,        619,       10.1,        101,       5.05   ,   -1.17217
          2,  472,        787,        448,       10.1,        101,       5.05   ,   0.461952
          2,  473,        803,        930,       10.1,        101,       5.05   ,    1.02368
          2,  474,        182,        391,       10.1,        101,       5.05   ,    1.28056
          2,  475,        921,        861,       10.1,        101,       5.05   ,    0.94889
          2,  476,        392,        998,       10.1,        101,       5.05   ,   0.587977
          2,  477,        434,        910,       10.1,        101,       5.05   ,   -1.42276
          2,  478,        216,        129,       10.1,        101,       5.05   ,   -1.15169
          2,  479,        261,        912,       10.1,        101,       5.05   ,  -0.600587
          2,  480,        666,        171,       10.1,        101,       5.05   ,   0.290873
          2,  481,        215,        960,       10.1,        101,       5.05   ,   -1.07717
          2,  482,        245,         89,       10.1,        101,       5.05   ,    1.33277
          2,  483,        246,        314,       10.1,        101,       5.05   ,  -0.906324
          2,  484,        809,        680,       10.1,        101,       5.05   ,  -0.458833
          2,  485,        222,         23,       10.1,        101,       5.05   ,   -1.37083
          2,  486,        178,        240,       10.1,        101,       5.05   ,   0.357852
          2,  487,        618,        737,       10.1,        101,       5.05   ,   0.986148
          2,  488,        556,        533,       10.1,        101,       5.05   ,   0.474255
          2,  489,        480,        341,       10.1,        101,       5.05   ,   0.540271
          2,  490,        427,        697,       10.1,        101,       5.05   ,  -0.197113
          2,  491,        908,         68,       10.1,        101,       5.05   ,   0.123788
          2,  492,        961,        533,       10.1,        101,       5.05   ,    0.65639
          2,  493,        237,        358,       10.1,        101,       5.05   ,   0.160211
          2,  494,        841,        487,       10.1,        101,       5.05   ,   0.428929
          2,  495,        914,        857,       10.1,        101,       5.05   ,  -0.618901
          2,  496,        541,        248,       10.1,        101,       5.05   ,   0.491799
          2,  497,        133,          8,       10.1,        101,       5.05   ,  -0.510465
          2,  498,        171,        481,       10.1,        101,       5.05   ,  -0.818265
          2,  499,        857,        267,       10.1,        101,       5.05   ,    -1.3426
          2,  500,        664,        377,       10.1,        101,       5.05   ,    1.55905
          2,  501,        893,        789,       10.1,        101,       5.05   ,    -0.7035
          2,  502,        334,        354,       10.1,        101,       5.05   ,     1.0772
          2,  503,        535,        537,       10.1,        101,       5.05   ,   0.752399
          2,  504,        874,        339,       10.1,        101,       5.05   ,  -0.481694
          2,  505,         89,        947,       10.1,        101,       5.05   ,  -0.733578
          2,  506,        222,        499,       10.1,        101,       5.05   ,  -0.750349
          2,  507,        334,        577,       10.1,        101,       5.05   ,    1.34786
          2,  508,         22,        224,       10.1,        101,       5.05   ,   -1.16326
          2,  509,         68,        785,       10.1,        101,       5.05   ,   -1.38601
          2,  510,        715,         68,       10.1,        101,       5.05   ,   0.648476
          2,  511,        784,        906,       10.1,        101,       5.05   ,   0.862241
          2,  512,         85,         80,       10.1,        101,       5.05   ,    1.38045
          2,  513,        611,        200,       10.1,        101,       5.05   ,   0.203305
          2,  514,        578,        942,       10.1,        101,       5.05   ,     1.3258
          2,  515,        850,        586,       10.1,        101,       5.05   ,    1.18521
          2,  516,        391,        140,       10.1,        101,       5.05   ,    1.11389
          2,  517,        429,        521,       10.1,        101,       5.05   ,   0.769978
          2,  518,        943,        607,       10.1,        101,       5.05   ,   -1.18825
          2,  519,        522,        574,       10.1,        101,       5.05   ,   -0.85566
          2,  520,        794,        307,       10.1,        101,       5.05   ,   0.232574
          2,  521,        364,        410,       10.1,        101,       5.05   ,   0.853153
          2,  522,        418,        990,       10.1,        101,       5.05   ,   0.929497
          2,  523,         45,        597,       10.1,        101,       5.05   ,  -0.888504
          2,  524,        542,        547,       10.1,        101,       5.05   ,    -1.3268
          2,  525,        238,        951,       10.1,        101,       5.05   ,    1.24365
          2,  526,        672,         91,       10.1,        101,       5.05   ,   -1.50112
          2,  527,        151,        354,       10.1,        101,       5.05   ,    1.26781
          2,  528,        744,        758,       10.1,        101,       5.05   ,   -1.34138
          2,  529,         22,        764,       10.1,        101,       5.05   ,   0.254672
          2,  530,        531,        541,       10.1,        101,       5.05   ,     1.2281
          2,  531,        456,        346,       10.1,        101,       5.05   ,  -0.737396
          2,  532,        894,        444,       10.1,        101,       5.05   ,   -1.29481
          2,  533,        658,        174,       10.1,        101,       5.05   ,   0.187922
          2,  534,        160,        936,       10.1,        101,       5.05   ,  0.0469932
          2,  535,         97,        101,       10.1,        101,       5.05   ,   -1.25157
          2,  536,        783,        917,       10.1,        101,       5.05   ,   0.925188
          2,  537,        301,        395,       10.1,        101,       5.05   ,   -1.06639
          2,  538,        371,        834,       10.1,        101,       5.05   ,    1.46257
          2,  539,        907,        563,       10.1,        101,       5.05   ,  -0.371007
          2,  540,        985,        171,       10.1,        101,       5.05   ,   -1.23432
          2,  541,        811,        996,       10.1,        101,       5.05   ,   0.191681
          2,  542,        929,        315,       10.1,        101,       5.05   ,    -0.3566
          2,  543,        984,        955,       10.1,        101,       5.05   ,  -0.519925
          2,  544,        938,         37,       10.1,        101,       5.05   ,  -0.432582
          2,  545,        269,        230,       10.1,        101,       5.05   ,   0.743269
          2,  546,        153,        196,       10.1,        101,       5.05   ,     1.4215
          2,  547,        855,        653,       10.1,        101,       5.05   ,   -0.76421
          2,  548,         10,         10,       10.1,        101,       5.05   ,    1.47951
          2,  549,        288,        622,       10.1,        101,       5.05   ,   -1.23357
          2,  550,         81,        884,       10.1,        101,       5.05   ,  -0.607693
          2,  551,         94,        229,       10.1,        101,       5.05   ,   0.331671
          2,  552,        390,        828,       10.1,        101,       5.05   ,    1.46349
          2,  553,        113,        654,       10.1,        101,       5.05   ,   -0.54725
          2,  554,        387,        145,       10.1,        101,       5.05   ,    1.03454
          2,  555,        439,        834,       10.1,        101,       5.05   ,   -1.12852
          2,  556,        875,         83,       10.1,        101,       5.05   ,  -0.626126
          2,  557,         80,        185,       10.1,        101,       5.05   ,   0.185079
          2,  558,        377,        875,       10.1,        101,       5.05   ,   -1.39702
          2,  559,        118,        981,       10.1,        101,       5.05   ,    1.27729
          2,  560,        980,        205,       10.1,        101,       5.05   ,   -1.54147
          2,  561,        436,        496,       10.1,        101,       5.05   ,  -0.630163
          2,  562,        242,        120,       10.1,        101,       5.05   ,   -1.25881
          2,  563,        967,        722,       10.1,        101,       5.05   ,   0.667505
          2,  564,        509,        937,       10.1,        101,       5.05   ,   -1.07856
          2,  565,        815,         40,       10.1,        101,       5.05   ,  -0.821057
          2,  566,        846,        598,       10.1,        101,       5.05   ,  -0.987311
          2,  567,        365,        443,       10.1,        101,       5.05   ,  -0.224104
          2,  568,        837,        839,       10.1,        101,       5.05   ,  -0.578593
          2,  569,        889,        446,       10.1,        101,       5.05   ,   -0.28312
          2,  570,        834,         66,       10.1,        101,       5.05   ,   -1.35804
          2,  571,         10,        815,       10.1,        101,       5.05   ,   0.514381
          2,  572,        677,        830,       10.1,        101,       5.05   ,   -1.16227
          2,  573,         57,        230,       10.1,        101,       5.05   ,   0.244529
          2,  574,        187,        239,       10.1,        101,       5.05   ,   -1.07201
          2,  575,        510,        520,       10.1,        101,       5.05   ,  -0.344297
          2,  576,        451,        531,       10.1,        101,       5.05   ,  -0.891792
          2,  577,        130,        375,       10.1,        101,       5.05   ,    0.80407
          2,  578,        191,        692,       10.1,        101,       5.05   ,  -0.238345
          2,  579,        573,        250,       10.1,        101,       5.05   ,   -1.23204
          2,  580,        832,        746,       10.1,        101,       5.05   ,    1.28076
          2,  581,        993,        117,       10.1,        101,       5.05   ,   -1.34456
          2,  582,        979,        414,       10.1,        101,       5.05   ,   -0.80137
          2,  583,        584,        757,       10.1,        101,       5.05   ,   0.990916
          2,  584,        870,        120,       10.1,        101,       5.05   ,   0.602798
          2,  585,        477,        610,       10.1,        101,       5.05   ,   0.260476
          2,  586,         35,         55,       10.1,        101,       5.05   ,   -1.02608
          2,  587,        718,        496,       10.1,        101,       5.05   ,  0.0880986
          2,  588,        300,        633,       10.1,        101,       5.05   ,   -1.42539
          2,  589,        444,        741,       10.1,        101,       5.05   ,    1.47954
          2,  590,        822,        521,       10.1,        101,       5.05   ,    1.51672
          2,  591,        316,        894,       10.1,        101,       5.05   ,  -0.497564
          2,  592,        233,        171,       10.1,        101,       5.05   ,  -0.487551
          2,  593,        489,        386,       10.1,        101,       5.05   ,  -0.413913
          2,  594,        636,          5,       10.1,        101,       5.05   ,   0.630454
          2,  595,        689,        156,       10.1,        101,       5.05   ,  -0.402914
          2,  596,        212,        729,       10.1,        101,       5.05   ,  -0.964825
          2,  597,         48,        901,       10.1,        101,       5.05   ,   0.583799
          2,  598,        157,        268,       10.1,        101,       5.05   ,   -1.04901
          2,  599,        849,        591,       10.1,        101,       5.05   ,   0.998429
          2,  600,        997,        362,       10.1,        101,       5.05   , -0.0672723
          2,  601,        890,        151,       10.1,        101,       5.05   ,   0.276315
          2,  602,        368,        594,       10.1,        101,       5.05   ,   -1.55348
          2,  603,        173,        852,       10.1,        101,       5.05   ,   0.676288
          2,  604,        844,        976,       10.1,        101,       5.05   ,   0.922194
          2,  605,        313,        169,       10.1,        101,       5.05   ,    1.21668
          2,  606,        882,        571,       10.1,        101,       5.05   ,  -0.560194
          2,  607,        946,        899,       10.1,        101,       5.05   ,  -0.954355
          2,  608,        264,        690,       10.1,        101,       5.05   ,   0.752635
          2,  609,        129,        827,       10.1,        101,       5.05   ,   0.440422
          2,  610,        892,        894,       10.1,        101,       5.05   ,    -1.2401
          2,  611,        595,        801,       10.1,        101,       5.05   ,   0.829276
          2,  612,        227,        468,       10.1,        101,       5.05   ,   0.445579
          2,  613,         15,        983,       10.1,        101,       5.05   ,  -0.371129
          2,  614,        519,        773,       10.1,        101,       5.05   ,  -0.252841
          2,  615,        799,        683,       10.1,        101,       5.05   ,  -0.353025
          2,  616,        427,        687,       10.1,        101,       5.05   ,  -0.419242
          2,  617,        189,        224,       10.1,        101,       5.05   ,   0.931333
          2,  618,        521,        807,       10.1,        101,       5.05   ,  0.0628996
          2,  619,         17,        718,       10.1,        101,       5.05   ,   0.872326
          2,  620,        632,        996,       10.1,        101,       5.05   ,    1.57042
          2,  621,        376,        242,       10.1,        101,       5.05   ,  -0.107528
          2,  622,        478,        391,       10.1,        101,       5.05   ,   -0.93011
          2,  623,        965,        880,       10.1,        101,       5.05   ,   0.942232
          2,  624,        777,         99,       10.1,        101,       5.05   ,  -0.766581
          2,  625,        490,        310,       10.1,        101,       5.05   ,  -0.492477
          2,  626,        172,        309,       10.1,        101,       5.05   ,    1.31675
          2,  627,        974,        926,       10.1,        101,       5.05   ,  -0.411241
          2,  628,        427,        105,       10.1,        101,       5.05   ,   -1.21917
          2,  629,        563,        464,       10.1,        101,       5.05   ,  -0.254074
          2,  630,        864,         57,       10.1,        101,       5.05   ,  -0.101162
          2,  631,        108,        871,       10.1,        101,       5.05   ,  -0.913056
          2,  632,        705,        418,       10.1,        101,       5.05   ,   0.891024
          2,  633,        121,        138,       10.1,        101,       5.05   ,   0.156461
          2,  634,        231,        546,       10.1,        101,       5.05   ,   -1.20901
          2,  635,        465,         92,       10.1,        101,       5.05   ,   -0.70989
          2,  636,        208,        736,       10.1,        101,       5.05   ,    1.23213
          2,  637,        376,         23,       10.1,        101,       5.05   ,   -1.31346
          2,  638,        209,        240,       10.1,        101,       5.05   ,    0.26445
          2,  639,         43,        155,       10.1,        101,       5.05   ,   0.574824
          2,  640,        451,        814,       10.1,        101,       5.05   ,    1.05354
          2,  641,        850,        213,       10.1,        101,       5.05   ,   0.813095
          2,  642,        540,        947,       10.1,        101,       5.05   ,     1.2489
          2,  643,        219,        637,       10.1,        101,       5.05   ,   0.315585
          2,  644,        485,        438,       10.1,        101,       5.05   ,   0.257344
          2,  645,         39,        297,       10.1,        101,       5.05   ,  -0.684928
          2,  646,        473,        256,       10.1,        101,       5.05   ,  -0.187884
          2,  647,        517,        630,       10.1,        101,       5.05   ,    1.21057
          2,  648,        455,        943,       10.1,        101,       5.05   ,   0.027313
          2,  649,        989,        450,       10.1,        101,       5.05   ,  -0.868722
          2,  650,        955,        863,       10.1,        101,       5.05   ,   -1.02618
          2,  651,        815,        339,       10.1,        101,       5.05   ,   -0.11203
          2,  652,        932,          1,       10.1,        101,       5.05   , -0.0672874
          2,  653,        546,        274,       10.1,        101,       5.05   ,    1.37565
          2,  654,        501,        944,       10.1,        101,       5.05   ,    1.50619
          2,  655,        735,        920,       10.1,        101,       5.05   ,  -0.300889
          2,  656,        285,        405,       10.1,        101,       5.05   ,   0.115035
          2,  657,        476,        200,       10.1,        101,       5.05   ,    1.49981
          2,  658,        232,        585,       10.1,        101,       5.05   ,    1.23872
          2,  659,        165,        703,       10.1,        101,       5.05   ,  -0.870258
          2,  660,        440,        973,       10.1,        101,       5.05   ,    0.69184
          2,  661,        341,        599,       10.1,        101,       5.05   ,   -0.20322
          2,  662,         15,        207,       10.1,        101,       5.05   ,   0.932109
          2,  663,        525,        946,       10.1,        101,       5.05   , -0.0135477
          2,  664,        524,         84,       10.1,        101,       5.05   ,   0.855467
          2,  665,        192,        859,       10.1,        101,       5.05   ,    0.36763
          2,  666,        369,        476,       10.1,        101,       5.05   ,   0.436915
          2,  667,        497,        519,       10.1,        101,       5.05   ,    -1.1876
          2,  668,        110,        862,       10.1,        101,       5.05   ,  -0.336588
          2,  669,        216,         53,       10.1,        101,       5.05   ,   0.471591
          2,  670,        564,        176,       10.1,        101,       5.05   ,    1.46007
          2,  671,        165,        147,       10.1,        101,       5.05   ,   -1.05944
          2,  672,        781,        271,       10.1,        101,       5.05   ,   -1.27541
          2,  673,        801,        402,       10.1,        101,       5.05   ,    1.06634
          2,  674,        632,        945,       10.1,        101,       5.05   ,  -0.271448
          2,  675,        877,        533,       10.1,        101,       5.05   ,   -1.16938
          2,  676,        475,        550,       10.1,        101,       5.05   , -0.0118082
          2,  677,         12,        604,       10.1,        101,       5.05   ,    1.15474
          2,  678,        992,        202,       10.1,        101,       5.05   ,   -1.54419
          2,  679,        190,        299,       10.1,        101,       5.05   ,  -0.281512
          2,  680,        953,        237,       10.1,        101,       5.05   ,   0.383224
          2,  681,        156,        958,       10.1,        101,       5.05   ,  -0.744314
          2,  682,        666,        389,       10.1,        101,       5.05   ,   0.397436
          2,  683,        902,          2,       10.1,        101,       5.05   ,  -0.520598
------------------------------------------------------------------------------
Component[2] Total Sloped Parallelepiped = 683