Component 1 maximum area=0.326731 [on 1000x1000]
Component type: Ellipse
---------------------------------------------------------------------------------------
--------------|------- Center-----|----- dimensions---------|----------------------
component| id|    X       |     Y      |  Width/a     | height/b |   hoop   |   Slope   
---------------------------------------------------------------------------------------
          1,    1,        237,        444,       50.5,       50.5,      2.525   ,   0.433605
          1,    2,        609,        880,       50.5,       50.5,      2.525   ,    1.13425
          1,    3,        355,        780,       50.5,       50.5,      2.525   ,  -0.289887
          1,    4,        434,        932,       50.5,       50.5,      2.525   ,   0.458903
          1,    5,        590,        885,       50.5,       50.5,      2.525   ,   0.360085
          1,    6,        777,        729,       50.5,       50.5,      2.525   ,   -1.56894
          1,    7,        223,         35,       50.5,       50.5,      2.525   ,    1.00616
          1,    8,        466,         75,       50.5,       50.5,      2.525   ,    1.43252
          1,    9,        985,        783,       50.5,       50.5,      2.525   ,    -1.2465
          1,   10,        711,        876,       50.5,       50.5,      2.525   ,   0.530909
          1,   11,        657,        672,       50.5,       50.5,      2.525   ,  -0.679797
          1,   12,        357,        985,       50.5,       50.5,      2.525   ,   -1.05098
          1,   13,        822,        952,       50.5,       50.5,      2.525   ,  -0.900775
          1,   14,        437,        586,       50.5,       50.5,      2.525   ,    1.48983
          1,   15,        231,        322,       50.5,       50.5,      2.525   ,  -0.743163
          1,   16,        955,        910,       50.5,       50.5,      2.525   ,   0.959576
          1,   17,         41,        619,       50.5,       50.5,      2.525   ,  -0.448659
          1,   18,        969,        148,       50.5,       50.5,      2.525   ,  -0.275168
          1,   19,        443,        360,       50.5,       50.5,      2.525   ,  -0.731294
          1,   20,        370,        487,       50.5,       50.5,      2.525   ,   -1.26475
          1,   21,        984,        131,       50.5,       50.5,      2.525   ,   0.190743
          1,   22,        436,        751,       50.5,       50.5,      2.525   ,   0.331078
          1,   23,        996,        322,       50.5,       50.5,      2.525   ,   0.175098
          1,   24,        484,        838,       50.5,       50.5,      2.525   ,  -0.466406
          1,   25,        944,        293,       50.5,       50.5,      2.525   ,   0.240971
          1,   26,        953,        674,       50.5,       50.5,      2.525   ,  -0.613089
          1,   27,        381,         19,       50.5,       50.5,      2.525   ,  -0.601338
          1,   28,        617,        947,       50.5,       50.5,      2.525   ,  -0.676883
          1,   29,          6,        899,       50.5,       50.5,      2.525   ,    1.02087
          1,   30,        721,        161,       50.5,       50.5,      2.525   ,  -0.297844
          1,   31,         75,         70,       50.5,       50.5,      2.525   ,   0.932417
          1,   32,        247,        811,       50.5,       50.5,      2.525   ,   -1.36741
          1,   33,        141,         23,       50.5,       50.5,      2.525   ,  0.0775578
          1,   34,        911,        653,       50.5,       50.5,      2.525   ,   -1.50249
          1,   35,        744,        601,       50.5,       50.5,      2.525   ,  -0.840197
          1,   36,        228,        681,       50.5,       50.5,      2.525   ,  -0.600169
          1,   37,        474,        800,       50.5,       50.5,      2.525   ,    1.30508
          1,   38,        194,        635,       50.5,       50.5,      2.525   ,    1.20616
          1,   39,        235,        794,       50.5,       50.5,      2.525   ,  -0.489535
          1,   40,        443,        968,       50.5,       50.5,      2.525   ,   0.401178
          1,   41,        301,        910,       50.5,       50.5,      2.525   ,    1.12233
          1,   42,        578,        787,       50.5,       50.5,      2.525   ,  -0.555858
          1,   43,        485,        133,       50.5,       50.5,      2.525   ,    1.44755
          1,   44,        253,        825,       50.5,       50.5,      2.525   ,  -0.428861
          1,   45,        579,          7,       50.5,       50.5,      2.525   ,    1.38998
          1,   46,        585,        139,       50.5,       50.5,      2.525   ,   0.635573
          1,   47,        162,        391,       50.5,       50.5,      2.525   ,   0.105931
          1,   48,        228,        762,       50.5,       50.5,      2.525   ,     1.5248
          1,   49,        140,        554,       50.5,       50.5,      2.525   ,    1.35746
          1,   50,         96,        315,       50.5,       50.5,      2.525   ,    1.55952
          1,   51,        924,        481,       50.5,       50.5,      2.525   ,   0.854135
------------------------------------------------------------------------------
Component[1] Total Ellipsoids = 51