Component 1 maximum area=0.326731 [on 1000x1000]
Component type: Ellipse
---------------------------------------------------------------------------------------
--------------|------- Center-----|----- dimensions---------|----------------------
component| id|    X       |     Y      |  Width/a     | height/b |   hoop   |   Slope   
---------------------------------------------------------------------------------------
          1,    1,        500,        910,       50.5,       50.5,      2.525   ,   -1.09121
          1,    2,        133,        387,       50.5,       50.5,      2.525   ,  -0.155691
          1,    3,        285,         74,       50.5,       50.5,      2.525   ,  -0.184564
          1,    4,        406,        716,       50.5,       50.5,      2.525   ,   0.958724
          1,    5,        619,        185,       50.5,       50.5,      2.525   ,   0.980385
          1,    6,        748,        271,       50.5,       50.5,      2.525   ,   0.243569
          1,    7,        579,        990,       50.5,       50.5,      2.525   ,  -0.450689
          1,    8,        450,        852,       50.5,       50.5,      2.525   ,    1.13905
          1,    9,        110,        351,       50.5,       50.5,      2.525   ,    0.92376
          1,   10,        470,        947,       50.5,       50.5,      2.525   ,   0.108161
          1,   11,        425,        363,       50.5,       50.5,      2.525   ,     1.5426
          1,   12,        336,        724,       50.5,       50.5,      2.525   ,    1.39922
          1,   13,         52,        802,       50.5,       50.5,      2.525   ,    1.02534
          1,   14,         28,        628,       50.5,       50.5,      2.525   ,   -0.15636
          1,   15,        463,        455,       50.5,       50.5,      2.525   , -0.0958158
          1,   16,        347,         59,       50.5,       50.5,      2.525   , -0.0347697
          1,   17,          8,        306,       50.5,       50.5,      2.525   ,    1.32462
          1,   18,        539,        776,       50.5,       50.5,      2.525   ,    1.11767
          1,   19,        731,        848,       50.5,       50.5,      2.525   , -0.0119887
          1,   20,        559,         40,       50.5,       50.5,      2.525   ,   0.880658
          1,   21,        416,        199,       50.5,       50.5,      2.525   ,     1.2685
          1,   22,        656,        345,       50.5,       50.5,      2.525   ,    0.95401
          1,   23,        353,        225,       50.5,       50.5,      2.525   ,  -0.161384
          1,   24,        418,        716,       50.5,       50.5,      2.525   ,    1.08246
          1,   25,         39,        525,       50.5,       50.5,      2.525   ,   -1.44487
          1,   26,        919,        623,       50.5,       50.5,      2.525   ,    -1.3584
          1,   27,        162,        233,       50.5,       50.5,      2.525   ,    1.48529
          1,   28,        595,        789,       50.5,       50.5,      2.525   ,   0.839685
          1,   29,        670,         54,       50.5,       50.5,      2.525   ,   0.636392
          1,   30,        219,        317,       50.5,       50.5,      2.525   ,   -1.44958
          1,   31,        741,        102,       50.5,       50.5,      2.525   ,   0.564717
          1,   32,        422,        937,       50.5,       50.5,      2.525   ,   0.370281
          1,   33,        456,        461,       50.5,       50.5,      2.525   ,   0.595926
          1,   34,        417,        270,       50.5,       50.5,      2.525   ,  -0.611536
          1,   35,        998,          1,       50.5,       50.5,      2.525   ,   0.310732
          1,   36,        369,        869,       50.5,       50.5,      2.525   ,   -1.03344
          1,   37,        729,        100,       50.5,       50.5,      2.525   ,   0.723511
          1,   38,        289,        436,       50.5,       50.5,      2.525   ,   0.366187
          1,   39,        466,        749,       50.5,       50.5,      2.525   ,     1.1533
          1,   40,        393,        456,       50.5,       50.5,      2.525   ,   0.715298
          1,   41,        908,        569,       50.5,       50.5,      2.525   ,   0.680622
          1,   42,        952,        992,       50.5,       50.5,      2.525   ,  -0.221568
          1,   43,        991,        890,       50.5,       50.5,      2.525   ,   0.306253
          1,   44,        140,        578,       50.5,       50.5,      2.525   ,   0.262909
          1,   45,        217,         67,       50.5,       50.5,      2.525   ,   -1.19002
          1,   46,         51,        759,       50.5,       50.5,      2.525   ,   0.718176
          1,   47,        433,        657,       50.5,       50.5,      2.525   ,     -1.437
          1,   48,        191,        861,       50.5,       50.5,      2.525   ,    1.08552
          1,   49,        640,        924,       50.5,       50.5,      2.525   ,    0.74017
          1,   50,        917,        335,       50.5,       50.5,      2.525   ,   0.672013
          1,   51,        692,        764,       50.5,       50.5,      2.525   ,   0.972753
------------------------------------------------------------------------------
Component[1] Total Ellipsoids = 51