Component 1 maximum area=0.326731 [on 1000x1000]
Component type: Ellipse
---------------------------------------------------------------------------------------
--------------|------- Center-----|----- dimensions---------|----------------------
component| id|    X       |     Y      |  Width/a     | height/b |   hoop   |   Slope   
---------------------------------------------------------------------------------------
          1,    1,        849,         59,       50.5,       50.5,      2.525   ,   0.763154
          1,    2,        931,        188,       50.5,       50.5,      2.525   ,  0.0172991
          1,    3,        773,        451,       50.5,       50.5,      2.525   ,   -1.16569
          1,    4,        643,        963,       50.5,       50.5,      2.525   ,   0.209015
          1,    5,        581,         92,       50.5,       50.5,      2.525   ,   -1.05456
          1,    6,        280,        659,       50.5,       50.5,      2.525   ,    0.70198
          1,    7,        954,         42,       50.5,       50.5,      2.525   ,   -1.17045
          1,    8,        861,        683,       50.5,       50.5,      2.525   ,   0.123057
          1,    9,        565,        173,       50.5,       50.5,      2.525   ,   -0.33261
          1,   10,        223,        400,       50.5,       50.5,      2.525   ,  -0.790474
          1,   11,        577,        342,       50.5,       50.5,      2.525   ,   0.591446
          1,   12,        910,        975,       50.5,       50.5,      2.525   ,  -0.226943
          1,   13,        634,        512,       50.5,       50.5,      2.525   ,   0.579583
          1,   14,        856,        210,       50.5,       50.5,      2.525   ,   -0.27485
          1,   15,        802,        679,       50.5,       50.5,      2.525   ,   0.467491
          1,   16,        142,        665,       50.5,       50.5,      2.525   ,   0.724535
          1,   17,        129,        886,       50.5,       50.5,      2.525   ,    -1.0911
          1,   18,        486,        681,       50.5,       50.5,      2.525   ,  -0.689841
          1,   19,        639,        392,       50.5,       50.5,      2.525   ,    1.01943
          1,   20,        152,        953,       50.5,       50.5,      2.525   ,   0.953428
          1,   21,        210,        349,       50.5,       50.5,      2.525   ,   0.717105
          1,   22,        281,         91,       50.5,       50.5,      2.525   ,  0.0584448
          1,   23,        669,        422,       50.5,       50.5,      2.525   ,   0.511958
          1,   24,        817,        520,       50.5,       50.5,      2.525   ,    1.50729
          1,   25,        693,        706,       50.5,       50.5,      2.525   ,   -1.39293
          1,   26,         56,        495,       50.5,       50.5,      2.525   ,   0.185657
          1,   27,        613,        423,       50.5,       50.5,      2.525   ,  -0.757166
          1,   28,        563,        192,       50.5,       50.5,      2.525   ,   -1.35415
          1,   29,        876,        688,       50.5,       50.5,      2.525   ,     1.2239
          1,   30,        338,        835,       50.5,       50.5,      2.525   ,   -0.72222
          1,   31,        255,         22,       50.5,       50.5,      2.525   ,  -0.162257
          1,   32,        654,        367,       50.5,       50.5,      2.525   ,    1.10367
          1,   33,        132,          2,       50.5,       50.5,      2.525   ,   -1.53261
          1,   34,        345,         13,       50.5,       50.5,      2.525   ,  -0.759917
          1,   35,        965,        451,       50.5,       50.5,      2.525   ,    1.15355
          1,   36,         18,        243,       50.5,       50.5,      2.525   ,  -0.390622
          1,   37,        737,        454,       50.5,       50.5,      2.525   , -0.0901292
          1,   38,        369,        949,       50.5,       50.5,      2.525   ,   -1.47648
          1,   39,        991,        348,       50.5,       50.5,      2.525   ,   -1.48773
          1,   40,        800,        965,       50.5,       50.5,      2.525   ,   -1.18923
          1,   41,        253,        237,       50.5,       50.5,      2.525   ,  -0.163378
          1,   42,        719,        466,       50.5,       50.5,      2.525   ,   0.775358
          1,   43,        471,        891,       50.5,       50.5,      2.525   ,  -0.520563
          1,   44,        517,        253,       50.5,       50.5,      2.525   ,    1.44605
          1,   45,        105,        976,       50.5,       50.5,      2.525   ,   -1.07792
          1,   46,        324,        377,       50.5,       50.5,      2.525   ,  -0.445744
          1,   47,        777,        257,       50.5,       50.5,      2.525   ,  -0.294201
          1,   48,        234,        530,       50.5,       50.5,      2.525   ,   -1.23761
          1,   49,        403,        295,       50.5,       50.5,      2.525   ,    1.02227
          1,   50,        254,        915,       50.5,       50.5,      2.525   ,   -1.23947
------------------------------------------------------------------------------
Component[1] Total Ellipsoids = 50