Component 2 maximum area=0.323322 [on 1000x1000]
Component type: Sloped rectangle
---------------------------------------------------------------------------------------
--------------|------- Center-----|----- dimensions---------|----------------------
component| id|    X       |     Y      |  Width/a     | height/b |   hoop   |   Slope   
---------------------------------------------------------------------------------------
          2,    1,         72,        246,       10.1,        101,       5.05   ,  -0.355546
          2,    2,         62,         13,       10.1,        101,       5.05   ,   -1.12037
          2,    3,        334,        517,       10.1,        101,       5.05   ,    1.21359
          2,    4,        284,        489,       10.1,        101,       5.05   ,    1.33973
          2,    5,        500,        818,       10.1,        101,       5.05   ,     1.5376
          2,    6,        567,        218,       10.1,        101,       5.05   ,   -1.12928
          2,    7,        572,        779,       10.1,        101,       5.05   ,  -0.349415
          2,    8,        182,        356,       10.1,        101,       5.05   ,  -0.087438
          2,    9,        283,        668,       10.1,        101,       5.05   ,    1.02727
          2,   10,        638,        608,       10.1,        101,       5.05   ,   -1.52741
          2,   11,        796,        441,       10.1,        101,       5.05   ,   0.486479
          2,   12,         55,        884,       10.1,        101,       5.05   ,  0.0965923
          2,   13,        710,        864,       10.1,        101,       5.05   ,   0.953738
          2,   14,        463,        265,       10.1,        101,       5.05   ,    1.10204
          2,   15,        207,        486,       10.1,        101,       5.05   ,   0.636743
          2,   16,        239,        907,       10.1,        101,       5.05   ,  -0.146701
          2,   17,        687,        972,       10.1,        101,       5.05   ,  -0.248986
          2,   18,        427,        956,       10.1,        101,       5.05   , 0.00423322
          2,   19,        310,        151,       10.1,        101,       5.05   ,   -1.31866
          2,   20,        266,        146,       10.1,        101,       5.05   ,  -0.719035
          2,   21,         77,         51,       10.1,        101,       5.05   ,  -0.962929
          2,   22,        105,        238,       10.1,        101,       5.05   ,   -1.38535
          2,   23,        568,        386,       10.1,        101,       5.05   ,  -0.374459
          2,   24,        130,        110,       10.1,        101,       5.05   , -0.0049686
          2,   25,        934,        751,       10.1,        101,       5.05   ,   -1.13454
          2,   26,        135,        245,       10.1,        101,       5.05   ,    -1.2248
          2,   27,        754,        957,       10.1,        101,       5.05   ,   0.510444
          2,   28,        624,        744,       10.1,        101,       5.05   ,   -1.01714
          2,   29,        605,         61,       10.1,        101,       5.05   ,    1.11027
          2,   30,         72,        976,       10.1,        101,       5.05   ,   0.203816
          2,   31,        699,        241,       10.1,        101,       5.05   ,   -1.16259
          2,   32,        842,        451,       10.1,        101,       5.05   ,   0.350053
          2,   33,        520,        948,       10.1,        101,       5.05   ,   -0.29883
          2,   34,        476,        627,       10.1,        101,       5.05   ,    1.55148
          2,   35,        181,        524,       10.1,        101,       5.05   ,   0.418602
          2,   36,        484,        966,       10.1,        101,       5.05   ,    1.44053
          2,   37,        335,        927,       10.1,        101,       5.05   ,   0.179609
          2,   38,        382,        583,       10.1,        101,       5.05   ,  -0.688274
          2,   39,        821,        414,       10.1,        101,       5.05   ,  -0.146951
          2,   40,        502,        380,       10.1,        101,       5.05   ,   0.492786
          2,   41,        240,        430,       10.1,        101,       5.05   ,   0.177594
          2,   42,        827,        802,       10.1,        101,       5.05   ,    0.55548
          2,   43,        259,        495,       10.1,        101,       5.05   ,    1.45802
          2,   44,        864,        189,       10.1,        101,       5.05   ,  -0.522513
          2,   45,        946,        210,       10.1,        101,       5.05   ,   0.166762
          2,   46,        400,        684,       10.1,        101,       5.05   ,  -0.567177
          2,   47,        789,        311,       10.1,        101,       5.05   ,  -0.338882
          2,   48,        223,        707,       10.1,        101,       5.05   ,   0.788585
          2,   49,         88,         41,       10.1,        101,       5.05   ,  -0.620589
          2,   50,        701,        794,       10.1,        101,       5.05   ,  -0.309526
          2,   51,        174,         10,       10.1,        101,       5.05   ,    1.06525
          2,   52,        888,        311,       10.1,        101,       5.05   ,     1.1554
          2,   53,        277,        841,       10.1,        101,       5.05   ,   0.737449
          2,   54,        251,        772,       10.1,        101,       5.05   ,  -0.953379
          2,   55,        979,        665,       10.1,        101,       5.05   ,   0.178247
          2,   56,        272,        389,       10.1,        101,       5.05   ,    1.48517
          2,   57,        287,        723,       10.1,        101,       5.05   ,   0.264475
          2,   58,        305,        235,       10.1,        101,       5.05   ,    1.41941
          2,   59,        370,        379,       10.1,        101,       5.05   ,   0.316765
          2,   60,        699,        638,       10.1,        101,       5.05   ,   0.958298
          2,   61,        587,         49,       10.1,        101,       5.05   ,   0.155086
          2,   62,        740,        255,       10.1,        101,       5.05   ,  -0.928836
          2,   63,        572,        223,       10.1,        101,       5.05   ,   -1.54904
          2,   64,        264,        137,       10.1,        101,       5.05   ,   0.522701
          2,   65,        700,        790,       10.1,        101,       5.05   ,   0.187642
          2,   66,        146,        775,       10.1,        101,       5.05   ,    1.39731
          2,   67,        723,        926,       10.1,        101,       5.05   ,    1.29988
          2,   68,        864,        662,       10.1,        101,       5.05   ,   0.406616
          2,   69,        101,        279,       10.1,        101,       5.05   ,    1.26702
          2,   70,        126,          5,       10.1,        101,       5.05   ,  -0.573749
          2,   71,        196,        615,       10.1,        101,       5.05   ,   0.903465
          2,   72,        768,         26,       10.1,        101,       5.05   ,  -0.350183
          2,   73,        675,        743,       10.1,        101,       5.05   ,   0.218741
          2,   74,         71,        825,       10.1,        101,       5.05   ,  -0.908814
          2,   75,        267,         67,       10.1,        101,       5.05   ,     1.5557
          2,   76,        266,        486,       10.1,        101,       5.05   ,   -0.36068
          2,   77,        852,        356,       10.1,        101,       5.05   , 0.00230025
          2,   78,        523,        756,       10.1,        101,       5.05   ,   -0.72575
          2,   79,        326,        943,       10.1,        101,       5.05   ,   0.113771
          2,   80,        680,        539,       10.1,        101,       5.05   ,  -0.632298
          2,   81,         60,        912,       10.1,        101,       5.05   ,    1.37934
          2,   82,        689,        219,       10.1,        101,       5.05   ,    1.51373
          2,   83,        435,        499,       10.1,        101,       5.05   ,   0.387054
          2,   84,        302,        989,       10.1,        101,       5.05   ,    1.13326
          2,   85,        967,        761,       10.1,        101,       5.05   ,  -0.113562
          2,   86,        494,        405,       10.1,        101,       5.05   ,  -0.373878
          2,   87,        444,        174,       10.1,        101,       5.05   ,   -1.09818
          2,   88,        668,        677,       10.1,        101,       5.05   , -0.0950323
          2,   89,        537,        463,       10.1,        101,       5.05   ,   -1.45507
          2,   90,        681,        394,       10.1,        101,       5.05   ,   -1.52396
          2,   91,        660,        511,       10.1,        101,       5.05   ,  -0.512013
          2,   92,        844,        600,       10.1,        101,       5.05   ,  -0.170567
          2,   93,        437,        249,       10.1,        101,       5.05   ,    1.17735
          2,   94,        387,        719,       10.1,        101,       5.05   ,  -0.240109
          2,   95,        721,        647,       10.1,        101,       5.05   ,   0.249814
          2,   96,        293,        221,       10.1,        101,       5.05   ,   0.649518
          2,   97,        755,        146,       10.1,        101,       5.05   ,    1.46447
          2,   98,         79,        486,       10.1,        101,       5.05   ,    1.38066
          2,   99,        109,        438,       10.1,        101,       5.05   ,   -1.46823
          2,  100,        717,        395,       10.1,        101,       5.05   ,  0.0736309
          2,  101,        245,        253,       10.1,        101,       5.05   ,  -0.436343
          2,  102,        723,        834,       10.1,        101,       5.05   ,  -0.194818
          2,  103,        332,        711,       10.1,        101,       5.05   ,    1.07035
          2,  104,        597,        316,       10.1,        101,       5.05   ,    1.17202
          2,  105,        707,        665,       10.1,        101,       5.05   ,   -1.34698
          2,  106,        954,        582,       10.1,        101,       5.05   ,  -0.336672
          2,  107,        749,        367,       10.1,        101,       5.05   ,   0.599243
          2,  108,        245,         85,       10.1,        101,       5.05   ,    1.18047
          2,  109,         43,        587,       10.1,        101,       5.05   ,  -0.253869
          2,  110,        519,        537,       10.1,        101,       5.05   ,   -0.90647
          2,  111,        779,        280,       10.1,        101,       5.05   ,  -0.756877
          2,  112,        705,        408,       10.1,        101,       5.05   ,    0.75899
          2,  113,        630,        807,       10.1,        101,       5.05   ,  0.0601241
          2,  114,        616,        971,       10.1,        101,       5.05   ,  -0.313688
          2,  115,        312,        649,       10.1,        101,       5.05   ,  -0.295184
          2,  116,        635,        295,       10.1,        101,       5.05   ,    1.13662
          2,  117,        763,        347,       10.1,        101,       5.05   ,    1.11089
          2,  118,        212,        646,       10.1,        101,       5.05   ,   0.125379
          2,  119,        227,         87,       10.1,        101,       5.05   ,   0.315558
          2,  120,         81,         12,       10.1,        101,       5.05   ,  -0.135065
          2,  121,        956,        778,       10.1,        101,       5.05   ,   -1.43825
          2,  122,        585,        692,       10.1,        101,       5.05   ,  -0.963479
          2,  123,         23,        324,       10.1,        101,       5.05   ,   -1.10137
          2,  124,        158,        442,       10.1,        101,       5.05   ,  -0.340244
          2,  125,        334,        939,       10.1,        101,       5.05   ,    1.34332
          2,  126,        283,          5,       10.1,        101,       5.05   ,   0.352225
          2,  127,        242,        501,       10.1,        101,       5.05   ,    1.46526
          2,  128,        883,        849,       10.1,        101,       5.05   ,   0.880514
          2,  129,        740,        869,       10.1,        101,       5.05   ,   0.883305
          2,  130,        825,        946,       10.1,        101,       5.05   ,   0.365511
          2,  131,        781,        841,       10.1,        101,       5.05   ,   -0.18796
          2,  132,        679,        408,       10.1,        101,       5.05   ,   0.367981
          2,  133,        451,        591,       10.1,        101,       5.05   ,  -0.584336
          2,  134,        980,        455,       10.1,        101,       5.05   ,   -1.25388
          2,  135,        264,        147,       10.1,        101,       5.05   ,    1.17039
          2,  136,        653,        839,       10.1,        101,       5.05   ,  -0.591927
          2,  137,        383,        705,       10.1,        101,       5.05   ,  -0.252263
          2,  138,        346,        794,       10.1,        101,       5.05   ,   0.851605
          2,  139,        819,        434,       10.1,        101,       5.05   ,   0.137805
          2,  140,        534,        471,       10.1,        101,       5.05   ,   -1.47735
          2,  141,        545,        502,       10.1,        101,       5.05   ,    0.34269
          2,  142,        267,        283,       10.1,        101,       5.05   ,   -1.44026
          2,  143,        668,        665,       10.1,        101,       5.05   ,   -1.22346
          2,  144,        566,        515,       10.1,        101,       5.05   ,   0.645648
          2,  145,        118,        872,       10.1,        101,       5.05   ,   -1.27179
          2,  146,        373,        536,       10.1,        101,       5.05   ,   0.091151
          2,  147,        592,        987,       10.1,        101,       5.05   ,   0.941202
          2,  148,        732,        859,       10.1,        101,       5.05   ,  -0.123738
          2,  149,        132,        471,       10.1,        101,       5.05   ,  -0.599041
          2,  150,        434,        842,       10.1,        101,       5.05   ,  -0.167741
          2,  151,        694,        839,       10.1,        101,       5.05   ,   0.587886
          2,  152,        113,        387,       10.1,        101,       5.05   , -0.0128303
          2,  153,        298,        166,       10.1,        101,       5.05   ,   0.895246
          2,  154,        822,        736,       10.1,        101,       5.05   ,  -0.640041
          2,  155,        974,        954,       10.1,        101,       5.05   ,    1.51598
          2,  156,        217,        482,       10.1,        101,       5.05   ,   -1.13432
          2,  157,        383,        171,       10.1,        101,       5.05   ,  -0.872192
          2,  158,        365,        141,       10.1,        101,       5.05   ,   0.559203
          2,  159,        882,        947,       10.1,        101,       5.05   ,    1.36888
          2,  160,        111,        562,       10.1,        101,       5.05   ,  -0.688227
          2,  161,        867,         29,       10.1,        101,       5.05   ,    1.27634
          2,  162,        640,        501,       10.1,        101,       5.05   ,   0.013841
          2,  163,        592,        914,       10.1,        101,       5.05   ,  -0.216322
          2,  164,        458,        401,       10.1,        101,       5.05   ,    1.07884
          2,  165,        831,        923,       10.1,        101,       5.05   ,   -1.35406
          2,  166,        408,        231,       10.1,        101,       5.05   ,   0.949448
          2,  167,        596,        639,       10.1,        101,       5.05   ,  -0.523915
          2,  168,        102,        455,       10.1,        101,       5.05   ,  -0.494284
          2,  169,        652,        739,       10.1,        101,       5.05   ,   0.183921
          2,  170,        135,        351,       10.1,        101,       5.05   ,  -0.075853
          2,  171,        500,        366,       10.1,        101,       5.05   ,  -0.166767
          2,  172,        296,        316,       10.1,        101,       5.05   ,     1.1632
          2,  173,        553,        780,       10.1,        101,       5.05   ,  -0.514606
          2,  174,        467,        569,       10.1,        101,       5.05   ,   0.391279
          2,  175,        297,        101,       10.1,        101,       5.05   ,    1.37913
          2,  176,        875,        931,       10.1,        101,       5.05   ,   -0.36704
          2,  177,        344,        548,       10.1,        101,       5.05   ,  -0.723315
          2,  178,        269,        192,       10.1,        101,       5.05   ,  -0.661377
          2,  179,        395,        855,       10.1,        101,       5.05   ,   0.271098
          2,  180,        512,        363,       10.1,        101,       5.05   ,  -0.100697
          2,  181,        971,        996,       10.1,        101,       5.05   ,   -0.43096
          2,  182,        526,        858,       10.1,        101,       5.05   , -0.0954293
          2,  183,        719,        467,       10.1,        101,       5.05   ,   -1.22827
          2,  184,        164,        158,       10.1,        101,       5.05   ,   0.694186
          2,  185,         82,        843,       10.1,        101,       5.05   ,   0.444553
          2,  186,        621,        918,       10.1,        101,       5.05   ,    1.10708
          2,  187,        981,        524,       10.1,        101,       5.05   ,    1.41834
          2,  188,        899,        254,       10.1,        101,       5.05   ,   0.997719
          2,  189,         65,        855,       10.1,        101,       5.05   ,   0.997451
          2,  190,         58,        707,       10.1,        101,       5.05   ,   -1.56127
          2,  191,        854,        850,       10.1,        101,       5.05   ,   -1.52139
          2,  192,        411,        789,       10.1,        101,       5.05   ,  -0.573649
          2,  193,        944,        924,       10.1,        101,       5.05   ,  -0.375244
          2,  194,        841,        999,       10.1,        101,       5.05   ,   0.421833
          2,  195,        260,        974,       10.1,        101,       5.05   ,    1.00631
          2,  196,        868,        577,       10.1,        101,       5.05   ,   0.123884
          2,  197,        221,        603,       10.1,        101,       5.05   ,   0.203121
          2,  198,        696,        940,       10.1,        101,       5.05   ,   0.944368
          2,  199,        806,         19,       10.1,        101,       5.05   ,  -0.447496
          2,  200,        696,        354,       10.1,        101,       5.05   ,   0.581747
          2,  201,        188,        848,       10.1,        101,       5.05   ,  -0.463625
          2,  202,        297,        585,       10.1,        101,       5.05   ,  -0.560327
          2,  203,        749,        208,       10.1,        101,       5.05   ,   0.827925
          2,  204,        501,        350,       10.1,        101,       5.05   ,  -0.149849
          2,  205,        360,        615,       10.1,        101,       5.05   ,   -1.40799
          2,  206,        440,        940,       10.1,        101,       5.05   ,   0.660548
          2,  207,        258,        295,       10.1,        101,       5.05   , -0.0440736
          2,  208,        438,        237,       10.1,        101,       5.05   ,   0.506892
          2,  209,        242,        184,       10.1,        101,       5.05   ,   0.465287
          2,  210,        480,        220,       10.1,        101,       5.05   ,    1.50411
          2,  211,         71,        503,       10.1,        101,       5.05   ,  -0.222264
          2,  212,        801,        844,       10.1,        101,       5.05   ,   -1.22206
          2,  213,        706,        830,       10.1,        101,       5.05   ,   0.345114
          2,  214,        576,        114,       10.1,        101,       5.05   ,   0.633401
          2,  215,        998,        717,       10.1,        101,       5.05   ,   0.177196
          2,  216,        298,        114,       10.1,        101,       5.05   ,  -0.838662
          2,  217,        720,        896,       10.1,        101,       5.05   ,    1.47009
          2,  218,        464,        743,       10.1,        101,       5.05   ,    1.54925
          2,  219,         68,        172,       10.1,        101,       5.05   ,   0.735811
          2,  220,         45,        328,       10.1,        101,       5.05   ,   -1.18587
          2,  221,        452,        632,       10.1,        101,       5.05   ,   0.137506
          2,  222,        755,        655,       10.1,        101,       5.05   ,   0.184338
          2,  223,        223,        979,       10.1,        101,       5.05   , -0.0873185
          2,  224,         57,        353,       10.1,        101,       5.05   ,  -0.569275
          2,  225,        607,        574,       10.1,        101,       5.05   ,    1.41366
          2,  226,        956,        242,       10.1,        101,       5.05   ,     1.0214
          2,  227,        278,        467,       10.1,        101,       5.05   ,   -0.10842
          2,  228,        361,        322,       10.1,        101,       5.05   ,   0.976536
          2,  229,        486,        301,       10.1,        101,       5.05   ,  -0.920797
          2,  230,        436,        444,       10.1,        101,       5.05   ,   0.791926
          2,  231,        240,        656,       10.1,        101,       5.05   ,    -1.4121
          2,  232,        958,        244,       10.1,        101,       5.05   ,  -0.713157
          2,  233,        852,        102,       10.1,        101,       5.05   ,   -1.41652
          2,  234,        594,        951,       10.1,        101,       5.05   ,   -1.28095
          2,  235,         26,        458,       10.1,        101,       5.05   ,   0.608366
          2,  236,        816,        632,       10.1,        101,       5.05   ,  0.0551984
          2,  237,        856,        499,       10.1,        101,       5.05   ,  0.0422039
          2,  238,         85,        819,       10.1,        101,       5.05   ,   0.994692
          2,  239,        694,        353,       10.1,        101,       5.05   ,     1.1096
          2,  240,         44,        946,       10.1,        101,       5.05   ,  -0.471148
          2,  241,        885,        505,       10.1,        101,       5.05   ,   -1.20901
          2,  242,        198,        481,       10.1,        101,       5.05   ,   0.648775
          2,  243,        910,        805,       10.1,        101,       5.05   ,   -1.14473
          2,  244,        797,        757,       10.1,        101,       5.05   ,   0.142274
          2,  245,        851,        180,       10.1,        101,       5.05   ,  -0.225632
          2,  246,        600,        875,       10.1,        101,       5.05   ,    1.44288
          2,  247,        301,        258,       10.1,        101,       5.05   ,  -0.716479
          2,  248,        640,        769,       10.1,        101,       5.05   ,   0.467902
          2,  249,        568,        261,       10.1,        101,       5.05   , -0.0379452
          2,  250,        644,        691,       10.1,        101,       5.05   ,    1.04243
          2,  251,        198,        675,       10.1,        101,       5.05   ,    1.50369
          2,  252,        890,        745,       10.1,        101,       5.05   ,    1.56548
          2,  253,        957,        252,       10.1,        101,       5.05   ,   0.820378
          2,  254,        431,         84,       10.1,        101,       5.05   ,  -0.292061
          2,  255,        480,        661,       10.1,        101,       5.05   ,    1.10705
          2,  256,        377,        205,       10.1,        101,       5.05   , -0.0456175
          2,  257,        436,        672,       10.1,        101,       5.05   ,   -1.22475
          2,  258,        628,        601,       10.1,        101,       5.05   ,   0.519872
          2,  259,        406,        135,       10.1,        101,       5.05   ,  -0.657194
          2,  260,        657,        580,       10.1,        101,       5.05   ,   0.293549
          2,  261,        238,        415,       10.1,        101,       5.05   ,   0.594834
          2,  262,        955,        574,       10.1,        101,       5.05   ,    1.05665
          2,  263,        618,        857,       10.1,        101,       5.05   ,    1.24039
          2,  264,        181,        313,       10.1,        101,       5.05   ,  -0.492073
          2,  265,        159,        450,       10.1,        101,       5.05   ,  -0.793126
          2,  266,        404,        301,       10.1,        101,       5.05   ,   -1.54914
          2,  267,        935,        899,       10.1,        101,       5.05   ,   0.579503
          2,  268,        232,        558,       10.1,        101,       5.05   ,   -1.39326
          2,  269,        250,        628,       10.1,        101,       5.05   ,    1.26334
          2,  270,        707,        375,       10.1,        101,       5.05   ,   -1.27781
          2,  271,        159,        647,       10.1,        101,       5.05   ,   -1.51638
          2,  272,        585,        597,       10.1,        101,       5.05   ,  -0.327022
          2,  273,        296,        595,       10.1,        101,       5.05   ,    1.09822
          2,  274,         39,        419,       10.1,        101,       5.05   ,   0.920541
          2,  275,        825,        269,       10.1,        101,       5.05   ,   0.296888
          2,  276,        523,         71,       10.1,        101,       5.05   ,   0.343061
          2,  277,        799,        471,       10.1,        101,       5.05   ,    1.30936
          2,  278,        155,         66,       10.1,        101,       5.05   ,   -1.42399
          2,  279,        278,        333,       10.1,        101,       5.05   , 0.00682051
          2,  280,        804,        461,       10.1,        101,       5.05   ,  -0.137586
          2,  281,        709,        539,       10.1,        101,       5.05   ,   0.328302
          2,  282,        112,        962,       10.1,        101,       5.05   ,   -1.25322
          2,  283,        452,        883,       10.1,        101,       5.05   ,  0.0513668
          2,  284,        332,        720,       10.1,        101,       5.05   ,   -1.34224
          2,  285,        917,        914,       10.1,        101,       5.05   ,    0.54651
          2,  286,        874,        679,       10.1,        101,       5.05   ,    1.32842
          2,  287,        410,        317,       10.1,        101,       5.05   ,   0.419771
          2,  288,        665,        379,       10.1,        101,       5.05   ,   -1.38627
          2,  289,        354,        350,       10.1,        101,       5.05   ,    1.41515
          2,  290,        149,        740,       10.1,        101,       5.05   ,   0.390316
          2,  291,        305,        829,       10.1,        101,       5.05   ,   0.170724
          2,  292,        197,        432,       10.1,        101,       5.05   ,  0.0420519
          2,  293,        718,        785,       10.1,        101,       5.05   ,    1.47119
          2,  294,        259,        938,       10.1,        101,       5.05   ,   -1.09344
          2,  295,        624,        422,       10.1,        101,       5.05   ,    1.29399
          2,  296,        987,        675,       10.1,        101,       5.05   ,   0.831344
          2,  297,        445,        835,       10.1,        101,       5.05   ,   0.831078
          2,  298,        394,        524,       10.1,        101,       5.05   ,   -1.18582
          2,  299,        816,        681,       10.1,        101,       5.05   ,  -0.350342
          2,  300,        944,        112,       10.1,        101,       5.05   ,   0.101793
          2,  301,        317,        430,       10.1,        101,       5.05   ,    1.46853
          2,  302,        904,        978,       10.1,        101,       5.05   ,  0.0336064
          2,  303,        161,        392,       10.1,        101,       5.05   , -0.0607551
          2,  304,        460,        415,       10.1,        101,       5.05   , -0.0621968
          2,  305,        873,        419,       10.1,        101,       5.05   ,  -0.260238
          2,  306,        984,        615,       10.1,        101,       5.05   ,  0.0438889
          2,  307,        794,        801,       10.1,        101,       5.05   ,  -0.832663
          2,  308,        666,        362,       10.1,        101,       5.05   ,  0.0775129
          2,  309,        236,        338,       10.1,        101,       5.05   ,  -0.841353
          2,  310,        951,        159,       10.1,        101,       5.05   ,   0.789641
          2,  311,        728,        909,       10.1,        101,       5.05   ,   0.996146
          2,  312,        346,        978,       10.1,        101,       5.05   ,   0.548036
          2,  313,        222,        644,       10.1,        101,       5.05   ,   -0.32932
          2,  314,        158,        618,       10.1,        101,       5.05   ,  -0.678673
          2,  315,        724,        210,       10.1,        101,       5.05   ,   0.859911
          2,  316,        680,        438,       10.1,        101,       5.05   ,  -0.873578
          2,  317,        870,        723,       10.1,        101,       5.05   ,   0.690186
          2,  318,        412,        844,       10.1,        101,       5.05   ,   -1.50559
          2,  319,        957,        248,       10.1,        101,       5.05   ,    1.35266
          2,  320,        671,        411,       10.1,        101,       5.05   ,   -0.79431
          2,  321,        363,        150,       10.1,        101,       5.05   ,    1.05856
          2,  322,        173,        532,       10.1,        101,       5.05   ,  0.0261332
          2,  323,         38,        882,       10.1,        101,       5.05   ,     1.3886
          2,  324,        886,        896,       10.1,        101,       5.05   ,  -0.645181
          2,  325,        563,        577,       10.1,        101,       5.05   ,  -0.313701
          2,  326,        907,        813,       10.1,        101,       5.05   ,  -0.461459
          2,  327,        226,        450,       10.1,        101,       5.05   ,   0.213625
          2,  328,        257,        660,       10.1,        101,       5.05   ,  -0.782738
          2,  329,        161,        631,       10.1,        101,       5.05   , -0.0718776
          2,  330,        726,        693,       10.1,        101,       5.05   ,  -0.509143
          2,  331,        107,        701,       10.1,        101,       5.05   ,   0.442423
          2,  332,         12,        557,       10.1,        101,       5.05   ,  -0.490118
          2,  333,         77,        597,       10.1,        101,       5.05   ,   -1.35956
          2,  334,        318,        262,       10.1,        101,       5.05   ,    1.43338
          2,  335,        231,        492,       10.1,        101,       5.05   ,    1.40933
          2,  336,        641,        928,       10.1,        101,       5.05   ,   0.759248
          2,  337,         65,        697,       10.1,        101,       5.05   ,  -0.940009
          2,  338,        269,        945,       10.1,        101,       5.05   ,   0.709519
          2,  339,        997,        957,       10.1,        101,       5.05   ,   0.855461
          2,  340,        535,        173,       10.1,        101,       5.05   ,   -1.49006
          2,  341,         35,        687,       10.1,        101,       5.05   ,  0.0825791
          2,  342,        198,        266,       10.1,        101,       5.05   ,   0.123152
          2,  343,        222,          7,       10.1,        101,       5.05   ,     1.2346
          2,  344,         53,        816,       10.1,        101,       5.05   ,    1.17133
          2,  345,        287,        539,       10.1,        101,       5.05   ,  -0.214817
          2,  346,         25,        671,       10.1,        101,       5.05   ,    1.14434
          2,  347,        394,        407,       10.1,        101,       5.05   ,    1.49743
          2,  348,        703,        966,       10.1,        101,       5.05   ,    1.45299
          2,  349,        510,        245,       10.1,        101,       5.05   ,    1.47985
          2,  350,        418,        911,       10.1,        101,       5.05   ,  -0.739541
          2,  351,        986,        397,       10.1,        101,       5.05   ,   -1.14955
          2,  352,        730,        207,       10.1,        101,       5.05   ,   -1.54189
          2,  353,        258,        667,       10.1,        101,       5.05   ,    1.21184
          2,  354,        894,        509,       10.1,        101,       5.05   ,   -1.33854
          2,  355,         81,        809,       10.1,        101,       5.05   ,     1.5707
          2,  356,        722,        832,       10.1,        101,       5.05   ,   -1.30889
          2,  357,        904,         68,       10.1,        101,       5.05   ,     1.5262
          2,  358,        185,         43,       10.1,        101,       5.05   ,    1.04357
          2,  359,        837,        912,       10.1,        101,       5.05   ,   0.981558
          2,  360,        107,        421,       10.1,        101,       5.05   ,    1.01926
          2,  361,        488,        431,       10.1,        101,       5.05   , -0.0113126
          2,  362,        816,        499,       10.1,        101,       5.05   ,   0.790333
          2,  363,        996,        279,       10.1,        101,       5.05   ,  -0.643169
          2,  364,        244,        630,       10.1,        101,       5.05   ,   -1.02624
          2,  365,        450,        947,       10.1,        101,       5.05   ,    1.00318
          2,  366,        140,        707,       10.1,        101,       5.05   ,   -1.14782
          2,  367,        403,        418,       10.1,        101,       5.05   ,  -0.400789
          2,  368,         93,        564,       10.1,        101,       5.05   ,   -1.28231
          2,  369,        368,        242,       10.1,        101,       5.05   ,   0.565535
          2,  370,        329,        585,       10.1,        101,       5.05   ,    1.04506
          2,  371,        492,        586,       10.1,        101,       5.05   ,    1.45727
          2,  372,        957,        869,       10.1,        101,       5.05   ,   0.368604
          2,  373,        963,        534,       10.1,        101,       5.05   ,   0.193156
          2,  374,        381,        322,       10.1,        101,       5.05   ,   0.890264
          2,  375,        597,        573,       10.1,        101,       5.05   ,   0.938402
          2,  376,        532,        176,       10.1,        101,       5.05   ,  0.0938619
          2,  377,        365,         59,       10.1,        101,       5.05   ,  -0.477684
          2,  378,        924,        383,       10.1,        101,       5.05   , 0.00502605
          2,  379,        181,        160,       10.1,        101,       5.05   ,    1.42252
          2,  380,        337,        166,       10.1,        101,       5.05   ,   -1.44189
          2,  381,        245,        988,       10.1,        101,       5.05   ,   -0.09112
          2,  382,        777,        137,       10.1,        101,       5.05   ,    1.01106
          2,  383,        685,        434,       10.1,        101,       5.05   ,  -0.429862
          2,  384,        729,        730,       10.1,        101,       5.05   ,   -0.68562
          2,  385,         55,        143,       10.1,        101,       5.05   ,  -0.150254
          2,  386,        570,        152,       10.1,        101,       5.05   ,   0.522652
          2,  387,        744,        467,       10.1,        101,       5.05   ,   0.815589
          2,  388,        903,        537,       10.1,        101,       5.05   ,  -0.135595
          2,  389,        384,         11,       10.1,        101,       5.05   ,   0.294286
          2,  390,        675,        486,       10.1,        101,       5.05   ,   0.592084
          2,  391,        883,        154,       10.1,        101,       5.05   ,  -0.918818
          2,  392,        709,        916,       10.1,        101,       5.05   ,   0.889964
          2,  393,         34,        367,       10.1,        101,       5.05   ,    1.42678
          2,  394,        196,        469,       10.1,        101,       5.05   ,   0.895978
          2,  395,        871,        131,       10.1,        101,       5.05   ,   0.759866
          2,  396,        682,        745,       10.1,        101,       5.05   ,  -0.495963
          2,  397,        533,        504,       10.1,        101,       5.05   ,   0.907204
          2,  398,         83,         74,       10.1,        101,       5.05   ,  -0.270898
          2,  399,        353,        920,       10.1,        101,       5.05   ,   -1.54509
          2,  400,        357,        841,       10.1,        101,       5.05   ,   0.513872
          2,  401,         49,        826,       10.1,        101,       5.05   ,   0.553064
          2,  402,        284,        567,       10.1,        101,       5.05   ,   -0.43402
          2,  403,        111,        779,       10.1,        101,       5.05   ,    0.94649
          2,  404,        637,        865,       10.1,        101,       5.05   ,  -0.647079
          2,  405,        423,        185,       10.1,        101,       5.05   ,  -0.627389
          2,  406,        227,        117,       10.1,        101,       5.05   ,  -0.651085
          2,  407,        760,         60,       10.1,        101,       5.05   ,    1.12042
          2,  408,        602,        743,       10.1,        101,       5.05   ,   -1.06297
          2,  409,        660,        917,       10.1,        101,       5.05   ,    -1.2726
          2,  410,        922,        159,       10.1,        101,       5.05   ,    -1.4618
          2,  411,        995,        285,       10.1,        101,       5.05   ,  -0.823584
          2,  412,        403,        740,       10.1,        101,       5.05   ,   0.252666
          2,  413,        458,        800,       10.1,        101,       5.05   ,   0.329192
          2,  414,        168,        441,       10.1,        101,       5.05   ,   -0.72903
          2,  415,        556,        856,       10.1,        101,       5.05   ,  -0.118239
          2,  416,        513,        641,       10.1,        101,       5.05   ,  0.0278304
          2,  417,        779,        349,       10.1,        101,       5.05   ,   -1.03487
          2,  418,        240,        112,       10.1,        101,       5.05   ,   0.326012
          2,  419,        632,        299,       10.1,        101,       5.05   ,  0.0544932
          2,  420,        777,        876,       10.1,        101,       5.05   ,   -1.07305
          2,  421,        842,        262,       10.1,        101,       5.05   ,   0.169837
          2,  422,        879,        755,       10.1,        101,       5.05   ,  -0.963601
          2,  423,        273,        520,       10.1,        101,       5.05   ,   -1.14003
          2,  424,        905,        439,       10.1,        101,       5.05   ,    1.15678
          2,  425,        168,        496,       10.1,        101,       5.05   ,    1.00233
          2,  426,        377,        887,       10.1,        101,       5.05   ,   -1.55972
          2,  427,        773,        789,       10.1,        101,       5.05   ,  -0.482376
          2,  428,         61,        858,       10.1,        101,       5.05   ,  -0.373559
          2,  429,        728,        507,       10.1,        101,       5.05   ,   0.463662
          2,  430,        266,        960,       10.1,        101,       5.05   ,  -0.818178
          2,  431,        383,         74,       10.1,        101,       5.05   ,  -0.901697
          2,  432,        115,        653,       10.1,        101,       5.05   ,   -0.40663
          2,  433,        351,        201,       10.1,        101,       5.05   ,  -0.615496
          2,  434,        910,         26,       10.1,        101,       5.05   ,  -0.261286
          2,  435,        623,        921,       10.1,        101,       5.05   ,    1.46198
          2,  436,        473,        605,       10.1,        101,       5.05   ,   0.337301
          2,  437,        775,        754,       10.1,        101,       5.05   ,  -0.113823
          2,  438,        386,        315,       10.1,        101,       5.05   ,    1.02427
          2,  439,        579,        586,       10.1,        101,       5.05   ,    1.35057
          2,  440,        763,        697,       10.1,        101,       5.05   ,    1.25831
          2,  441,        398,        310,       10.1,        101,       5.05   ,   -1.45712
          2,  442,        649,        172,       10.1,        101,       5.05   ,   0.923288
          2,  443,        744,        344,       10.1,        101,       5.05   ,  -0.214845
          2,  444,        642,        810,       10.1,        101,       5.05   ,-0.00945309
          2,  445,        792,        298,       10.1,        101,       5.05   ,  0.0737293
          2,  446,         78,        585,       10.1,        101,       5.05   ,-0.00107288
          2,  447,        123,        195,       10.1,        101,       5.05   ,  0.0651997
          2,  448,        808,        776,       10.1,        101,       5.05   ,  0.0941934
          2,  449,        859,        663,       10.1,        101,       5.05   ,   0.138466
          2,  450,        275,        593,       10.1,        101,       5.05   ,   0.536055
          2,  451,        379,        256,       10.1,        101,       5.05   ,   -1.06022
          2,  452,        827,        273,       10.1,        101,       5.05   ,  -0.888345
          2,  453,        435,        794,       10.1,        101,       5.05   ,    1.45732
          2,  454,        959,        340,       10.1,        101,       5.05   ,      1.215
          2,  455,        292,        201,       10.1,        101,       5.05   ,  -0.464373
          2,  456,        893,        319,       10.1,        101,       5.05   ,  0.0665993
          2,  457,        605,        156,       10.1,        101,       5.05   ,   0.918931
          2,  458,        824,        127,       10.1,        101,       5.05   ,  -0.337009
          2,  459,        479,        377,       10.1,        101,       5.05   ,    1.53532
          2,  460,        625,        503,       10.1,        101,       5.05   ,    1.40537
          2,  461,        275,        878,       10.1,        101,       5.05   ,  0.0506881
          2,  462,        746,        106,       10.1,        101,       5.05   ,    1.10496
          2,  463,        440,        806,       10.1,        101,       5.05   ,    1.43438
          2,  464,        646,        158,       10.1,        101,       5.05   ,  -0.628736
          2,  465,        530,        719,       10.1,        101,       5.05   ,   0.851026
          2,  466,        992,        533,       10.1,        101,       5.05   ,  -0.958556
          2,  467,        889,        436,       10.1,        101,       5.05   ,   0.747944
          2,  468,        437,        390,       10.1,        101,       5.05   ,   -1.22142
          2,  469,        196,         51,       10.1,        101,       5.05   ,   0.346605
          2,  470,        627,        694,       10.1,        101,       5.05   ,   0.472623
          2,  471,        151,        542,       10.1,        101,       5.05   ,   -1.02666
          2,  472,        897,        893,       10.1,        101,       5.05   ,  -0.614547
          2,  473,        796,        857,       10.1,        101,       5.05   ,   0.624939
          2,  474,         47,        979,       10.1,        101,       5.05   ,    1.54979
          2,  475,        775,        109,       10.1,        101,       5.05   ,  -0.656244
          2,  476,        991,         43,       10.1,        101,       5.05   ,   -1.07945
          2,  477,        142,        681,       10.1,        101,       5.05   ,    1.17826
          2,  478,        416,        275,       10.1,        101,       5.05   ,   -1.56763
          2,  479,        963,        600,       10.1,        101,       5.05   ,  -0.347036
          2,  480,        213,        303,       10.1,        101,       5.05   ,  -0.403799
          2,  481,        344,        968,       10.1,        101,       5.05   ,    1.42288
          2,  482,        866,        541,       10.1,        101,       5.05   ,    1.39891
          2,  483,        954,        818,       10.1,        101,       5.05   ,    1.40488
          2,  484,        988,        648,       10.1,        101,       5.05   ,   0.810844
          2,  485,        787,        425,       10.1,        101,       5.05   ,   -1.32362
          2,  486,        847,        108,       10.1,        101,       5.05   ,   -1.28349
          2,  487,        669,        416,       10.1,        101,       5.05   ,  -0.147774
          2,  488,         52,        216,       10.1,        101,       5.05   ,  -0.482869
          2,  489,        475,        517,       10.1,        101,       5.05   ,  -0.512493
          2,  490,        273,        349,       10.1,        101,       5.05   ,   0.155351
          2,  491,        745,         22,       10.1,        101,       5.05   ,   -1.22467
          2,  492,        947,        860,       10.1,        101,       5.05   ,   -1.54423
          2,  493,        479,         78,       10.1,        101,       5.05   ,   0.273673
          2,  494,        593,        931,       10.1,        101,       5.05   ,   -0.82286
          2,  495,        610,         73,       10.1,        101,       5.05   ,   0.560309
          2,  496,        321,        818,       10.1,        101,       5.05   ,   -1.24194
          2,  497,        811,        831,       10.1,        101,       5.05   ,    1.43186
          2,  498,        308,        659,       10.1,        101,       5.05   ,  -0.350507
          2,  499,        849,        319,       10.1,        101,       5.05   ,   0.717853
          2,  500,        512,        901,       10.1,        101,       5.05   ,    1.22499
          2,  501,        532,        799,       10.1,        101,       5.05   ,    1.41091
          2,  502,        724,        105,       10.1,        101,       5.05   ,  -0.803591
          2,  503,        576,        513,       10.1,        101,       5.05   ,     1.3051
          2,  504,        854,        844,       10.1,        101,       5.05   ,  -0.531251
          2,  505,        252,         28,       10.1,        101,       5.05   ,    1.02195
          2,  506,         32,        795,       10.1,        101,       5.05   ,    1.00795
          2,  507,        340,        345,       10.1,        101,       5.05   ,  -0.665595
          2,  508,        781,        797,       10.1,        101,       5.05   ,   0.607981
          2,  509,         50,         89,       10.1,        101,       5.05   ,   -1.44408
          2,  510,        718,        445,       10.1,        101,       5.05   ,    0.72397
          2,  511,        683,        187,       10.1,        101,       5.05   ,   0.889757
          2,  512,        782,        745,       10.1,        101,       5.05   ,   0.549832
          2,  513,        715,        865,       10.1,        101,       5.05   ,   -1.27106
          2,  514,        265,        994,       10.1,        101,       5.05   ,   0.730401
          2,  515,        766,        145,       10.1,        101,       5.05   ,   0.869367
          2,  516,        257,        764,       10.1,        101,       5.05   ,   -1.15342
          2,  517,         94,        316,       10.1,        101,       5.05   ,   -1.31034
          2,  518,        836,         87,       10.1,        101,       5.05   ,    1.46908
          2,  519,        303,        777,       10.1,        101,       5.05   ,    1.17057
          2,  520,        983,        771,       10.1,        101,       5.05   ,  -0.117955
          2,  521,        491,        417,       10.1,        101,       5.05   ,  -0.108167
          2,  522,        786,        864,       10.1,        101,       5.05   ,  -0.719653
          2,  523,          2,        686,       10.1,        101,       5.05   ,   -1.34786
          2,  524,         66,        798,       10.1,        101,       5.05   ,  -0.339354
          2,  525,        634,        602,       10.1,        101,       5.05   ,   0.787846
          2,  526,        702,        920,       10.1,        101,       5.05   ,   0.874252
          2,  527,        853,        695,       10.1,        101,       5.05   , -0.0170943
          2,  528,        754,        287,       10.1,        101,       5.05   ,   0.764201
          2,  529,        140,        602,       10.1,        101,       5.05   ,    1.48027
          2,  530,        901,         95,       10.1,        101,       5.05   ,    1.27279
          2,  531,        772,        666,       10.1,        101,       5.05   ,  -0.596431
          2,  532,        811,        701,       10.1,        101,       5.05   ,   0.104583
          2,  533,        501,        794,       10.1,        101,       5.05   ,  -0.179099
          2,  534,        876,        554,       10.1,        101,       5.05   ,  -0.451289
          2,  535,        187,        732,       10.1,        101,       5.05   ,   0.196348
          2,  536,        849,        922,       10.1,        101,       5.05   ,    1.55626
          2,  537,        405,        994,       10.1,        101,       5.05   ,   0.497344
          2,  538,        289,         19,       10.1,        101,       5.05   ,    1.46714
          2,  539,        104,         25,       10.1,        101,       5.05   ,  -0.575613
          2,  540,         58,        230,       10.1,        101,       5.05   ,    -1.1617
          2,  541,         70,        789,       10.1,        101,       5.05   , -0.0460369
          2,  542,         74,        286,       10.1,        101,       5.05   ,    1.19627
          2,  543,        755,        846,       10.1,        101,       5.05   ,  -0.870936
          2,  544,        900,         81,       10.1,        101,       5.05   ,   0.496021
          2,  545,        221,        932,       10.1,        101,       5.05   ,  -0.474892
          2,  546,        221,        758,       10.1,        101,       5.05   ,   0.969313
          2,  547,        268,        707,       10.1,        101,       5.05   ,  -0.844999
          2,  548,        431,        598,       10.1,        101,       5.05   ,   -0.80754
          2,  549,         11,        347,       10.1,        101,       5.05   ,   0.558934
          2,  550,        521,        821,       10.1,        101,       5.05   ,    -1.0473
          2,  551,        585,        285,       10.1,        101,       5.05   ,  -0.471108
          2,  552,        174,        145,       10.1,        101,       5.05   ,   0.381526
          2,  553,        132,        521,       10.1,        101,       5.05   ,  -0.381266
          2,  554,        981,        701,       10.1,        101,       5.05   ,  -0.376636
          2,  555,        705,        726,       10.1,        101,       5.05   ,  -0.507125
          2,  556,        555,        836,       10.1,        101,       5.05   ,   -1.19984
          2,  557,        819,        334,       10.1,        101,       5.05   ,   0.704655
          2,  558,        638,        403,       10.1,        101,       5.05   ,   0.766998
          2,  559,        447,        202,       10.1,        101,       5.05   ,  -0.180005
          2,  560,        259,        175,       10.1,        101,       5.05   ,    1.43339
          2,  561,        719,        271,       10.1,        101,       5.05   ,   0.165744
          2,  562,        731,         78,       10.1,        101,       5.05   ,   0.297895
          2,  563,        399,         35,       10.1,        101,       5.05   ,    1.09422
          2,  564,        541,        906,       10.1,        101,       5.05   ,   -1.07818
          2,  565,        855,        576,       10.1,        101,       5.05   ,   0.273995
          2,  566,        421,        842,       10.1,        101,       5.05   ,  -0.941405
          2,  567,        920,        466,       10.1,        101,       5.05   ,   0.867777
          2,  568,        620,         56,       10.1,        101,       5.05   ,  0.0509432
          2,  569,        854,        606,       10.1,        101,       5.05   ,   0.185824
          2,  570,        827,        367,       10.1,        101,       5.05   ,  -0.677414
          2,  571,        718,        281,       10.1,        101,       5.05   ,    1.39484
          2,  572,        248,        832,       10.1,        101,       5.05   ,   -1.09551
          2,  573,        142,        179,       10.1,        101,       5.05   ,   -1.10611
          2,  574,        153,        653,       10.1,        101,       5.05   ,   -1.37114
          2,  575,        139,        648,       10.1,        101,       5.05   ,   0.775941
          2,  576,         61,        923,       10.1,        101,       5.05   ,    1.13843
          2,  577,        673,        983,       10.1,        101,       5.05   ,   0.347666
          2,  578,        593,         76,       10.1,        101,       5.05   ,   0.466894
          2,  579,        992,        178,       10.1,        101,       5.05   ,    1.21841
          2,  580,        810,        403,       10.1,        101,       5.05   ,   0.800762
          2,  581,        860,        555,       10.1,        101,       5.05   ,  -0.385619
          2,  582,        259,        283,       10.1,        101,       5.05   ,    1.26701
          2,  583,        595,        456,       10.1,        101,       5.05   ,  -0.588194
          2,  584,         21,         42,       10.1,        101,       5.05   ,   0.365572
          2,  585,         99,        637,       10.1,        101,       5.05   ,   -1.17169
          2,  586,        709,        683,       10.1,        101,       5.05   ,    1.53757
          2,  587,        426,        881,       10.1,        101,       5.05   ,    0.92908
          2,  588,        297,         53,       10.1,        101,       5.05   ,   0.736043
          2,  589,         97,        885,       10.1,        101,       5.05   ,     -1.503
          2,  590,        688,        569,       10.1,        101,       5.05   ,   0.891922
          2,  591,        905,        558,       10.1,        101,       5.05   ,   -1.43475
          2,  592,        242,        721,       10.1,        101,       5.05   ,  0.0980836
          2,  593,        467,        673,       10.1,        101,       5.05   ,    1.33035
          2,  594,        528,        713,       10.1,        101,       5.05   ,   0.401625
          2,  595,        833,        813,       10.1,        101,       5.05   ,  -0.157758
          2,  596,        205,        606,       10.1,        101,       5.05   ,  -0.401387
          2,  597,        905,        746,       10.1,        101,       5.05   ,  -0.507515
          2,  598,        980,         45,       10.1,        101,       5.05   ,   -1.45204
          2,  599,        378,        585,       10.1,        101,       5.05   ,   -1.10012
          2,  600,        607,        433,       10.1,        101,       5.05   ,   0.755976
          2,  601,         38,        252,       10.1,        101,       5.05   ,   -1.51676
          2,  602,        115,        306,       10.1,        101,       5.05   ,  -0.800387
          2,  603,        631,        844,       10.1,        101,       5.05   ,  -0.316918
          2,  604,        551,        121,       10.1,        101,       5.05   ,   0.309883
          2,  605,        788,        937,       10.1,        101,       5.05   ,   0.528967
          2,  606,        429,        235,       10.1,        101,       5.05   ,   -1.36568
          2,  607,         63,        798,       10.1,        101,       5.05   ,   0.952988
          2,  608,        115,         90,       10.1,        101,       5.05   ,    0.91456
          2,  609,        716,        412,       10.1,        101,       5.05   ,  -0.450661
          2,  610,        706,        342,       10.1,        101,       5.05   ,  -0.955496
          2,  611,        127,        929,       10.1,        101,       5.05   ,  -0.269161
          2,  612,        847,        787,       10.1,        101,       5.05   ,   -1.53358
          2,  613,        252,        523,       10.1,        101,       5.05   ,   -1.34963
          2,  614,        255,        343,       10.1,        101,       5.05   ,    1.32848
          2,  615,        450,        399,       10.1,        101,       5.05   ,   0.475289
          2,  616,        160,        439,       10.1,        101,       5.05   ,   0.826846
          2,  617,        573,        620,       10.1,        101,       5.05   ,  -0.616301
          2,  618,        321,        970,       10.1,        101,       5.05   ,   0.781022
          2,  619,        123,        455,       10.1,        101,       5.05   ,   0.528117
          2,  620,        636,        271,       10.1,        101,       5.05   ,   -1.01821
          2,  621,         90,        114,       10.1,        101,       5.05   ,    1.26273
          2,  622,        513,        434,       10.1,        101,       5.05   ,   0.512496
          2,  623,        373,         12,       10.1,        101,       5.05   ,   0.293219
          2,  624,        421,        890,       10.1,        101,       5.05   ,   -1.06209
          2,  625,        789,        293,       10.1,        101,       5.05   ,  -0.440919
          2,  626,        177,        988,       10.1,        101,       5.05   ,   -1.50556
          2,  627,        149,        985,       10.1,        101,       5.05   ,  -0.729034
          2,  628,        913,        908,       10.1,        101,       5.05   ,   0.957347
          2,  629,        599,        515,       10.1,        101,       5.05   ,   -1.26237
          2,  630,        111,        796,       10.1,        101,       5.05   ,  -0.422369
          2,  631,        989,        978,       10.1,        101,       5.05   ,   0.468429
          2,  632,        700,        912,       10.1,        101,       5.05   ,   0.162526
          2,  633,        243,        517,       10.1,        101,       5.05   ,   0.485152
          2,  634,        354,        837,       10.1,        101,       5.05   ,   -1.26861
          2,  635,        781,          9,       10.1,        101,       5.05   ,   0.183966
          2,  636,        386,        487,       10.1,        101,       5.05   ,   -1.07089
          2,  637,        766,        511,       10.1,        101,       5.05   ,   0.155026
          2,  638,        622,        443,       10.1,        101,       5.05   , 0.00251437
          2,  639,        637,        486,       10.1,        101,       5.05   ,  -0.693002
          2,  640,         71,        965,       10.1,        101,       5.05   ,   0.396013
          2,  641,        570,        901,       10.1,        101,       5.05   ,  -0.796552
          2,  642,        150,        472,       10.1,        101,       5.05   ,   -1.50427
          2,  643,        395,        624,       10.1,        101,       5.05   ,    1.27045
          2,  644,        198,        408,       10.1,        101,       5.05   ,    1.56314
          2,  645,        558,        803,       10.1,        101,       5.05   ,  -0.479469
          2,  646,        721,        299,       10.1,        101,       5.05   ,  0.0964353
          2,  647,         88,        649,       10.1,        101,       5.05   ,   0.340635
          2,  648,        953,        342,       10.1,        101,       5.05   ,    1.52597
          2,  649,        788,        485,       10.1,        101,       5.05   ,   0.522078
          2,  650,        924,        800,       10.1,        101,       5.05   ,  -0.613882
          2,  651,        130,        383,       10.1,        101,       5.05   ,  -0.216212
          2,  652,        903,        236,       10.1,        101,       5.05   ,    1.46736
          2,  653,        590,        875,       10.1,        101,       5.05   ,   -1.51165
          2,  654,        924,        392,       10.1,        101,       5.05   ,  -0.243536
          2,  655,        826,        943,       10.1,        101,       5.05   ,  0.0947928
          2,  656,         95,        309,       10.1,        101,       5.05   ,   0.932275
          2,  657,        899,        334,       10.1,        101,       5.05   ,    1.25015
          2,  658,         21,        754,       10.1,        101,       5.05   ,  -0.846284
          2,  659,        543,        147,       10.1,        101,       5.05   ,    1.44715
          2,  660,        174,        878,       10.1,        101,       5.05   ,    1.05657
          2,  661,        185,        935,       10.1,        101,       5.05   ,   -1.35946
          2,  662,          8,        907,       10.1,        101,       5.05   ,   -1.42792
          2,  663,        246,        190,       10.1,        101,       5.05   ,   -0.29135
          2,  664,        621,        997,       10.1,        101,       5.05   ,   0.381608
          2,  665,        435,        755,       10.1,        101,       5.05   ,    1.52295
          2,  666,        403,        719,       10.1,        101,       5.05   ,  -0.415946
          2,  667,        848,        460,       10.1,        101,       5.05   ,  -0.104793
          2,  668,        660,        177,       10.1,        101,       5.05   ,   0.702811
          2,  669,        834,        946,       10.1,        101,       5.05   ,  -0.298628
          2,  670,        602,        718,       10.1,        101,       5.05   ,   0.251273
          2,  671,        162,         51,       10.1,        101,       5.05   ,    1.30884
          2,  672,        397,        987,       10.1,        101,       5.05   ,   0.270961
          2,  673,        208,        334,       10.1,        101,       5.05   ,    1.13326
          2,  674,        463,        674,       10.1,        101,       5.05   ,   -1.14947
          2,  675,        182,        395,       10.1,        101,       5.05   ,   0.617719
          2,  676,        593,        503,       10.1,        101,       5.05   ,    1.00705
          2,  677,         70,        623,       10.1,        101,       5.05   ,   0.280441
          2,  678,        252,        495,       10.1,        101,       5.05   ,   0.157013
          2,  679,        462,        506,       10.1,        101,       5.05   ,    1.17463
          2,  680,        722,          6,       10.1,        101,       5.05   ,    0.65551
          2,  681,        995,        852,       10.1,        101,       5.05   ,   0.201758
          2,  682,        834,        484,       10.1,        101,       5.05   ,   0.500032
          2,  683,        675,         90,       10.1,        101,       5.05   ,    1.13657
          2,  684,        681,        415,       10.1,        101,       5.05   ,   -0.83548
          2,  685,        936,        665,       10.1,        101,       5.05   ,   0.623252
          2,  686,        247,        891,       10.1,        101,       5.05   ,   0.261531
          2,  687,        328,        802,       10.1,        101,       5.05   ,   -0.14798
          2,  688,        967,        588,       10.1,        101,       5.05   , -0.0239341
          2,  689,        739,        246,       10.1,        101,       5.05   ,    1.18309
          2,  690,        694,        867,       10.1,        101,       5.05   ,    1.41563
          2,  691,         98,        424,       10.1,        101,       5.05   ,   0.659646
          2,  692,        167,        433,       10.1,        101,       5.05   ,  0.0674346
          2,  693,        944,        691,       10.1,        101,       5.05   ,   0.341936
          2,  694,        398,        116,       10.1,        101,       5.05   ,  -0.885415
          2,  695,        229,        796,       10.1,        101,       5.05   ,    1.50043
          2,  696,        742,        765,       10.1,        101,       5.05   ,  -0.684892
          2,  697,         50,        430,       10.1,        101,       5.05   ,  -0.425441
          2,  698,        820,        694,       10.1,        101,       5.05   ,    1.13797
          2,  699,        451,        516,       10.1,        101,       5.05   ,   -1.39564
          2,  700,          4,        605,       10.1,        101,       5.05   ,  -0.494727
          2,  701,        994,        417,       10.1,        101,       5.05   ,    1.16298
          2,  702,        665,        632,       10.1,        101,       5.05   ,    1.06853
          2,  703,        657,        719,       10.1,        101,       5.05   ,   0.710486
          2,  704,        341,        915,       10.1,        101,       5.05   ,  -0.266316
          2,  705,        304,        402,       10.1,        101,       5.05   ,   -1.11505
          2,  706,        166,        112,       10.1,        101,       5.05   ,   -0.65568
          2,  707,        287,         97,       10.1,        101,       5.05   ,  -0.283546
          2,  708,        920,        526,       10.1,        101,       5.05   ,   -1.24354
          2,  709,        417,        427,       10.1,        101,       5.05   ,    1.13948
------------------------------------------------------------------------------
Component[2] Total Sloped Parallelepiped = 709