Component 2 maximum area=0.323322 [on 1000x1000]
Component type: Sloped rectangle
---------------------------------------------------------------------------------------
--------------|------- Center-----|----- dimensions---------|----------------------
component| id|    X       |     Y      |  Width/a     | height/b |   hoop   |   Slope   
---------------------------------------------------------------------------------------
          2,    1,         76,        742,       10.1,        101,       5.05   ,  -0.618409
          2,    2,        993,        316,       10.1,        101,       5.05   ,   0.148686
          2,    3,        417,        837,       10.1,        101,       5.05   ,   -1.38778
          2,    4,        850,        385,       10.1,        101,       5.05   ,    1.28938
          2,    5,        647,         39,       10.1,        101,       5.05   ,  -0.815161
          2,    6,        186,        310,       10.1,        101,       5.05   ,  -0.347704
          2,    7,        471,        961,       10.1,        101,       5.05   ,   0.404734
          2,    8,        154,        966,       10.1,        101,       5.05   ,  -0.359244
          2,    9,        517,        857,       10.1,        101,       5.05   ,   0.233804
          2,   10,        623,        605,       10.1,        101,       5.05   ,  -0.147863
          2,   11,        771,        526,       10.1,        101,       5.05   ,   0.350199
          2,   12,        138,        463,       10.1,        101,       5.05   ,    1.44793
          2,   13,        784,        430,       10.1,        101,       5.05   ,   -1.03043
          2,   14,         37,        247,       10.1,        101,       5.05   ,    1.02025
          2,   15,        616,        802,       10.1,        101,       5.05   ,   0.550605
          2,   16,        195,        743,       10.1,        101,       5.05   ,  -0.406457
          2,   17,        104,        892,       10.1,        101,       5.05   ,   0.319125
          2,   18,        837,        222,       10.1,        101,       5.05   ,   -1.19679
          2,   19,        416,        892,       10.1,        101,       5.05   ,    1.04306
          2,   20,        890,        296,       10.1,        101,       5.05   ,   0.945041
          2,   21,        157,        242,       10.1,        101,       5.05   ,   0.933303
          2,   22,        445,        850,       10.1,        101,       5.05   ,  -0.217911
          2,   23,        809,        855,       10.1,        101,       5.05   ,     0.4654
          2,   24,        690,        532,       10.1,        101,       5.05   ,    0.87936
          2,   25,        480,        590,       10.1,        101,       5.05   ,   0.957904
          2,   26,        355,        666,       10.1,        101,       5.05   ,   -1.18543
          2,   27,        514,        992,       10.1,        101,       5.05   ,   -1.50858
          2,   28,        131,        801,       10.1,        101,       5.05   ,    1.22589
          2,   29,        269,        796,       10.1,        101,       5.05   ,  0.0114185
          2,   30,        484,        941,       10.1,        101,       5.05   ,   0.558956
          2,   31,        486,        297,       10.1,        101,       5.05   ,  -0.639099
          2,   32,        550,        584,       10.1,        101,       5.05   ,    -0.6595
          2,   33,        886,        591,       10.1,        101,       5.05   ,   -1.12227
          2,   34,        370,         93,       10.1,        101,       5.05   ,  -0.760988
          2,   35,        636,        191,       10.1,        101,       5.05   ,  -0.131086
          2,   36,        939,        767,       10.1,        101,       5.05   ,   0.678694
          2,   37,         10,        870,       10.1,        101,       5.05   , -0.0675526
          2,   38,        562,        773,       10.1,        101,       5.05   ,    -1.2696
          2,   39,        844,         13,       10.1,        101,       5.05   ,   0.138114
          2,   40,        986,        466,       10.1,        101,       5.05   ,    1.22726
          2,   41,        539,        558,       10.1,        101,       5.05   ,    1.54788
          2,   42,        771,        399,       10.1,        101,       5.05   ,  -0.734193
          2,   43,        736,        939,       10.1,        101,       5.05   ,  -0.230807
          2,   44,        976,        410,       10.1,        101,       5.05   ,   0.983462
          2,   45,        739,        944,       10.1,        101,       5.05   ,   0.791975
          2,   46,        927,        592,       10.1,        101,       5.05   ,    0.46262
          2,   47,        275,        114,       10.1,        101,       5.05   ,   0.983841
          2,   48,        748,        474,       10.1,        101,       5.05   ,   -1.43422
          2,   49,        222,        534,       10.1,        101,       5.05   ,   -1.25956
          2,   50,        188,        823,       10.1,        101,       5.05   ,    1.31009
          2,   51,         52,        673,       10.1,        101,       5.05   , -0.0221316
          2,   52,         67,        885,       10.1,        101,       5.05   ,   -1.10448
          2,   53,        572,         29,       10.1,        101,       5.05   ,    1.28233
          2,   54,        312,        706,       10.1,        101,       5.05   ,   -1.50672
          2,   55,        436,         90,       10.1,        101,       5.05   ,  -0.639037
          2,   56,        957,        765,       10.1,        101,       5.05   ,   -1.09238
          2,   57,        430,        934,       10.1,        101,       5.05   ,  -0.399126
          2,   58,        249,        909,       10.1,        101,       5.05   ,  -0.478013
          2,   59,        769,        630,       10.1,        101,       5.05   ,    0.60709
          2,   60,        892,         63,       10.1,        101,       5.05   ,   0.436643
          2,   61,         84,         74,       10.1,        101,       5.05   ,  -0.449304
          2,   62,        274,        814,       10.1,        101,       5.05   ,  -0.230048
          2,   63,        653,        130,       10.1,        101,       5.05   ,    0.75912
          2,   64,        707,        104,       10.1,        101,       5.05   ,    1.11557
          2,   65,        198,        536,       10.1,        101,       5.05   ,  -0.450338
          2,   66,        951,          9,       10.1,        101,       5.05   ,    1.49004
          2,   67,        185,        609,       10.1,        101,       5.05   ,   -1.06639
          2,   68,        937,        186,       10.1,        101,       5.05   ,   0.632334
          2,   69,        951,        719,       10.1,        101,       5.05   ,  -0.788955
          2,   70,        422,        284,       10.1,        101,       5.05   ,  -0.741634
          2,   71,        642,         19,       10.1,        101,       5.05   ,    1.45973
          2,   72,        797,        868,       10.1,        101,       5.05   ,   0.640965
          2,   73,        566,        872,       10.1,        101,       5.05   ,   -0.29109
          2,   74,        585,        186,       10.1,        101,       5.05   , -0.0846625
          2,   75,        554,         91,       10.1,        101,       5.05   ,  0.0117717
          2,   76,        668,        340,       10.1,        101,       5.05   ,     0.8325
          2,   77,        652,        418,       10.1,        101,       5.05   ,   0.338081
          2,   78,        296,        164,       10.1,        101,       5.05   ,  -0.058981
          2,   79,        608,        994,       10.1,        101,       5.05   ,  -0.611198
          2,   80,         13,        155,       10.1,        101,       5.05   ,-0.00591314
          2,   81,        392,        964,       10.1,        101,       5.05   ,   0.939117
          2,   82,        907,        164,       10.1,        101,       5.05   ,   -1.51139
          2,   83,        741,        947,       10.1,        101,       5.05   ,   -1.45003
          2,   84,        241,        722,       10.1,        101,       5.05   ,   0.150365
          2,   85,         34,         18,       10.1,        101,       5.05   ,   0.750384
          2,   86,        843,        848,       10.1,        101,       5.05   ,  -0.795626
          2,   87,        352,        285,       10.1,        101,       5.05   ,     1.4664
          2,   88,        180,        823,       10.1,        101,       5.05   ,   0.319091
          2,   89,        229,        184,       10.1,        101,       5.05   ,   0.297177
          2,   90,        235,        975,       10.1,        101,       5.05   ,  -0.800506
          2,   91,        197,        195,       10.1,        101,       5.05   ,   0.856455
          2,   92,        410,        587,       10.1,        101,       5.05   ,    1.53569
          2,   93,        228,        488,       10.1,        101,       5.05   ,    0.79406
          2,   94,         40,        224,       10.1,        101,       5.05   ,  -0.256978
          2,   95,        858,          0,       10.1,        101,       5.05   ,   -1.15734
          2,   96,        228,        638,       10.1,        101,       5.05   ,   0.645045
          2,   97,        520,        370,       10.1,        101,       5.05   ,    1.48682
          2,   98,        484,        479,       10.1,        101,       5.05   ,   0.964404
          2,   99,        580,        815,       10.1,        101,       5.05   ,    1.16236
          2,  100,        120,        930,       10.1,        101,       5.05   ,  -0.452157
          2,  101,        438,        474,       10.1,        101,       5.05   ,  -0.183955
          2,  102,        973,        192,       10.1,        101,       5.05   , -0.0709895
          2,  103,        715,        948,       10.1,        101,       5.05   ,  -0.241094
          2,  104,        611,        457,       10.1,        101,       5.05   ,   0.665053
          2,  105,        863,        817,       10.1,        101,       5.05   ,   0.193668
          2,  106,        764,        161,       10.1,        101,       5.05   ,  -0.758203
          2,  107,        455,        745,       10.1,        101,       5.05   ,    1.25195
          2,  108,        649,        233,       10.1,        101,       5.05   ,   0.747079
          2,  109,        472,        696,       10.1,        101,       5.05   , -0.0896993
          2,  110,        547,        713,       10.1,        101,       5.05   ,  -0.481009
          2,  111,        813,        391,       10.1,        101,       5.05   ,   0.541531
          2,  112,        883,        216,       10.1,        101,       5.05   ,  -0.759626
          2,  113,        833,        324,       10.1,        101,       5.05   ,   -1.07703
          2,  114,        575,        612,       10.1,        101,       5.05   ,   0.891305
          2,  115,        153,        625,       10.1,        101,       5.05   ,   -0.45958
          2,  116,        246,        359,       10.1,        101,       5.05   ,   -1.49342
          2,  117,        724,        166,       10.1,        101,       5.05   ,  -0.804743
          2,  118,        743,         42,       10.1,        101,       5.05   ,    0.25181
          2,  119,        558,        733,       10.1,        101,       5.05   ,  0.0487539
          2,  120,         76,        452,       10.1,        101,       5.05   ,  -0.959365
          2,  121,        823,        682,       10.1,        101,       5.05   ,  -0.820161
          2,  122,        350,        757,       10.1,        101,       5.05   ,   0.161158
          2,  123,        463,        940,       10.1,        101,       5.05   ,  -0.987432
          2,  124,         23,        882,       10.1,        101,       5.05   ,  0.0546073
          2,  125,        390,        147,       10.1,        101,       5.05   ,   0.211758
          2,  126,        889,        210,       10.1,        101,       5.05   ,   -1.52592
          2,  127,        152,        574,       10.1,        101,       5.05   ,   0.485269
          2,  128,        498,        683,       10.1,        101,       5.05   ,    1.38837
          2,  129,        207,        975,       10.1,        101,       5.05   ,   0.494128
          2,  130,        698,        341,       10.1,        101,       5.05   ,    0.61595
          2,  131,        131,         45,       10.1,        101,       5.05   ,    -1.4068
          2,  132,        278,        595,       10.1,        101,       5.05   ,   0.575699
          2,  133,         64,        130,       10.1,        101,       5.05   ,   0.574049
          2,  134,        414,         36,       10.1,        101,       5.05   ,   0.074412
          2,  135,        880,        206,       10.1,        101,       5.05   ,   0.130849
          2,  136,        209,        563,       10.1,        101,       5.05   ,   -1.08943
          2,  137,        290,        769,       10.1,        101,       5.05   ,   0.789494
          2,  138,        930,        186,       10.1,        101,       5.05   ,    1.13545
          2,  139,        464,        875,       10.1,        101,       5.05   , -0.0647342
          2,  140,         28,        125,       10.1,        101,       5.05   ,   0.440081
          2,  141,        153,        610,       10.1,        101,       5.05   ,  -0.142262
          2,  142,        565,        486,       10.1,        101,       5.05   ,   0.850558
          2,  143,        903,        279,       10.1,        101,       5.05   ,    1.13392
          2,  144,        906,        158,       10.1,        101,       5.05   ,  -0.590678
          2,  145,        601,        699,       10.1,        101,       5.05   ,   -1.36501
          2,  146,        731,        103,       10.1,        101,       5.05   ,   0.887023
          2,  147,        809,        615,       10.1,        101,       5.05   ,    1.14654
          2,  148,        353,        637,       10.1,        101,       5.05   ,  -0.952069
          2,  149,        886,        425,       10.1,        101,       5.05   ,  -0.355485
          2,  150,        795,        854,       10.1,        101,       5.05   ,  -0.138714
          2,  151,        419,        195,       10.1,        101,       5.05   ,   -1.03186
          2,  152,        314,         18,       10.1,        101,       5.05   ,   0.545804
          2,  153,        617,        353,       10.1,        101,       5.05   ,   0.737576
          2,  154,         98,        453,       10.1,        101,       5.05   ,  -0.645374
          2,  155,        641,        732,       10.1,        101,       5.05   ,   0.900722
          2,  156,        434,        242,       10.1,        101,       5.05   ,   0.170867
          2,  157,        982,        244,       10.1,        101,       5.05   , -0.0189548
          2,  158,        896,        533,       10.1,        101,       5.05   ,    1.16172
          2,  159,        599,        915,       10.1,        101,       5.05   ,   0.482715
          2,  160,        917,        670,       10.1,        101,       5.05   ,    1.39468
          2,  161,        184,        219,       10.1,        101,       5.05   ,  -0.879547
          2,  162,        683,        994,       10.1,        101,       5.05   ,  -0.379613
          2,  163,         88,        937,       10.1,        101,       5.05   ,    1.50595
          2,  164,        969,        616,       10.1,        101,       5.05   ,   -1.02651
          2,  165,        374,        995,       10.1,        101,       5.05   ,   0.291341
          2,  166,        257,        585,       10.1,        101,       5.05   , -0.0115342
          2,  167,        455,        229,       10.1,        101,       5.05   ,   0.156979
          2,  168,        920,        236,       10.1,        101,       5.05   ,    1.00966
          2,  169,        644,        653,       10.1,        101,       5.05   ,  -0.259438
          2,  170,        960,        873,       10.1,        101,       5.05   , -0.0735614
          2,  171,        786,        100,       10.1,        101,       5.05   ,  0.0885381
          2,  172,        925,        974,       10.1,        101,       5.05   ,   0.400993
          2,  173,        872,        928,       10.1,        101,       5.05   ,   0.294424
          2,  174,        497,        297,       10.1,        101,       5.05   ,   0.182782
          2,  175,        885,        721,       10.1,        101,       5.05   ,   0.649208
          2,  176,        112,        194,       10.1,        101,       5.05   ,   0.851145
          2,  177,        752,        890,       10.1,        101,       5.05   ,   0.451519
          2,  178,        517,        750,       10.1,        101,       5.05   ,     0.6758
          2,  179,         25,        687,       10.1,        101,       5.05   ,  0.0458705
          2,  180,        656,         51,       10.1,        101,       5.05   ,   -1.31049
          2,  181,        864,        838,       10.1,        101,       5.05   ,     1.4425
          2,  182,         35,         58,       10.1,        101,       5.05   ,   -0.98256
          2,  183,        559,        609,       10.1,        101,       5.05   ,  -0.187366
          2,  184,        546,        152,       10.1,        101,       5.05   ,  -0.692706
          2,  185,        990,        410,       10.1,        101,       5.05   ,  -0.979113
          2,  186,        890,        840,       10.1,        101,       5.05   ,   -0.43587
          2,  187,        215,        812,       10.1,        101,       5.05   ,   -1.25334
          2,  188,        217,        521,       10.1,        101,       5.05   ,   -1.23225
          2,  189,        277,        574,       10.1,        101,       5.05   ,  -0.281547
          2,  190,        853,        961,       10.1,        101,       5.05   ,   0.689689
          2,  191,        584,          1,       10.1,        101,       5.05   ,    1.27364
          2,  192,        505,        249,       10.1,        101,       5.05   ,   0.614938
          2,  193,        979,        601,       10.1,        101,       5.05   ,  -0.254935
          2,  194,        905,        876,       10.1,        101,       5.05   ,  0.0184306
          2,  195,        605,        619,       10.1,        101,       5.05   ,    1.53221
          2,  196,        290,         94,       10.1,        101,       5.05   ,    0.69136
          2,  197,        222,        327,       10.1,        101,       5.05   ,   -1.04903
          2,  198,        184,         27,       10.1,        101,       5.05   ,   -1.53236
          2,  199,        827,        910,       10.1,        101,       5.05   ,   0.536967
          2,  200,        606,        164,       10.1,        101,       5.05   ,  -0.945931
          2,  201,        215,        187,       10.1,        101,       5.05   , -0.0623636
          2,  202,        303,        766,       10.1,        101,       5.05   ,   -1.26507
          2,  203,        585,        160,       10.1,        101,       5.05   ,   -1.16778
          2,  204,         54,        851,       10.1,        101,       5.05   , -0.0744682
          2,  205,        770,        465,       10.1,        101,       5.05   ,   0.358701
          2,  206,        770,        584,       10.1,        101,       5.05   ,   -1.34073
          2,  207,         55,        952,       10.1,        101,       5.05   ,   0.729558
          2,  208,        405,        698,       10.1,        101,       5.05   ,    1.17867
          2,  209,        860,        728,       10.1,        101,       5.05   ,   -1.54817
          2,  210,        538,        135,       10.1,        101,       5.05   ,   -1.04377
          2,  211,        484,        644,       10.1,        101,       5.05   ,   -0.84071
          2,  212,        492,        878,       10.1,        101,       5.05   ,   0.057337
          2,  213,        728,        984,       10.1,        101,       5.05   ,   0.330303
          2,  214,        494,        562,       10.1,        101,       5.05   ,   -1.51197
          2,  215,         69,        335,       10.1,        101,       5.05   ,   0.844491
          2,  216,        532,        864,       10.1,        101,       5.05   ,   0.258571
          2,  217,        697,        153,       10.1,        101,       5.05   ,  -0.793428
          2,  218,        810,        456,       10.1,        101,       5.05   ,    1.42293
          2,  219,        496,        377,       10.1,        101,       5.05   ,    1.14924
          2,  220,        334,        720,       10.1,        101,       5.05   ,  -0.757323
          2,  221,         19,        146,       10.1,        101,       5.05   ,  -0.298263
          2,  222,        106,        274,       10.1,        101,       5.05   ,   0.825526
          2,  223,        917,        849,       10.1,        101,       5.05   ,   0.702422
          2,  224,        918,        939,       10.1,        101,       5.05   ,   0.963795
          2,  225,        245,        149,       10.1,        101,       5.05   ,    1.37605
          2,  226,        662,         68,       10.1,        101,       5.05   ,   -1.45541
          2,  227,        183,        781,       10.1,        101,       5.05   ,   0.994826
          2,  228,        597,        914,       10.1,        101,       5.05   ,  -0.521583
          2,  229,        703,         72,       10.1,        101,       5.05   ,  -0.626605
          2,  230,        987,        157,       10.1,        101,       5.05   ,  -0.347622
          2,  231,        388,        745,       10.1,        101,       5.05   ,   -1.56393
          2,  232,        576,        156,       10.1,        101,       5.05   ,    1.28939
          2,  233,        432,        545,       10.1,        101,       5.05   ,  -0.708102
          2,  234,        234,        944,       10.1,        101,       5.05   ,   0.694658
          2,  235,        140,        916,       10.1,        101,       5.05   ,  -0.543676
          2,  236,        276,         69,       10.1,        101,       5.05   ,  -0.938673
          2,  237,        912,        907,       10.1,        101,       5.05   ,   0.487971
          2,  238,         87,        391,       10.1,        101,       5.05   ,    1.27323
          2,  239,        742,        945,       10.1,        101,       5.05   ,   0.558449
          2,  240,        177,        526,       10.1,        101,       5.05   ,   -1.26401
          2,  241,        774,        987,       10.1,        101,       5.05   ,   0.150065
          2,  242,        885,        477,       10.1,        101,       5.05   ,  -0.188614
          2,  243,        943,        651,       10.1,        101,       5.05   ,  -0.400299
          2,  244,        644,        125,       10.1,        101,       5.05   ,    1.45855
          2,  245,        799,        814,       10.1,        101,       5.05   ,   -1.49761
          2,  246,         16,        916,       10.1,        101,       5.05   ,   -0.20115
          2,  247,        516,        749,       10.1,        101,       5.05   ,  -0.507012
          2,  248,        657,        236,       10.1,        101,       5.05   ,   -1.05089
          2,  249,        410,        579,       10.1,        101,       5.05   ,  -0.308105
          2,  250,        809,        642,       10.1,        101,       5.05   ,   -1.13078
          2,  251,        969,         16,       10.1,        101,       5.05   ,  -0.520796
          2,  252,        791,        105,       10.1,        101,       5.05   ,    1.01564
          2,  253,         85,        821,       10.1,        101,       5.05   ,   0.493961
          2,  254,        544,        129,       10.1,        101,       5.05   ,    1.04405
          2,  255,        919,         38,       10.1,        101,       5.05   ,   -1.29028
          2,  256,        565,        295,       10.1,        101,       5.05   ,  -0.768611
          2,  257,        545,        335,       10.1,        101,       5.05   ,   -1.03078
          2,  258,         82,        346,       10.1,        101,       5.05   ,    1.10806
          2,  259,        500,        798,       10.1,        101,       5.05   ,   0.904119
          2,  260,        569,        783,       10.1,        101,       5.05   ,   -1.52614
          2,  261,        990,        133,       10.1,        101,       5.05   ,    1.09412
          2,  262,        505,        209,       10.1,        101,       5.05   ,  -0.376749
          2,  263,        405,        177,       10.1,        101,       5.05   ,   0.958006
          2,  264,         82,         73,       10.1,        101,       5.05   ,   0.152999
          2,  265,        397,        811,       10.1,        101,       5.05   ,   0.324057
          2,  266,        508,        460,       10.1,        101,       5.05   ,    1.16275
          2,  267,        290,         99,       10.1,        101,       5.05   ,    1.56892
          2,  268,        314,        979,       10.1,        101,       5.05   ,    1.18208
          2,  269,        651,        737,       10.1,        101,       5.05   ,  -0.386256
          2,  270,        284,        820,       10.1,        101,       5.05   ,  -0.607049
          2,  271,        959,        719,       10.1,        101,       5.05   ,  -0.277617
          2,  272,        380,         30,       10.1,        101,       5.05   ,   -1.08561
          2,  273,        665,         40,       10.1,        101,       5.05   ,  -0.413433
          2,  274,        204,        833,       10.1,        101,       5.05   ,   -1.07121
          2,  275,        362,        337,       10.1,        101,       5.05   ,  -0.520224
          2,  276,        437,        649,       10.1,        101,       5.05   ,    -1.0589
          2,  277,        562,        212,       10.1,        101,       5.05   ,   0.125714
          2,  278,         30,        508,       10.1,        101,       5.05   , -0.0987231
          2,  279,        342,        351,       10.1,        101,       5.05   ,   -1.32484
          2,  280,        388,        432,       10.1,        101,       5.05   ,    1.46687
          2,  281,        712,        957,       10.1,        101,       5.05   ,  -0.895205
          2,  282,        857,        431,       10.1,        101,       5.05   ,   -1.02139
          2,  283,        353,        906,       10.1,        101,       5.05   ,  -0.778636
          2,  284,        454,        992,       10.1,        101,       5.05   ,  -0.759268
          2,  285,        208,        812,       10.1,        101,       5.05   ,  -0.678227
          2,  286,          9,        347,       10.1,        101,       5.05   ,    0.25107
          2,  287,        430,        227,       10.1,        101,       5.05   ,   0.221166
          2,  288,        496,        763,       10.1,        101,       5.05   , -0.0743196
          2,  289,        733,        125,       10.1,        101,       5.05   ,    1.56624
          2,  290,        104,        336,       10.1,        101,       5.05   ,  0.0911782
          2,  291,        290,        955,       10.1,        101,       5.05   ,   0.579408
          2,  292,        127,        823,       10.1,        101,       5.05   ,   -1.37732
          2,  293,        178,        180,       10.1,        101,       5.05   ,  -0.200155
          2,  294,        629,        151,       10.1,        101,       5.05   ,  -0.778589
          2,  295,        350,        746,       10.1,        101,       5.05   ,   0.191721
          2,  296,        116,        770,       10.1,        101,       5.05   ,  -0.130972
          2,  297,        701,        935,       10.1,        101,       5.05   ,   0.763148
          2,  298,        873,        439,       10.1,        101,       5.05   ,   0.602328
          2,  299,        238,        894,       10.1,        101,       5.05   ,   -1.31199
          2,  300,         79,        556,       10.1,        101,       5.05   ,   0.777999
          2,  301,        244,         71,       10.1,        101,       5.05   ,   0.747254
          2,  302,        489,        127,       10.1,        101,       5.05   ,   -0.96425
          2,  303,        933,        139,       10.1,        101,       5.05   ,     -1.208
          2,  304,        235,        554,       10.1,        101,       5.05   ,    1.03983
          2,  305,        299,         42,       10.1,        101,       5.05   ,   -1.13101
          2,  306,        963,        205,       10.1,        101,       5.05   ,   0.771362
          2,  307,        626,         39,       10.1,        101,       5.05   ,   -1.40279
          2,  308,        373,        786,       10.1,        101,       5.05   ,   0.025038
          2,  309,        802,        548,       10.1,        101,       5.05   ,    1.02573
          2,  310,        358,        740,       10.1,        101,       5.05   ,    0.14139
          2,  311,        980,        132,       10.1,        101,       5.05   ,    0.99854
          2,  312,        284,        328,       10.1,        101,       5.05   ,  -0.885452
          2,  313,        266,         75,       10.1,        101,       5.05   ,   0.190501
          2,  314,        752,        642,       10.1,        101,       5.05   ,    1.56171
          2,  315,        658,        528,       10.1,        101,       5.05   ,  -0.420941
          2,  316,        474,        666,       10.1,        101,       5.05   ,  -0.856019
          2,  317,        457,        184,       10.1,        101,       5.05   ,    1.21546
          2,  318,        135,        391,       10.1,        101,       5.05   ,    1.51674
          2,  319,        855,        310,       10.1,        101,       5.05   ,    0.30023
          2,  320,        247,        503,       10.1,        101,       5.05   ,   -1.29968
          2,  321,        763,        781,       10.1,        101,       5.05   ,   -1.09904
          2,  322,        114,        930,       10.1,        101,       5.05   ,  -0.815767
          2,  323,         28,        466,       10.1,        101,       5.05   ,   0.680296
          2,  324,        907,        431,       10.1,        101,       5.05   ,   -1.08821
          2,  325,        324,         47,       10.1,        101,       5.05   ,    1.04673
          2,  326,        589,        786,       10.1,        101,       5.05   ,    1.01774
          2,  327,         66,        386,       10.1,        101,       5.05   ,   0.997185
          2,  328,         22,        748,       10.1,        101,       5.05   ,  -0.777315
          2,  329,        674,        754,       10.1,        101,       5.05   ,  -0.924831
          2,  330,        626,        450,       10.1,        101,       5.05   ,  -0.192814
          2,  331,        877,        401,       10.1,        101,       5.05   ,   0.765294
          2,  332,        523,        307,       10.1,        101,       5.05   ,   -1.03971
          2,  333,        344,        604,       10.1,        101,       5.05   ,   0.967364
          2,  334,         31,        221,       10.1,        101,       5.05   ,   0.167887
          2,  335,        243,        946,       10.1,        101,       5.05   ,    1.27687
          2,  336,        947,         51,       10.1,        101,       5.05   ,     1.3031
          2,  337,        103,        300,       10.1,        101,       5.05   ,   0.664868
          2,  338,        374,        702,       10.1,        101,       5.05   ,   0.838948
          2,  339,        591,        478,       10.1,        101,       5.05   , -0.0094282
          2,  340,        835,        514,       10.1,        101,       5.05   ,   0.237419
          2,  341,        431,        750,       10.1,        101,       5.05   ,    1.33919
          2,  342,         71,        185,       10.1,        101,       5.05   ,   0.460625
          2,  343,        332,        690,       10.1,        101,       5.05   ,  -0.145109
          2,  344,        714,        585,       10.1,        101,       5.05   ,    0.93593
          2,  345,        431,        462,       10.1,        101,       5.05   ,   -1.01363
          2,  346,        722,        910,       10.1,        101,       5.05   ,    1.45378
          2,  347,        306,        872,       10.1,        101,       5.05   ,  0.0718452
          2,  348,        309,        631,       10.1,        101,       5.05   ,    1.52652
          2,  349,         62,        469,       10.1,        101,       5.05   ,  -0.933744
          2,  350,        115,        676,       10.1,        101,       5.05   ,   0.470856
          2,  351,        722,        395,       10.1,        101,       5.05   ,   0.526781
          2,  352,        736,        948,       10.1,        101,       5.05   ,   0.463058
          2,  353,        698,        681,       10.1,        101,       5.05   ,  -0.789705
          2,  354,        383,        938,       10.1,        101,       5.05   ,  -0.639578
          2,  355,        675,        534,       10.1,        101,       5.05   ,   0.108579
          2,  356,        632,        231,       10.1,        101,       5.05   ,    0.32297
          2,  357,        480,        588,       10.1,        101,       5.05   ,    1.54713
          2,  358,        943,        117,       10.1,        101,       5.05   ,    1.13618
          2,  359,        836,        859,       10.1,        101,       5.05   ,   -1.48481
          2,  360,        317,        854,       10.1,        101,       5.05   ,  -0.915485
          2,  361,        859,        407,       10.1,        101,       5.05   ,    1.55644
          2,  362,        322,          9,       10.1,        101,       5.05   ,   0.863811
          2,  363,        982,        179,       10.1,        101,       5.05   ,   -0.43355
          2,  364,        403,        134,       10.1,        101,       5.05   ,   0.822292
          2,  365,        667,        727,       10.1,        101,       5.05   ,   0.955772
          2,  366,        211,        930,       10.1,        101,       5.05   ,  -0.129097
          2,  367,        420,        704,       10.1,        101,       5.05   ,  -0.825963
          2,  368,        213,        755,       10.1,        101,       5.05   ,  -0.789929
          2,  369,        400,        140,       10.1,        101,       5.05   ,  -0.694452
          2,  370,        700,        786,       10.1,        101,       5.05   ,  0.0694551
          2,  371,        626,        194,       10.1,        101,       5.05   ,   -1.16532
          2,  372,        420,        936,       10.1,        101,       5.05   ,    1.05778
          2,  373,        108,        770,       10.1,        101,       5.05   ,  -0.897067
          2,  374,        866,        683,       10.1,        101,       5.05   ,   0.913697
          2,  375,        132,        864,       10.1,        101,       5.05   ,  -0.802856
          2,  376,        266,        880,       10.1,        101,       5.05   ,   0.358318
          2,  377,        737,        367,       10.1,        101,       5.05   ,  -0.859973
          2,  378,         13,        552,       10.1,        101,       5.05   ,   -1.43366
          2,  379,        477,        116,       10.1,        101,       5.05   ,   -1.04313
          2,  380,        286,         23,       10.1,        101,       5.05   ,   -1.35979
          2,  381,        659,        119,       10.1,        101,       5.05   ,  -0.197779
          2,  382,        799,         15,       10.1,        101,       5.05   ,  -0.439588
          2,  383,        620,        744,       10.1,        101,       5.05   ,    1.38095
          2,  384,        150,        401,       10.1,        101,       5.05   ,  0.0405542
          2,  385,        769,        805,       10.1,        101,       5.05   ,    1.49234
          2,  386,        397,        416,       10.1,        101,       5.05   ,   0.957836
          2,  387,        961,        840,       10.1,        101,       5.05   ,   0.274277
          2,  388,        279,        675,       10.1,        101,       5.05   ,   -0.42555
          2,  389,        802,         67,       10.1,        101,       5.05   ,  -0.772458
          2,  390,        977,        769,       10.1,        101,       5.05   ,  -0.297944
          2,  391,        964,        465,       10.1,        101,       5.05   ,  -0.148144
          2,  392,        322,        255,       10.1,        101,       5.05   ,    1.01292
          2,  393,        816,        577,       10.1,        101,       5.05   ,    1.55142
          2,  394,        960,        178,       10.1,        101,       5.05   ,   -1.55198
          2,  395,        716,        254,       10.1,        101,       5.05   ,  -0.380207
          2,  396,         20,        854,       10.1,        101,       5.05   ,  -0.209527
          2,  397,        784,        699,       10.1,        101,       5.05   ,    -1.1458
          2,  398,        755,        565,       10.1,        101,       5.05   ,  -0.971971
          2,  399,        196,        342,       10.1,        101,       5.05   ,     1.2886
          2,  400,        719,        792,       10.1,        101,       5.05   ,  -0.815664
          2,  401,        914,        803,       10.1,        101,       5.05   ,  -0.442882
          2,  402,        520,        607,       10.1,        101,       5.05   ,   0.857454
          2,  403,        921,        991,       10.1,        101,       5.05   ,   -0.91774
          2,  404,        906,        445,       10.1,        101,       5.05   ,    0.74091
          2,  405,        772,        313,       10.1,        101,       5.05   ,   0.254649
          2,  406,         34,         99,       10.1,        101,       5.05   ,   -1.18414
          2,  407,        424,        807,       10.1,        101,       5.05   ,  -0.135919
          2,  408,        708,        461,       10.1,        101,       5.05   ,   0.122331
          2,  409,        337,        157,       10.1,        101,       5.05   ,    1.05057
          2,  410,        273,        818,       10.1,        101,       5.05   ,  -0.827425
          2,  411,        903,        101,       10.1,        101,       5.05   ,-0.00497534
          2,  412,        372,        759,       10.1,        101,       5.05   ,   0.588675
          2,  413,        752,        113,       10.1,        101,       5.05   ,   0.112293
          2,  414,         37,        990,       10.1,        101,       5.05   ,    1.26013
          2,  415,        631,        236,       10.1,        101,       5.05   ,   -1.02213
          2,  416,        214,        618,       10.1,        101,       5.05   ,  -0.481701
          2,  417,        833,        277,       10.1,        101,       5.05   ,   -1.24913
          2,  418,        418,        559,       10.1,        101,       5.05   ,    1.23289
          2,  419,        746,        864,       10.1,        101,       5.05   ,   -1.14876
          2,  420,        190,        855,       10.1,        101,       5.05   ,   0.721716
          2,  421,        692,        845,       10.1,        101,       5.05   ,   -1.37382
          2,  422,        347,        768,       10.1,        101,       5.05   ,   -1.37072
          2,  423,        779,         50,       10.1,        101,       5.05   ,   -1.12676
          2,  424,        387,        720,       10.1,        101,       5.05   ,   -1.31837
          2,  425,        852,        257,       10.1,        101,       5.05   ,  -0.647494
          2,  426,        813,        265,       10.1,        101,       5.05   ,   -1.10097
          2,  427,        336,        114,       10.1,        101,       5.05   ,    1.08818
          2,  428,        791,        680,       10.1,        101,       5.05   ,   -1.44757
          2,  429,         76,        650,       10.1,        101,       5.05   ,   -1.38432
          2,  430,        795,        725,       10.1,        101,       5.05   ,   -1.49867
          2,  431,        559,        399,       10.1,        101,       5.05   ,  -0.200808
          2,  432,        370,        514,       10.1,        101,       5.05   ,   0.517693
          2,  433,        688,        348,       10.1,        101,       5.05   ,  -0.440807
          2,  434,        287,        126,       10.1,        101,       5.05   ,   -1.41573
          2,  435,        558,        302,       10.1,        101,       5.05   ,  -0.599439
          2,  436,        389,        532,       10.1,        101,       5.05   ,  -0.626829
          2,  437,        626,        193,       10.1,        101,       5.05   ,  -0.794929
          2,  438,        288,        421,       10.1,        101,       5.05   ,   0.194435
          2,  439,        561,         99,       10.1,        101,       5.05   ,  -0.829583
          2,  440,        697,        868,       10.1,        101,       5.05   ,    1.35586
          2,  441,        545,        990,       10.1,        101,       5.05   ,   0.964619
          2,  442,         92,        281,       10.1,        101,       5.05   ,  -0.665783
          2,  443,         97,        741,       10.1,        101,       5.05   ,   0.380228
          2,  444,         13,        512,       10.1,        101,       5.05   ,   0.125907
          2,  445,        655,        165,       10.1,        101,       5.05   ,    -1.2431
          2,  446,        173,        228,       10.1,        101,       5.05   ,    1.42457
          2,  447,        163,         98,       10.1,        101,       5.05   ,   0.249316
          2,  448,        972,        784,       10.1,        101,       5.05   ,  -0.453183
          2,  449,        612,        167,       10.1,        101,       5.05   ,   0.980119
          2,  450,         16,        915,       10.1,        101,       5.05   ,   0.208776
          2,  451,          0,        348,       10.1,        101,       5.05   ,   -1.11465
          2,  452,        655,        137,       10.1,        101,       5.05   ,  -0.762808
          2,  453,        512,        597,       10.1,        101,       5.05   ,   0.649515
          2,  454,        203,        258,       10.1,        101,       5.05   ,  -0.908428
          2,  455,        417,        355,       10.1,        101,       5.05   ,   0.547467
          2,  456,          1,        870,       10.1,        101,       5.05   ,    1.02615
          2,  457,        983,        870,       10.1,        101,       5.05   ,    1.55211
          2,  458,         96,        839,       10.1,        101,       5.05   ,   -1.18525
          2,  459,        464,        905,       10.1,        101,       5.05   ,    -0.2703
          2,  460,        366,        784,       10.1,        101,       5.05   ,    0.80621
          2,  461,        374,        812,       10.1,        101,       5.05   ,    1.05431
          2,  462,        189,         73,       10.1,        101,       5.05   ,   0.725307
          2,  463,        959,        563,       10.1,        101,       5.05   ,  -0.413178
          2,  464,         30,        945,       10.1,        101,       5.05   ,    1.29103
          2,  465,        241,        587,       10.1,        101,       5.05   , -0.0292692
          2,  466,        693,        567,       10.1,        101,       5.05   ,   0.886125
          2,  467,        113,        681,       10.1,        101,       5.05   , -0.0362832
          2,  468,        131,         58,       10.1,        101,       5.05   ,  -0.952857
          2,  469,        612,         21,       10.1,        101,       5.05   ,  -0.848812
          2,  470,         85,        253,       10.1,        101,       5.05   ,  -0.525525
          2,  471,        151,        424,       10.1,        101,       5.05   ,  -0.915148
          2,  472,        402,        474,       10.1,        101,       5.05   ,  0.0583636
          2,  473,        718,        650,       10.1,        101,       5.05   ,  0.0669382
          2,  474,        508,        332,       10.1,        101,       5.05   ,  -0.508946
          2,  475,        120,        273,       10.1,        101,       5.05   ,   0.893084
          2,  476,        480,        458,       10.1,        101,       5.05   ,   -1.06297
          2,  477,         56,        206,       10.1,        101,       5.05   ,  -0.794881
          2,  478,        998,        166,       10.1,        101,       5.05   ,    0.89607
          2,  479,        254,        238,       10.1,        101,       5.05   ,  -0.705642
          2,  480,        654,        964,       10.1,        101,       5.05   ,   0.848219
          2,  481,        643,        472,       10.1,        101,       5.05   ,   0.573313
          2,  482,        807,        483,       10.1,        101,       5.05   ,    1.01299
          2,  483,        907,        543,       10.1,        101,       5.05   ,   0.941597
          2,  484,        568,        662,       10.1,        101,       5.05   ,    0.76553
          2,  485,        249,        268,       10.1,        101,       5.05   ,   -1.47901
          2,  486,        690,        430,       10.1,        101,       5.05   ,   -1.24634
          2,  487,        608,        519,       10.1,        101,       5.05   ,   -1.15141
          2,  488,        779,        852,       10.1,        101,       5.05   ,    1.24488
          2,  489,        894,        518,       10.1,        101,       5.05   ,    0.45888
          2,  490,         56,        976,       10.1,        101,       5.05   ,   0.292833
          2,  491,        478,        813,       10.1,        101,       5.05   ,  -0.492716
          2,  492,         79,        169,       10.1,        101,       5.05   ,   -1.52605
          2,  493,         66,        293,       10.1,        101,       5.05   , -0.0881257
          2,  494,          2,        598,       10.1,        101,       5.05   ,    1.00667
          2,  495,        769,        677,       10.1,        101,       5.05   ,   0.126498
          2,  496,        732,        739,       10.1,        101,       5.05   ,   -1.20618
          2,  497,        517,        401,       10.1,        101,       5.05   ,  -0.258415
          2,  498,        854,        651,       10.1,        101,       5.05   ,  -0.288147
          2,  499,        975,        758,       10.1,        101,       5.05   ,  0.0824019
          2,  500,        423,         83,       10.1,        101,       5.05   ,  -0.368989
          2,  501,        950,        717,       10.1,        101,       5.05   ,  -0.275976
          2,  502,        139,        985,       10.1,        101,       5.05   ,    1.55879
          2,  503,        804,        847,       10.1,        101,       5.05   ,    1.07844
          2,  504,        347,        634,       10.1,        101,       5.05   ,    0.61018
          2,  505,        736,        531,       10.1,        101,       5.05   ,  -0.910805
          2,  506,        980,        808,       10.1,        101,       5.05   ,   0.479051
          2,  507,        527,        173,       10.1,        101,       5.05   ,   -0.20116
          2,  508,         60,        138,       10.1,        101,       5.05   ,   -1.11034
          2,  509,        364,         43,       10.1,        101,       5.05   ,  -0.778509
          2,  510,        843,        464,       10.1,        101,       5.05   ,  -0.947092
          2,  511,        984,          3,       10.1,        101,       5.05   ,    1.43565
          2,  512,        798,        909,       10.1,        101,       5.05   ,  -0.252061
          2,  513,        397,        930,       10.1,        101,       5.05   ,   0.742638
          2,  514,        913,        688,       10.1,        101,       5.05   ,    0.26625
          2,  515,        897,        675,       10.1,        101,       5.05   ,  -0.967927
          2,  516,        517,        412,       10.1,        101,       5.05   ,   0.951723
          2,  517,        680,        760,       10.1,        101,       5.05   ,   0.683032
          2,  518,        658,        629,       10.1,        101,       5.05   ,   -1.32574
          2,  519,        337,        249,       10.1,        101,       5.05   , 0.00462045
          2,  520,        490,        299,       10.1,        101,       5.05   ,  -0.592565
          2,  521,        890,        276,       10.1,        101,       5.05   ,   0.524463
          2,  522,        364,        228,       10.1,        101,       5.05   ,  0.0569902
          2,  523,        832,        253,       10.1,        101,       5.05   ,  -0.609703
          2,  524,        484,          6,       10.1,        101,       5.05   ,  -0.728445
          2,  525,        417,        197,       10.1,        101,       5.05   ,  -0.722455
          2,  526,        530,        845,       10.1,        101,       5.05   ,   0.472601
          2,  527,        661,        237,       10.1,        101,       5.05   ,    1.52165
          2,  528,        450,        202,       10.1,        101,       5.05   ,   -1.11616
          2,  529,        555,        289,       10.1,        101,       5.05   ,   0.589335
          2,  530,        127,        932,       10.1,        101,       5.05   ,  -0.713641
          2,  531,        408,        380,       10.1,        101,       5.05   ,  -0.029566
          2,  532,        795,        188,       10.1,        101,       5.05   ,  -0.128122
          2,  533,        600,         99,       10.1,        101,       5.05   ,  -0.366574
          2,  534,        111,        836,       10.1,        101,       5.05   ,   0.172056
          2,  535,        101,        637,       10.1,        101,       5.05   ,  -0.653069
          2,  536,        673,        624,       10.1,        101,       5.05   ,   -1.53076
          2,  537,        205,         81,       10.1,        101,       5.05   ,   -1.05928
          2,  538,        597,        190,       10.1,        101,       5.05   ,   0.648219
          2,  539,        324,        433,       10.1,        101,       5.05   ,    1.33626
          2,  540,        533,        720,       10.1,        101,       5.05   ,   0.570129
          2,  541,        351,        259,       10.1,        101,       5.05   ,  -0.560304
          2,  542,        248,        803,       10.1,        101,       5.05   ,   0.886113
          2,  543,        241,        216,       10.1,        101,       5.05   ,   -1.55778
          2,  544,        235,        110,       10.1,        101,       5.05   ,    1.31119
          2,  545,        378,        580,       10.1,        101,       5.05   ,   -1.37996
          2,  546,        874,        143,       10.1,        101,       5.05   ,   0.131915
          2,  547,        956,        346,       10.1,        101,       5.05   ,  -0.328517
          2,  548,        436,        622,       10.1,        101,       5.05   ,   -1.33507
          2,  549,        292,        169,       10.1,        101,       5.05   ,   0.881807
          2,  550,        308,         66,       10.1,        101,       5.05   ,    1.43345
          2,  551,        135,        296,       10.1,        101,       5.05   ,  -0.817741
          2,  552,        424,        455,       10.1,        101,       5.05   ,  0.0116585
          2,  553,         98,        102,       10.1,        101,       5.05   ,   -1.14803
          2,  554,        815,        449,       10.1,        101,       5.05   ,  -0.478893
          2,  555,        931,        379,       10.1,        101,       5.05   ,    1.35362
          2,  556,        561,        390,       10.1,        101,       5.05   ,   -1.14175
          2,  557,        756,         98,       10.1,        101,       5.05   ,  -0.531839
          2,  558,        200,        105,       10.1,        101,       5.05   ,   0.868306
          2,  559,        396,        730,       10.1,        101,       5.05   ,   0.387682
          2,  560,          1,        130,       10.1,        101,       5.05   ,   -1.11643
          2,  561,        766,        651,       10.1,        101,       5.05   ,   0.451663
          2,  562,        746,        612,       10.1,        101,       5.05   ,   0.515067
          2,  563,        613,        319,       10.1,        101,       5.05   ,  -0.409736
          2,  564,        689,        783,       10.1,        101,       5.05   ,   -1.45881
          2,  565,        589,        648,       10.1,        101,       5.05   ,    1.02913
          2,  566,        191,        915,       10.1,        101,       5.05   ,   -1.30885
          2,  567,        109,        604,       10.1,        101,       5.05   ,   -0.41815
          2,  568,        279,        823,       10.1,        101,       5.05   ,   0.584685
          2,  569,        675,        715,       10.1,        101,       5.05   ,  -0.806548
          2,  570,        294,        101,       10.1,        101,       5.05   ,   0.228029
          2,  571,         52,        974,       10.1,        101,       5.05   ,  0.0868198
          2,  572,        970,        533,       10.1,        101,       5.05   ,   -1.13375
          2,  573,        588,        571,       10.1,        101,       5.05   ,    1.14869
          2,  574,        749,        248,       10.1,        101,       5.05   ,  0.0849842
          2,  575,         50,        455,       10.1,        101,       5.05   ,  -0.149919
          2,  576,        432,        789,       10.1,        101,       5.05   ,   -1.43699
          2,  577,         78,         35,       10.1,        101,       5.05   ,   -1.33019
          2,  578,        226,        639,       10.1,        101,       5.05   ,   0.169681
          2,  579,        148,        349,       10.1,        101,       5.05   ,   -1.12592
          2,  580,         11,        331,       10.1,        101,       5.05   ,   0.764342
          2,  581,        996,        547,       10.1,        101,       5.05   ,     0.5119
          2,  582,        772,        749,       10.1,        101,       5.05   ,   -1.15747
          2,  583,        575,        881,       10.1,        101,       5.05   ,   0.149259
          2,  584,        594,        240,       10.1,        101,       5.05   ,   0.507554
          2,  585,         24,        646,       10.1,        101,       5.05   ,   -1.37048
          2,  586,        852,        245,       10.1,        101,       5.05   ,   -1.26633
          2,  587,        547,        921,       10.1,        101,       5.05   ,   -1.32701
          2,  588,        498,        246,       10.1,        101,       5.05   , -0.0296047
          2,  589,        454,        991,       10.1,        101,       5.05   ,   0.749994
          2,  590,        791,         44,       10.1,        101,       5.05   ,  -0.309038
          2,  591,        577,          6,       10.1,        101,       5.05   ,    1.53698
          2,  592,        130,        524,       10.1,        101,       5.05   ,  -0.495481
          2,  593,        801,        112,       10.1,        101,       5.05   ,    -0.3792
          2,  594,         95,        463,       10.1,        101,       5.05   ,   -1.10355
          2,  595,        318,        504,       10.1,        101,       5.05   ,  -0.829166
          2,  596,        112,        364,       10.1,        101,       5.05   ,  -0.246901
          2,  597,        483,        160,       10.1,        101,       5.05   ,  -0.391846
          2,  598,        567,        495,       10.1,        101,       5.05   ,  -0.717024
          2,  599,        242,        796,       10.1,        101,       5.05   ,    0.78515
          2,  600,        574,        399,       10.1,        101,       5.05   ,    1.24704
          2,  601,        385,        928,       10.1,        101,       5.05   ,   -1.26632
          2,  602,        151,        892,       10.1,        101,       5.05   ,   0.824296
          2,  603,        889,        792,       10.1,        101,       5.05   ,   -0.60355
          2,  604,        291,         88,       10.1,        101,       5.05   ,  -0.151278
          2,  605,        664,        564,       10.1,        101,       5.05   ,   0.582835
          2,  606,        117,        451,       10.1,        101,       5.05   ,    1.28546
          2,  607,        509,        210,       10.1,        101,       5.05   ,    1.30564
          2,  608,        606,        300,       10.1,        101,       5.05   ,  -0.930909
          2,  609,        933,        783,       10.1,        101,       5.05   ,    1.01278
          2,  610,        595,         38,       10.1,        101,       5.05   ,   -1.00708
          2,  611,        815,        353,       10.1,        101,       5.05   ,  -0.526623
          2,  612,        113,         25,       10.1,        101,       5.05   ,   -1.28799
          2,  613,        379,        918,       10.1,        101,       5.05   ,  -0.656744
          2,  614,         91,        834,       10.1,        101,       5.05   ,  -0.777576
          2,  615,        327,        363,       10.1,        101,       5.05   ,  -0.068839
          2,  616,        362,        991,       10.1,        101,       5.05   ,   -1.06046
          2,  617,        309,        785,       10.1,        101,       5.05   ,    1.01975
          2,  618,        616,        649,       10.1,        101,       5.05   ,  -0.441533
          2,  619,        532,        509,       10.1,        101,       5.05   ,   0.238648
          2,  620,        799,        628,       10.1,        101,       5.05   ,  -0.683747
          2,  621,        798,        801,       10.1,        101,       5.05   ,  -0.453244
          2,  622,         26,        998,       10.1,        101,       5.05   ,   -1.38804
          2,  623,        452,        936,       10.1,        101,       5.05   ,  -0.883414
          2,  624,        599,        313,       10.1,        101,       5.05   ,    1.34419
          2,  625,         27,        638,       10.1,        101,       5.05   ,  -0.921381
          2,  626,        563,        236,       10.1,        101,       5.05   ,  -0.636926
          2,  627,        931,        163,       10.1,        101,       5.05   ,   0.794385
          2,  628,        862,        923,       10.1,        101,       5.05   ,    1.03365
          2,  629,        430,        139,       10.1,        101,       5.05   ,   0.966051
          2,  630,        446,        809,       10.1,        101,       5.05   ,   0.204071
          2,  631,        861,        569,       10.1,        101,       5.05   ,     1.4683
          2,  632,        143,        167,       10.1,        101,       5.05   ,  -0.932477
          2,  633,         78,        197,       10.1,        101,       5.05   ,    0.52085
          2,  634,        204,        447,       10.1,        101,       5.05   ,  -0.404251
          2,  635,        411,        702,       10.1,        101,       5.05   ,  -0.672955
          2,  636,        957,        758,       10.1,        101,       5.05   ,   0.812878
          2,  637,        348,        325,       10.1,        101,       5.05   ,   -1.03484
          2,  638,        246,        519,       10.1,        101,       5.05   ,  -0.760467
          2,  639,        913,        629,       10.1,        101,       5.05   ,   0.213595
          2,  640,        775,        569,       10.1,        101,       5.05   ,    1.14658
          2,  641,        338,        342,       10.1,        101,       5.05   ,   0.633035
          2,  642,        287,        360,       10.1,        101,       5.05   ,   0.290034
          2,  643,         66,        924,       10.1,        101,       5.05   ,   0.201691
          2,  644,        277,        207,       10.1,        101,       5.05   ,   0.343643
          2,  645,        629,        472,       10.1,        101,       5.05   ,    1.49654
          2,  646,        995,        372,       10.1,        101,       5.05   ,   -1.16645
          2,  647,        730,        623,       10.1,        101,       5.05   ,  -0.620686
          2,  648,        738,        152,       10.1,        101,       5.05   ,   0.370119
          2,  649,        947,        834,       10.1,        101,       5.05   , -0.0365989
          2,  650,        392,        258,       10.1,        101,       5.05   ,  -0.253929
          2,  651,        533,        396,       10.1,        101,       5.05   ,   0.805359
          2,  652,        965,         92,       10.1,        101,       5.05   ,   0.900957
          2,  653,        827,        820,       10.1,        101,       5.05   ,    0.98682
          2,  654,        453,        237,       10.1,        101,       5.05   ,   0.255091
          2,  655,        936,        197,       10.1,        101,       5.05   ,    1.11397
          2,  656,        435,        545,       10.1,        101,       5.05   ,  -0.713279
          2,  657,        752,        245,       10.1,        101,       5.05   ,   0.597017
          2,  658,        311,        414,       10.1,        101,       5.05   ,   -1.24435
          2,  659,        338,        418,       10.1,        101,       5.05   ,  0.0715398
          2,  660,        475,        342,       10.1,        101,       5.05   ,   0.250105
          2,  661,        500,        512,       10.1,        101,       5.05   ,  0.0973902
          2,  662,        821,        361,       10.1,        101,       5.05   ,    1.57004
          2,  663,        552,         53,       10.1,        101,       5.05   ,   0.135289
------------------------------------------------------------------------------
Component[2] Total Sloped Parallelepiped = 663