Component 2 maximum area=0.323322 [on 1000x1000]
Component type: Sloped rectangle
---------------------------------------------------------------------------------------
--------------|------- Center-----|----- dimensions---------|----------------------
component| id|    X       |     Y      |  Width/a     | height/b |   hoop   |   Slope   
---------------------------------------------------------------------------------------
          2,    1,         62,         83,       10.1,        101,       5.05   ,     1.4593
          2,    2,        560,        940,       10.1,        101,       5.05   ,   0.538078
          2,    3,        149,        324,       10.1,        101,       5.05   ,  -0.413778
          2,    4,        750,         74,       10.1,        101,       5.05   ,   0.394786
          2,    5,        345,        521,       10.1,        101,       5.05   ,  -0.610089
          2,    6,        675,        913,       10.1,        101,       5.05   ,   0.869145
          2,    7,        832,        613,       10.1,        101,       5.05   ,     1.4174
          2,    8,        297,         35,       10.1,        101,       5.05   ,  -0.879449
          2,    9,          7,        647,       10.1,        101,       5.05   ,  -0.614178
          2,   10,        351,        167,       10.1,        101,       5.05   ,  -0.725963
          2,   11,        921,        757,       10.1,        101,       5.05   ,   -1.36471
          2,   12,        516,        218,       10.1,        101,       5.05   ,    1.24327
          2,   13,        891,        185,       10.1,        101,       5.05   ,  -0.303196
          2,   14,        100,        594,       10.1,        101,       5.05   ,   -1.06189
          2,   15,         63,        753,       10.1,        101,       5.05   ,    1.09769
          2,   16,         75,        563,       10.1,        101,       5.05   ,    1.41635
          2,   17,        776,         69,       10.1,        101,       5.05   ,  -0.429155
          2,   18,        359,        520,       10.1,        101,       5.05   ,    1.01412
          2,   19,        819,        505,       10.1,        101,       5.05   ,  -0.368651
          2,   20,        285,        203,       10.1,        101,       5.05   ,    1.55303
          2,   21,        796,        939,       10.1,        101,       5.05   ,   0.833654
          2,   22,        496,        115,       10.1,        101,       5.05   ,    0.81469
          2,   23,        875,        746,       10.1,        101,       5.05   ,    1.11285
          2,   24,        854,        229,       10.1,        101,       5.05   , -0.0844677
          2,   25,        340,        599,       10.1,        101,       5.05   ,    0.71882
          2,   26,        652,        149,       10.1,        101,       5.05   ,    0.85244
          2,   27,        793,        226,       10.1,        101,       5.05   ,    1.50758
          2,   28,        446,        237,       10.1,        101,       5.05   ,   -1.27719
          2,   29,        766,         54,       10.1,        101,       5.05   ,   0.890146
          2,   30,        140,        727,       10.1,        101,       5.05   ,   -1.05395
          2,   31,        896,        249,       10.1,        101,       5.05   , -0.0792589
          2,   32,        442,        193,       10.1,        101,       5.05   ,  -0.250277
          2,   33,        824,        198,       10.1,        101,       5.05   ,  -0.853419
          2,   34,        129,         95,       10.1,        101,       5.05   ,  -0.236336
          2,   35,        461,         23,       10.1,        101,       5.05   ,-0.00653255
          2,   36,        120,        570,       10.1,        101,       5.05   , -0.0621045
          2,   37,        134,         35,       10.1,        101,       5.05   ,   0.801785
          2,   38,        520,        589,       10.1,        101,       5.05   ,    1.29528
          2,   39,        316,         43,       10.1,        101,       5.05   ,  -0.173387
          2,   40,        929,        173,       10.1,        101,       5.05   ,    1.16018
          2,   41,        794,        272,       10.1,        101,       5.05   ,   0.959583
          2,   42,        945,        226,       10.1,        101,       5.05   ,  -0.562144
          2,   43,        926,        795,       10.1,        101,       5.05   ,   0.963153
          2,   44,        843,        655,       10.1,        101,       5.05   ,   0.766714
          2,   45,         72,        502,       10.1,        101,       5.05   ,  -0.709751
          2,   46,        255,        994,       10.1,        101,       5.05   ,   0.692917
          2,   47,        910,        967,       10.1,        101,       5.05   ,    1.37746
          2,   48,        508,        581,       10.1,        101,       5.05   ,   -1.15528
          2,   49,        559,        586,       10.1,        101,       5.05   ,   0.600448
          2,   50,         53,        110,       10.1,        101,       5.05   ,  -0.275259
          2,   51,        477,        488,       10.1,        101,       5.05   ,  -0.728533
          2,   52,        600,        671,       10.1,        101,       5.05   ,   0.434334
          2,   53,        138,        725,       10.1,        101,       5.05   ,  -0.941864
          2,   54,        944,        978,       10.1,        101,       5.05   ,   0.534729
          2,   55,        214,        358,       10.1,        101,       5.05   ,   0.536246
          2,   56,        621,        545,       10.1,        101,       5.05   ,  -0.403685
          2,   57,        888,         57,       10.1,        101,       5.05   ,   0.665531
          2,   58,        771,        800,       10.1,        101,       5.05   ,  -0.924523
          2,   59,        900,        415,       10.1,        101,       5.05   ,   0.590856
          2,   60,        579,        617,       10.1,        101,       5.05   ,    1.56206
          2,   61,        872,        468,       10.1,        101,       5.05   ,  -0.498239
          2,   62,        767,        572,       10.1,        101,       5.05   ,   0.502271
          2,   63,        954,        727,       10.1,        101,       5.05   ,  -0.368963
          2,   64,        931,        712,       10.1,        101,       5.05   ,    1.49519
          2,   65,        822,         17,       10.1,        101,       5.05   ,  0.0775021
          2,   66,        660,        283,       10.1,        101,       5.05   ,   -1.32079
          2,   67,        246,        683,       10.1,        101,       5.05   ,   0.932183
          2,   68,        640,        443,       10.1,        101,       5.05   ,   0.554178
          2,   69,        537,        851,       10.1,        101,       5.05   ,  -0.578721
          2,   70,        570,        107,       10.1,        101,       5.05   ,  -0.806401
          2,   71,        533,        409,       10.1,        101,       5.05   ,   -1.01544
          2,   72,        145,        484,       10.1,        101,       5.05   ,    1.25077
          2,   73,        593,        105,       10.1,        101,       5.05   ,   0.194444
          2,   74,        993,        374,       10.1,        101,       5.05   ,  -0.847786
          2,   75,        311,         88,       10.1,        101,       5.05   ,   -1.30333
          2,   76,        942,        732,       10.1,        101,       5.05   ,   -1.29933
          2,   77,        902,        665,       10.1,        101,       5.05   ,  -0.511907
          2,   78,        828,        309,       10.1,        101,       5.05   ,   0.101708
          2,   79,        331,        274,       10.1,        101,       5.05   ,   0.562621
          2,   80,        738,        222,       10.1,        101,       5.05   ,    1.22601
          2,   81,        748,        873,       10.1,        101,       5.05   ,   0.340032
          2,   82,        891,        973,       10.1,        101,       5.05   ,  -0.247933
          2,   83,        221,        845,       10.1,        101,       5.05   ,-0.00187684
          2,   84,         66,        962,       10.1,        101,       5.05   ,  -0.490854
          2,   85,         32,        386,       10.1,        101,       5.05   ,  -0.228089
          2,   86,        687,        641,       10.1,        101,       5.05   ,  -0.460124
          2,   87,        431,        881,       10.1,        101,       5.05   ,   -0.33859
          2,   88,        454,        676,       10.1,        101,       5.05   ,    1.47574
          2,   89,         53,         25,       10.1,        101,       5.05   ,  -0.929385
          2,   90,        857,        241,       10.1,        101,       5.05   ,    1.26937
          2,   91,        345,         61,       10.1,        101,       5.05   ,    1.44098
          2,   92,        896,         62,       10.1,        101,       5.05   ,   -1.25986
          2,   93,        184,        922,       10.1,        101,       5.05   ,  -0.980286
          2,   94,        330,        402,       10.1,        101,       5.05   ,   0.905878
          2,   95,        551,        596,       10.1,        101,       5.05   ,   -1.51571
          2,   96,         99,         89,       10.1,        101,       5.05   ,    1.50126
          2,   97,        996,         71,       10.1,        101,       5.05   ,  -0.198033
          2,   98,        687,        689,       10.1,        101,       5.05   ,   0.382226
          2,   99,        965,        932,       10.1,        101,       5.05   ,   -1.30027
          2,  100,        451,        886,       10.1,        101,       5.05   , -0.0154322
          2,  101,        901,        213,       10.1,        101,       5.05   ,   0.292138
          2,  102,        193,        350,       10.1,        101,       5.05   ,   0.429909
          2,  103,         32,        103,       10.1,        101,       5.05   ,   0.123915
          2,  104,        337,        401,       10.1,        101,       5.05   ,  -0.571738
          2,  105,        749,        133,       10.1,        101,       5.05   ,  -0.999915
          2,  106,        858,        805,       10.1,        101,       5.05   ,  -0.444642
          2,  107,        242,        730,       10.1,        101,       5.05   ,   0.670366
          2,  108,        916,        160,       10.1,        101,       5.05   ,     1.0971
          2,  109,        278,        497,       10.1,        101,       5.05   ,    0.55965
          2,  110,        881,        824,       10.1,        101,       5.05   ,  -0.169004
          2,  111,        712,        130,       10.1,        101,       5.05   ,  -0.326224
          2,  112,        549,        148,       10.1,        101,       5.05   ,  -0.141666
          2,  113,        467,        380,       10.1,        101,       5.05   ,   0.478128
          2,  114,        985,        511,       10.1,        101,       5.05   ,  -0.190901
          2,  115,        807,        956,       10.1,        101,       5.05   ,   -0.42277
          2,  116,        800,        666,       10.1,        101,       5.05   ,   0.109745
          2,  117,        984,        318,       10.1,        101,       5.05   ,0.000552759
          2,  118,        789,        916,       10.1,        101,       5.05   ,   0.281579
          2,  119,        736,        140,       10.1,        101,       5.05   ,   -1.48694
          2,  120,        866,         64,       10.1,        101,       5.05   ,  0.0555892
          2,  121,          0,        822,       10.1,        101,       5.05   ,   -1.03728
          2,  122,        113,        833,       10.1,        101,       5.05   ,  -0.191514
          2,  123,        560,        639,       10.1,        101,       5.05   ,  -0.738407
          2,  124,        498,        719,       10.1,        101,       5.05   ,   -1.44911
          2,  125,         45,        311,       10.1,        101,       5.05   ,   0.586871
          2,  126,        780,        120,       10.1,        101,       5.05   ,  -0.576672
          2,  127,        299,        903,       10.1,        101,       5.05   ,  -0.428611
          2,  128,        136,        722,       10.1,        101,       5.05   ,    1.22053
          2,  129,        246,        243,       10.1,        101,       5.05   ,  -0.965232
          2,  130,        766,        953,       10.1,        101,       5.05   ,   0.254354
          2,  131,        347,        388,       10.1,        101,       5.05   ,    1.34724
          2,  132,        855,        359,       10.1,        101,       5.05   ,  -0.230371
          2,  133,        624,        614,       10.1,        101,       5.05   ,  -0.145619
          2,  134,        439,        340,       10.1,        101,       5.05   ,   0.794969
          2,  135,         86,        358,       10.1,        101,       5.05   ,   0.404406
          2,  136,        302,        702,       10.1,        101,       5.05   ,   0.901333
          2,  137,        314,        329,       10.1,        101,       5.05   ,    1.40304
          2,  138,        540,        848,       10.1,        101,       5.05   ,   0.664557
          2,  139,        728,         56,       10.1,        101,       5.05   ,   0.689222
          2,  140,        685,        673,       10.1,        101,       5.05   ,    1.08447
          2,  141,        437,         36,       10.1,        101,       5.05   ,    1.09884
          2,  142,        269,        228,       10.1,        101,       5.05   ,    1.35778
          2,  143,        335,        326,       10.1,        101,       5.05   ,  -0.840128
          2,  144,        425,        862,       10.1,        101,       5.05   ,   0.912041
          2,  145,        169,        356,       10.1,        101,       5.05   ,  -0.380593
          2,  146,        511,         36,       10.1,        101,       5.05   ,  -0.808701
          2,  147,        617,        143,       10.1,        101,       5.05   ,   0.883847
          2,  148,        687,        345,       10.1,        101,       5.05   ,   -1.01018
          2,  149,        325,         39,       10.1,        101,       5.05   ,    -1.5117
          2,  150,        852,        169,       10.1,        101,       5.05   ,  -0.889505
          2,  151,        148,        232,       10.1,        101,       5.05   ,  -0.667807
          2,  152,        906,        334,       10.1,        101,       5.05   ,  -0.337452
          2,  153,        323,        290,       10.1,        101,       5.05   ,   -1.21975
          2,  154,        259,        302,       10.1,        101,       5.05   ,   0.447199
          2,  155,        463,        226,       10.1,        101,       5.05   ,    1.43656
          2,  156,        866,        349,       10.1,        101,       5.05   ,  -0.073021
          2,  157,        851,        500,       10.1,        101,       5.05   ,    1.55686
          2,  158,        500,        297,       10.1,        101,       5.05   ,   -1.11469
          2,  159,        294,        647,       10.1,        101,       5.05   ,    1.06245
          2,  160,        176,        218,       10.1,        101,       5.05   ,   0.434089
          2,  161,        275,        589,       10.1,        101,       5.05   ,  -0.158771
          2,  162,        465,        527,       10.1,        101,       5.05   ,   0.897828
          2,  163,        131,        770,       10.1,        101,       5.05   ,  -0.885819
          2,  164,        586,        833,       10.1,        101,       5.05   ,   0.719359
          2,  165,         13,        495,       10.1,        101,       5.05   ,   0.768411
          2,  166,        671,        590,       10.1,        101,       5.05   , -0.0127412
          2,  167,        275,        920,       10.1,        101,       5.05   ,   -1.00396
          2,  168,        828,        795,       10.1,        101,       5.05   ,     1.4693
          2,  169,        543,        432,       10.1,        101,       5.05   ,   -1.48443
          2,  170,        558,         62,       10.1,        101,       5.05   ,   -1.01222
          2,  171,        606,        244,       10.1,        101,       5.05   ,   0.716803
          2,  172,        222,        832,       10.1,        101,       5.05   , -0.0926303
          2,  173,        411,        337,       10.1,        101,       5.05   ,   -1.38557
          2,  174,        744,         28,       10.1,        101,       5.05   ,  -0.639029
          2,  175,        810,         32,       10.1,        101,       5.05   ,    1.44582
          2,  176,        707,         41,       10.1,        101,       5.05   ,   0.549552
          2,  177,        363,        779,       10.1,        101,       5.05   ,   0.769531
          2,  178,        931,         87,       10.1,        101,       5.05   ,  -0.992961
          2,  179,        701,        202,       10.1,        101,       5.05   ,   0.968558
          2,  180,        457,        960,       10.1,        101,       5.05   ,  -0.749247
          2,  181,        871,        158,       10.1,        101,       5.05   ,   -1.27603
          2,  182,        846,        872,       10.1,        101,       5.05   ,   -1.16667
          2,  183,        554,        418,       10.1,        101,       5.05   ,   0.355048
          2,  184,        707,        839,       10.1,        101,       5.05   ,    1.35553
          2,  185,        914,        278,       10.1,        101,       5.05   ,    -1.0397
          2,  186,        892,        609,       10.1,        101,       5.05   ,  -0.252418
          2,  187,        508,        168,       10.1,        101,       5.05   , -0.0372082
          2,  188,        258,        611,       10.1,        101,       5.05   ,   0.827474
          2,  189,        408,        557,       10.1,        101,       5.05   ,   0.484644
          2,  190,        304,        887,       10.1,        101,       5.05   ,    1.01712
          2,  191,        998,        219,       10.1,        101,       5.05   ,    1.49741
          2,  192,        686,        448,       10.1,        101,       5.05   ,   0.787514
          2,  193,        708,        636,       10.1,        101,       5.05   ,   -1.35777
          2,  194,        180,        240,       10.1,        101,       5.05   ,   0.262207
          2,  195,        169,        584,       10.1,        101,       5.05   ,    1.22496
          2,  196,        385,        578,       10.1,        101,       5.05   ,   -1.52091
          2,  197,        764,        752,       10.1,        101,       5.05   ,   -1.35036
          2,  198,        244,        221,       10.1,        101,       5.05   ,   0.288149
          2,  199,        425,        670,       10.1,        101,       5.05   ,   -1.00012
          2,  200,        220,        763,       10.1,        101,       5.05   ,   -1.06995
          2,  201,        699,        628,       10.1,        101,       5.05   ,  -0.573973
          2,  202,        572,         13,       10.1,        101,       5.05   ,  -0.681748
          2,  203,        163,        483,       10.1,        101,       5.05   ,    0.57074
          2,  204,        758,         45,       10.1,        101,       5.05   ,    1.06414
          2,  205,        258,        506,       10.1,        101,       5.05   ,   0.872002
          2,  206,        661,        420,       10.1,        101,       5.05   ,   -1.20178
          2,  207,        715,        576,       10.1,        101,       5.05   ,  -0.538355
          2,  208,        976,        530,       10.1,        101,       5.05   ,    -0.2281
          2,  209,        251,        658,       10.1,        101,       5.05   ,  -0.341325
          2,  210,        785,        633,       10.1,        101,       5.05   ,    1.11559
          2,  211,        504,        449,       10.1,        101,       5.05   ,   0.899573
          2,  212,        831,        104,       10.1,        101,       5.05   ,  -0.847585
          2,  213,        844,        190,       10.1,        101,       5.05   ,   0.142194
          2,  214,        624,        435,       10.1,        101,       5.05   ,  -0.922329
          2,  215,        628,        944,       10.1,        101,       5.05   ,   -1.44716
          2,  216,        600,        139,       10.1,        101,       5.05   ,  -0.515673
          2,  217,        641,        637,       10.1,        101,       5.05   ,   0.648068
          2,  218,        845,        621,       10.1,        101,       5.05   ,  -0.288362
          2,  219,        947,        477,       10.1,        101,       5.05   ,   0.216532
          2,  220,         52,        317,       10.1,        101,       5.05   ,  -0.498753
          2,  221,         84,        631,       10.1,        101,       5.05   ,   -1.15485
          2,  222,         38,        390,       10.1,        101,       5.05   ,    1.14021
          2,  223,        625,        358,       10.1,        101,       5.05   ,   -1.11383
          2,  224,        944,        494,       10.1,        101,       5.05   ,    1.22183
          2,  225,        983,        299,       10.1,        101,       5.05   ,   -1.48468
          2,  226,        584,        936,       10.1,        101,       5.05   ,  0.0909314
          2,  227,        406,        621,       10.1,        101,       5.05   ,    1.20397
          2,  228,        614,        167,       10.1,        101,       5.05   ,   -0.63737
          2,  229,        504,          9,       10.1,        101,       5.05   ,    1.10248
          2,  230,        936,        517,       10.1,        101,       5.05   ,   0.675245
          2,  231,        888,        951,       10.1,        101,       5.05   ,  -0.212047
          2,  232,        590,        150,       10.1,        101,       5.05   ,   0.348042
          2,  233,        987,        120,       10.1,        101,       5.05   ,  -0.723124
          2,  234,        388,        573,       10.1,        101,       5.05   ,  -0.971039
          2,  235,        551,        289,       10.1,        101,       5.05   ,    1.20194
          2,  236,        112,        376,       10.1,        101,       5.05   ,   0.915042
          2,  237,         79,        349,       10.1,        101,       5.05   ,    1.13423
          2,  238,        736,        924,       10.1,        101,       5.05   ,  -0.508912
          2,  239,        706,        221,       10.1,        101,       5.05   ,   -1.19431
          2,  240,         16,        956,       10.1,        101,       5.05   ,   -1.15267
          2,  241,        288,        918,       10.1,        101,       5.05   ,  -0.946595
          2,  242,        847,        710,       10.1,        101,       5.05   ,   -1.54222
          2,  243,         67,        855,       10.1,        101,       5.05   ,  -0.965843
          2,  244,        120,        574,       10.1,        101,       5.05   ,   0.417145
          2,  245,         43,        705,       10.1,        101,       5.05   ,   -1.11193
          2,  246,         30,        823,       10.1,        101,       5.05   ,    1.09304
          2,  247,        525,         24,       10.1,        101,       5.05   ,   0.805101
          2,  248,        315,        905,       10.1,        101,       5.05   ,  0.0433242
          2,  249,        994,         57,       10.1,        101,       5.05   ,   0.381628
          2,  250,        800,        992,       10.1,        101,       5.05   ,    1.37942
          2,  251,        148,         79,       10.1,        101,       5.05   ,  -0.172295
          2,  252,        715,        721,       10.1,        101,       5.05   ,   0.274748
          2,  253,        324,        890,       10.1,        101,       5.05   ,   -1.38065
          2,  254,        721,        671,       10.1,        101,       5.05   ,  -0.309305
          2,  255,         55,         56,       10.1,        101,       5.05   ,  -0.498993
          2,  256,        855,         97,       10.1,        101,       5.05   ,   0.666496
          2,  257,        177,        681,       10.1,        101,       5.05   ,   -0.74603
          2,  258,         81,        815,       10.1,        101,       5.05   ,  -0.124378
          2,  259,        668,        979,       10.1,        101,       5.05   ,  -0.943153
          2,  260,        332,        889,       10.1,        101,       5.05   ,   -1.56632
          2,  261,        427,        550,       10.1,        101,       5.05   ,   -1.42543
          2,  262,        261,        542,       10.1,        101,       5.05   ,    -1.2023
          2,  263,        709,         38,       10.1,        101,       5.05   ,  -0.635358
          2,  264,        210,        925,       10.1,        101,       5.05   ,    1.53332
          2,  265,        110,        625,       10.1,        101,       5.05   ,   -1.32364
          2,  266,        304,        615,       10.1,        101,       5.05   ,    -1.0888
          2,  267,        737,        659,       10.1,        101,       5.05   ,    1.52288
          2,  268,        645,        567,       10.1,        101,       5.05   ,    1.30495
          2,  269,        842,        847,       10.1,        101,       5.05   ,    1.25007
          2,  270,        606,         24,       10.1,        101,       5.05   ,  -0.694758
          2,  271,         89,        962,       10.1,        101,       5.05   ,  -0.456192
          2,  272,        985,        359,       10.1,        101,       5.05   ,    0.65995
          2,  273,        747,        872,       10.1,        101,       5.05   ,   0.372225
          2,  274,        291,         76,       10.1,        101,       5.05   ,  -0.569819
          2,  275,        809,        278,       10.1,        101,       5.05   ,  -0.648709
          2,  276,        396,        933,       10.1,        101,       5.05   ,   -1.29783
          2,  277,        717,        246,       10.1,        101,       5.05   ,   -1.07351
          2,  278,        927,        741,       10.1,        101,       5.05   ,    1.41296
          2,  279,        661,        182,       10.1,        101,       5.05   ,   0.987604
          2,  280,        625,        692,       10.1,        101,       5.05   ,  -0.116045
          2,  281,        536,        206,       10.1,        101,       5.05   ,  -0.656577
          2,  282,        484,        776,       10.1,        101,       5.05   ,   -0.98988
          2,  283,        850,        701,       10.1,        101,       5.05   ,   -1.52067
          2,  284,        714,        666,       10.1,        101,       5.05   ,     1.0622
          2,  285,        243,         66,       10.1,        101,       5.05   ,   -1.33188
          2,  286,        955,        460,       10.1,        101,       5.05   ,    0.82806
          2,  287,        551,        701,       10.1,        101,       5.05   ,   0.335696
          2,  288,        719,        150,       10.1,        101,       5.05   ,   0.720312
          2,  289,        344,        184,       10.1,        101,       5.05   ,    1.04526
          2,  290,        796,        800,       10.1,        101,       5.05   ,   -1.08476
          2,  291,        422,        291,       10.1,        101,       5.05   ,   0.211383
          2,  292,        878,        454,       10.1,        101,       5.05   ,  -0.633317
          2,  293,        137,        726,       10.1,        101,       5.05   ,   0.785328
          2,  294,        594,        507,       10.1,        101,       5.05   ,   0.466091
          2,  295,        773,        143,       10.1,        101,       5.05   ,  -0.168663
          2,  296,        288,        929,       10.1,        101,       5.05   ,    1.23267
          2,  297,        828,        568,       10.1,        101,       5.05   ,    1.43522
          2,  298,        519,        502,       10.1,        101,       5.05   ,  -0.904409
          2,  299,        128,        200,       10.1,        101,       5.05   ,   0.361949
          2,  300,        355,        808,       10.1,        101,       5.05   ,   -0.09699
          2,  301,        442,        108,       10.1,        101,       5.05   ,   -1.22188
          2,  302,        834,        577,       10.1,        101,       5.05   ,  -0.145968
          2,  303,        168,        219,       10.1,        101,       5.05   ,   0.855574
          2,  304,         17,        793,       10.1,        101,       5.05   ,   -1.04392
          2,  305,        310,        680,       10.1,        101,       5.05   ,   -1.29601
          2,  306,        859,        964,       10.1,        101,       5.05   ,  -0.677447
          2,  307,        128,          1,       10.1,        101,       5.05   ,   0.337181
          2,  308,        748,        302,       10.1,        101,       5.05   ,  -0.294478
          2,  309,        719,        457,       10.1,        101,       5.05   ,   0.750104
          2,  310,        919,         51,       10.1,        101,       5.05   ,   0.227126
          2,  311,        373,        811,       10.1,        101,       5.05   ,   -0.41231
          2,  312,        874,        302,       10.1,        101,       5.05   ,  -0.483695
          2,  313,        742,         77,       10.1,        101,       5.05   ,    1.28324
          2,  314,        661,        497,       10.1,        101,       5.05   ,   -1.38548
          2,  315,        914,        484,       10.1,        101,       5.05   ,   -1.03449
          2,  316,         83,        684,       10.1,        101,       5.05   ,    1.07095
          2,  317,        798,        153,       10.1,        101,       5.05   ,    1.29104
          2,  318,        124,        826,       10.1,        101,       5.05   ,   -1.50914
          2,  319,        178,        431,       10.1,        101,       5.05   , -0.0629573
          2,  320,        142,        693,       10.1,        101,       5.05   ,   -1.07221
          2,  321,        499,        677,       10.1,        101,       5.05   ,   -1.32649
          2,  322,        178,        813,       10.1,        101,       5.05   ,  -0.304364
          2,  323,        966,        956,       10.1,        101,       5.05   ,   0.562747
          2,  324,        706,        405,       10.1,        101,       5.05   ,   -1.12465
          2,  325,        800,        653,       10.1,        101,       5.05   , -0.0231265
          2,  326,        191,        760,       10.1,        101,       5.05   ,  -0.494615
          2,  327,        642,         49,       10.1,        101,       5.05   ,   0.794785
          2,  328,        229,        114,       10.1,        101,       5.05   ,   0.523227
          2,  329,         99,        899,       10.1,        101,       5.05   ,  -0.768909
          2,  330,        575,        889,       10.1,        101,       5.05   ,   0.911276
          2,  331,        605,        511,       10.1,        101,       5.05   ,  -0.830961
          2,  332,        605,        982,       10.1,        101,       5.05   ,   -1.30198
          2,  333,        640,        585,       10.1,        101,       5.05   ,   -1.41014
          2,  334,        726,        779,       10.1,        101,       5.05   ,   0.948261
          2,  335,        909,        439,       10.1,        101,       5.05   ,  -0.806568
          2,  336,        461,        138,       10.1,        101,       5.05   ,  -0.742105
          2,  337,         16,        892,       10.1,        101,       5.05   ,   -1.11198
          2,  338,        215,        893,       10.1,        101,       5.05   ,   -1.10173
          2,  339,        678,        771,       10.1,        101,       5.05   ,  -0.310079
          2,  340,        223,        825,       10.1,        101,       5.05   ,  -0.681339
          2,  341,        215,        162,       10.1,        101,       5.05   ,   0.655434
          2,  342,        111,        959,       10.1,        101,       5.05   ,   0.809325
          2,  343,        748,        802,       10.1,        101,       5.05   ,   0.967005
          2,  344,        130,         76,       10.1,        101,       5.05   ,   0.196732
          2,  345,        889,        995,       10.1,        101,       5.05   ,  -0.567042
          2,  346,        770,        129,       10.1,        101,       5.05   ,   -1.55161
          2,  347,        319,        687,       10.1,        101,       5.05   ,  -0.442232
          2,  348,        487,        464,       10.1,        101,       5.05   ,   0.689455
          2,  349,        459,        178,       10.1,        101,       5.05   ,    1.27277
          2,  350,        764,        959,       10.1,        101,       5.05   ,  -0.202352
          2,  351,        674,        960,       10.1,        101,       5.05   ,   -1.06236
          2,  352,        940,        638,       10.1,        101,       5.05   ,    1.16754
          2,  353,        148,        256,       10.1,        101,       5.05   ,   0.344612
          2,  354,        130,        557,       10.1,        101,       5.05   ,  -0.619054
          2,  355,        963,        946,       10.1,        101,       5.05   ,   0.213131
          2,  356,        659,        582,       10.1,        101,       5.05   ,  -0.926577
          2,  357,        273,        982,       10.1,        101,       5.05   ,  -0.316875
          2,  358,        380,        866,       10.1,        101,       5.05   ,  -0.316693
          2,  359,        162,        153,       10.1,        101,       5.05   ,   0.581805
          2,  360,        968,        545,       10.1,        101,       5.05   ,   -1.47184
          2,  361,        432,        809,       10.1,        101,       5.05   ,  -0.240093
          2,  362,        271,        678,       10.1,        101,       5.05   ,   -1.56576
          2,  363,        176,        772,       10.1,        101,       5.05   ,    1.48786
          2,  364,          0,        779,       10.1,        101,       5.05   ,  -0.282416
          2,  365,        685,         29,       10.1,        101,       5.05   ,   -1.40801
          2,  366,        258,        660,       10.1,        101,       5.05   ,   0.986815
          2,  367,        678,         79,       10.1,        101,       5.05   ,   0.114647
          2,  368,        371,         64,       10.1,        101,       5.05   ,  -0.977726
          2,  369,        357,        755,       10.1,        101,       5.05   ,  -0.528466
          2,  370,        711,        338,       10.1,        101,       5.05   ,     1.2582
          2,  371,        310,        198,       10.1,        101,       5.05   ,    1.52134
          2,  372,        512,        361,       10.1,        101,       5.05   ,     -1.268
          2,  373,        197,        561,       10.1,        101,       5.05   ,  -0.738413
          2,  374,        570,        479,       10.1,        101,       5.05   ,  -0.275232
          2,  375,        282,        367,       10.1,        101,       5.05   ,   0.768913
          2,  376,        544,        327,       10.1,        101,       5.05   ,    0.60676
          2,  377,        252,        346,       10.1,        101,       5.05   ,   -1.28505
          2,  378,        113,        621,       10.1,        101,       5.05   ,  -0.304783
          2,  379,        538,        451,       10.1,        101,       5.05   ,   -1.27803
          2,  380,        877,        983,       10.1,        101,       5.05   ,   -1.36244
          2,  381,        728,        125,       10.1,        101,       5.05   ,    1.09335
          2,  382,        857,          7,       10.1,        101,       5.05   ,   -1.33371
          2,  383,         17,        975,       10.1,        101,       5.05   ,  -0.345335
          2,  384,        178,        362,       10.1,        101,       5.05   ,  -0.886197
          2,  385,        777,         49,       10.1,        101,       5.05   ,  -0.781175
          2,  386,         46,        256,       10.1,        101,       5.05   ,  -0.272922
          2,  387,        531,        401,       10.1,        101,       5.05   ,   -1.26293
          2,  388,        703,        373,       10.1,        101,       5.05   ,  -0.105802
          2,  389,        757,        575,       10.1,        101,       5.05   ,    -1.2643
          2,  390,        399,        167,       10.1,        101,       5.05   ,  -0.680013
          2,  391,        370,        765,       10.1,        101,       5.05   ,   0.347774
          2,  392,        213,        317,       10.1,        101,       5.05   ,    0.44161
          2,  393,         84,        468,       10.1,        101,       5.05   ,   0.207343
          2,  394,        545,        659,       10.1,        101,       5.05   ,    0.11818
          2,  395,        406,        669,       10.1,        101,       5.05   , -0.0475799
          2,  396,        647,        160,       10.1,        101,       5.05   ,    1.22966
          2,  397,        458,        446,       10.1,        101,       5.05   ,   -1.27223
          2,  398,        867,        537,       10.1,        101,       5.05   ,   -1.32408
          2,  399,        496,        137,       10.1,        101,       5.05   ,   0.913427
          2,  400,        397,        665,       10.1,        101,       5.05   ,  -0.265555
          2,  401,        294,        683,       10.1,        101,       5.05   ,  -0.389325
          2,  402,        970,        586,       10.1,        101,       5.05   ,  -0.480279
          2,  403,        825,        480,       10.1,        101,       5.05   , -0.0465838
          2,  404,        700,        351,       10.1,        101,       5.05   ,    1.41449
          2,  405,        216,        990,       10.1,        101,       5.05   ,  -0.819259
          2,  406,        292,        185,       10.1,        101,       5.05   ,  -0.881361
          2,  407,        148,        151,       10.1,        101,       5.05   ,   0.281991
          2,  408,        374,        297,       10.1,        101,       5.05   ,    1.35668
          2,  409,        948,        983,       10.1,        101,       5.05   ,  -0.973052
          2,  410,        940,        598,       10.1,        101,       5.05   ,    1.55359
          2,  411,        980,        252,       10.1,        101,       5.05   ,   0.550648
          2,  412,        164,        451,       10.1,        101,       5.05   ,  -0.554291
          2,  413,        784,        902,       10.1,        101,       5.05   ,   0.500294
          2,  414,         24,        853,       10.1,        101,       5.05   ,    1.16635
          2,  415,        584,        509,       10.1,        101,       5.05   ,   -1.05115
          2,  416,        131,        392,       10.1,        101,       5.05   ,   0.464161
          2,  417,        905,         80,       10.1,        101,       5.05   ,   -1.35471
          2,  418,        874,        188,       10.1,        101,       5.05   ,   0.389739
          2,  419,        760,        907,       10.1,        101,       5.05   ,   -1.40204
          2,  420,        213,        914,       10.1,        101,       5.05   ,   0.884702
          2,  421,        827,        937,       10.1,        101,       5.05   ,   -1.15874
          2,  422,        897,        913,       10.1,        101,       5.05   ,    1.51232
          2,  423,        279,        676,       10.1,        101,       5.05   ,  -0.624834
          2,  424,        842,        375,       10.1,        101,       5.05   ,   -1.50355
          2,  425,        926,        123,       10.1,        101,       5.05   ,   0.509418
          2,  426,        338,        429,       10.1,        101,       5.05   ,    1.18296
          2,  427,        299,        301,       10.1,        101,       5.05   ,   0.362283
          2,  428,        725,        432,       10.1,        101,       5.05   ,  -0.674557
          2,  429,        294,        797,       10.1,        101,       5.05   ,   -1.34795
          2,  430,        129,        577,       10.1,        101,       5.05   ,  -0.819854
          2,  431,        434,        999,       10.1,        101,       5.05   ,   -1.06929
          2,  432,        270,        363,       10.1,        101,       5.05   ,   0.997305
          2,  433,        910,        943,       10.1,        101,       5.05   ,   0.694241
          2,  434,        269,        231,       10.1,        101,       5.05   ,  -0.211688
          2,  435,        254,        667,       10.1,        101,       5.05   ,  -0.387136
          2,  436,        756,        210,       10.1,        101,       5.05   ,  0.0767908
          2,  437,        877,        100,       10.1,        101,       5.05   ,  -0.984586
          2,  438,         12,        590,       10.1,        101,       5.05   ,     1.5353
          2,  439,        857,        587,       10.1,        101,       5.05   ,   0.284987
          2,  440,         42,         52,       10.1,        101,       5.05   ,    1.31121
          2,  441,        700,        143,       10.1,        101,       5.05   ,   -1.17155
          2,  442,        303,        247,       10.1,        101,       5.05   ,    0.69827
          2,  443,        753,        827,       10.1,        101,       5.05   ,  -0.724565
          2,  444,        547,         34,       10.1,        101,       5.05   ,   0.430593
          2,  445,        904,        331,       10.1,        101,       5.05   ,   -0.48258
          2,  446,        144,         90,       10.1,        101,       5.05   ,    1.29381
          2,  447,        330,        257,       10.1,        101,       5.05   ,    1.18538
          2,  448,        821,        629,       10.1,        101,       5.05   ,    1.02853
          2,  449,        967,        559,       10.1,        101,       5.05   ,   0.958646
          2,  450,         74,        971,       10.1,        101,       5.05   ,  -0.419126
          2,  451,        844,        968,       10.1,        101,       5.05   ,   0.529577
          2,  452,         64,        347,       10.1,        101,       5.05   ,    0.33092
          2,  453,        751,        653,       10.1,        101,       5.05   ,   0.224311
          2,  454,        798,        721,       10.1,        101,       5.05   ,  0.0347195
          2,  455,        620,          3,       10.1,        101,       5.05   ,   0.456354
          2,  456,        432,          2,       10.1,        101,       5.05   , -0.0420852
          2,  457,        900,        212,       10.1,        101,       5.05   ,   0.802559
          2,  458,        826,        208,       10.1,        101,       5.05   ,   0.174472
          2,  459,        148,        214,       10.1,        101,       5.05   ,   0.324123
          2,  460,        703,        723,       10.1,        101,       5.05   ,    0.45746
          2,  461,        953,        674,       10.1,        101,       5.05   ,   0.919955
          2,  462,        258,        688,       10.1,        101,       5.05   ,  -0.489535
          2,  463,        597,        496,       10.1,        101,       5.05   ,   -1.11264
          2,  464,         79,        853,       10.1,        101,       5.05   ,     1.3954
          2,  465,         63,        359,       10.1,        101,       5.05   ,   -1.00959
          2,  466,        954,        674,       10.1,        101,       5.05   ,    1.14491
          2,  467,        150,         63,       10.1,        101,       5.05   ,   -1.38636
          2,  468,        278,        163,       10.1,        101,       5.05   ,  -0.127877
          2,  469,        484,        645,       10.1,        101,       5.05   ,     1.3368
          2,  470,        760,        122,       10.1,        101,       5.05   ,  -0.535485
          2,  471,        389,        855,       10.1,        101,       5.05   ,   -1.46154
          2,  472,        625,        372,       10.1,        101,       5.05   ,     1.4742
          2,  473,        424,        159,       10.1,        101,       5.05   ,   0.173959
          2,  474,        721,        345,       10.1,        101,       5.05   ,   0.325347
          2,  475,         83,        443,       10.1,        101,       5.05   ,   0.659197
          2,  476,        641,        381,       10.1,        101,       5.05   ,  -0.289542
          2,  477,        872,        594,       10.1,        101,       5.05   ,  -0.710511
          2,  478,        372,        645,       10.1,        101,       5.05   , -0.0854385
          2,  479,        791,        477,       10.1,        101,       5.05   ,   0.087341
          2,  480,         46,        358,       10.1,        101,       5.05   ,   0.942475
          2,  481,        535,        268,       10.1,        101,       5.05   , -0.0292482
          2,  482,        578,        935,       10.1,        101,       5.05   ,    1.10539
          2,  483,        221,         18,       10.1,        101,       5.05   ,   0.860708
          2,  484,        678,        522,       10.1,        101,       5.05   ,   0.231834
          2,  485,        384,        525,       10.1,        101,       5.05   ,    1.38133
          2,  486,        788,        377,       10.1,        101,       5.05   ,    1.21869
          2,  487,        840,        420,       10.1,        101,       5.05   ,    1.34858
          2,  488,        474,        270,       10.1,        101,       5.05   ,  -0.795159
          2,  489,        693,        718,       10.1,        101,       5.05   ,  -0.684296
          2,  490,        596,        510,       10.1,        101,       5.05   ,   -1.19307
          2,  491,          7,         52,       10.1,        101,       5.05   ,  -0.614917
          2,  492,        340,        942,       10.1,        101,       5.05   ,   -1.49877
          2,  493,        932,        625,       10.1,        101,       5.05   ,   0.784287
          2,  494,        818,          5,       10.1,        101,       5.05   ,   0.839374
          2,  495,        621,        962,       10.1,        101,       5.05   ,  -0.963648
          2,  496,         15,        530,       10.1,        101,       5.05   ,   0.807823
          2,  497,        520,        327,       10.1,        101,       5.05   ,   -1.02441
          2,  498,        902,        145,       10.1,        101,       5.05   ,   -1.40265
          2,  499,        872,        300,       10.1,        101,       5.05   ,  -0.795773
          2,  500,        102,        302,       10.1,        101,       5.05   ,    1.56745
          2,  501,        556,        330,       10.1,        101,       5.05   ,   -1.05236
          2,  502,        175,        416,       10.1,        101,       5.05   ,  -0.588419
          2,  503,        731,        732,       10.1,        101,       5.05   ,    1.47494
          2,  504,        271,        812,       10.1,        101,       5.05   ,   -0.68292
          2,  505,        753,        758,       10.1,        101,       5.05   ,  -0.424216
          2,  506,        774,        599,       10.1,        101,       5.05   ,  -0.924149
          2,  507,        412,        343,       10.1,        101,       5.05   ,  -0.576762
          2,  508,         90,         43,       10.1,        101,       5.05   ,  -0.778433
          2,  509,        494,        976,       10.1,        101,       5.05   ,    -1.3771
          2,  510,        172,        174,       10.1,        101,       5.05   ,   0.485694
          2,  511,        601,        857,       10.1,        101,       5.05   ,   -1.24366
          2,  512,        948,         39,       10.1,        101,       5.05   ,   -1.43498
          2,  513,        861,        709,       10.1,        101,       5.05   ,   0.412993
          2,  514,         88,        577,       10.1,        101,       5.05   ,   -1.32028
          2,  515,        668,        103,       10.1,        101,       5.05   ,   -1.23724
          2,  516,        911,        282,       10.1,        101,       5.05   ,   -1.53247
          2,  517,        214,        612,       10.1,        101,       5.05   ,   0.679259
          2,  518,        792,        119,       10.1,        101,       5.05   ,    1.48363
          2,  519,        997,        597,       10.1,        101,       5.05   ,  -0.488066
          2,  520,        441,        657,       10.1,        101,       5.05   ,     1.2573
          2,  521,        981,        110,       10.1,        101,       5.05   ,    1.29317
          2,  522,        605,        830,       10.1,        101,       5.05   ,   -1.48851
          2,  523,        693,        402,       10.1,        101,       5.05   ,    1.10522
          2,  524,        200,        875,       10.1,        101,       5.05   ,   0.674668
          2,  525,        483,        442,       10.1,        101,       5.05   ,   -1.10301
          2,  526,        234,        200,       10.1,        101,       5.05   ,   0.134274
          2,  527,        957,         51,       10.1,        101,       5.05   ,   -1.05706
          2,  528,        608,        880,       10.1,        101,       5.05   ,   -1.44868
          2,  529,        100,        109,       10.1,        101,       5.05   ,   0.448574
          2,  530,        910,        268,       10.1,        101,       5.05   ,   0.350205
          2,  531,         26,        221,       10.1,        101,       5.05   ,  -0.336203
          2,  532,        588,        869,       10.1,        101,       5.05   ,   -1.34498
          2,  533,        709,        603,       10.1,        101,       5.05   ,    1.37829
          2,  534,        430,        230,       10.1,        101,       5.05   ,  0.0174994
          2,  535,        695,        229,       10.1,        101,       5.05   ,    -1.1821
          2,  536,        755,         28,       10.1,        101,       5.05   ,   -1.18923
          2,  537,        446,        832,       10.1,        101,       5.05   ,  -0.030213
          2,  538,        789,        605,       10.1,        101,       5.05   ,   0.396806
          2,  539,        615,        327,       10.1,        101,       5.05   ,  -0.662054
          2,  540,        968,        873,       10.1,        101,       5.05   ,   0.314819
          2,  541,        817,         63,       10.1,        101,       5.05   ,  -0.359128
          2,  542,        471,        227,       10.1,        101,       5.05   ,   0.102376
          2,  543,        281,        807,       10.1,        101,       5.05   ,  -0.460208
          2,  544,        181,        845,       10.1,        101,       5.05   ,  -0.957889
          2,  545,        859,        748,       10.1,        101,       5.05   ,    1.02964
          2,  546,        351,        202,       10.1,        101,       5.05   ,  -0.422377
          2,  547,         99,        637,       10.1,        101,       5.05   ,  -0.572035
          2,  548,        781,        965,       10.1,        101,       5.05   , -0.0646924
          2,  549,         50,        466,       10.1,        101,       5.05   ,   -0.00517
          2,  550,        768,        286,       10.1,        101,       5.05   ,   0.810338
          2,  551,        851,        438,       10.1,        101,       5.05   ,    0.45295
          2,  552,        315,         29,       10.1,        101,       5.05   ,  0.0778565
          2,  553,        858,        327,       10.1,        101,       5.05   ,  -0.437727
          2,  554,         55,         35,       10.1,        101,       5.05   ,      1.375
          2,  555,        292,        729,       10.1,        101,       5.05   ,   -1.27438
          2,  556,        692,        930,       10.1,        101,       5.05   , -0.0320064
          2,  557,        811,        556,       10.1,        101,       5.05   ,  -0.720696
          2,  558,          7,        843,       10.1,        101,       5.05   ,  -0.598032
          2,  559,        438,        746,       10.1,        101,       5.05   ,  -0.299467
          2,  560,        760,        698,       10.1,        101,       5.05   ,   0.339223
          2,  561,        283,        910,       10.1,        101,       5.05   ,     1.3807
          2,  562,        646,        526,       10.1,        101,       5.05   , -0.0385589
          2,  563,        472,        584,       10.1,        101,       5.05   ,  0.0840033
          2,  564,        725,        251,       10.1,        101,       5.05   ,  -0.316053
          2,  565,        566,        584,       10.1,        101,       5.05   ,    0.78013
          2,  566,        153,        574,       10.1,        101,       5.05   ,   0.934187
          2,  567,        834,        373,       10.1,        101,       5.05   ,  -0.527336
          2,  568,        549,        609,       10.1,        101,       5.05   ,   0.239498
          2,  569,        495,        321,       10.1,        101,       5.05   ,   0.944969
          2,  570,        432,        980,       10.1,        101,       5.05   ,   -1.10459
          2,  571,        368,        827,       10.1,        101,       5.05   ,  -0.967425
          2,  572,        506,        918,       10.1,        101,       5.05   ,  -0.737336
          2,  573,        838,        696,       10.1,        101,       5.05   ,    1.14931
          2,  574,        745,        275,       10.1,        101,       5.05   ,   0.594815
          2,  575,        382,        616,       10.1,        101,       5.05   ,  0.0354597
          2,  576,        452,         65,       10.1,        101,       5.05   ,  -0.339586
          2,  577,        235,        791,       10.1,        101,       5.05   ,   0.524266
          2,  578,        258,        720,       10.1,        101,       5.05   ,    1.42971
          2,  579,        457,        517,       10.1,        101,       5.05   ,    1.55098
          2,  580,        231,        214,       10.1,        101,       5.05   ,    1.51612
          2,  581,        892,        826,       10.1,        101,       5.05   ,     1.2703
          2,  582,        997,        939,       10.1,        101,       5.05   ,   0.968421
          2,  583,        688,         34,       10.1,        101,       5.05   ,   0.995853
          2,  584,        485,         99,       10.1,        101,       5.05   ,   0.337667
          2,  585,        120,        838,       10.1,        101,       5.05   , -0.0682691
          2,  586,        678,        650,       10.1,        101,       5.05   ,  -0.548918
          2,  587,        840,        651,       10.1,        101,       5.05   ,   0.399838
          2,  588,        910,        895,       10.1,        101,       5.05   ,    1.37974
          2,  589,        324,        284,       10.1,        101,       5.05   ,     1.4139
          2,  590,        353,         21,       10.1,        101,       5.05   ,    1.45975
          2,  591,        499,        243,       10.1,        101,       5.05   ,    0.30105
          2,  592,        737,        814,       10.1,        101,       5.05   ,   -1.20575
          2,  593,        885,         36,       10.1,        101,       5.05   ,  -0.842769
          2,  594,        898,        891,       10.1,        101,       5.05   ,  -0.618752
          2,  595,        326,        388,       10.1,        101,       5.05   ,   0.817565
          2,  596,        271,        846,       10.1,        101,       5.05   ,   -0.78424
          2,  597,        607,        699,       10.1,        101,       5.05   ,  -0.489548
          2,  598,        676,        399,       10.1,        101,       5.05   ,  -0.379574
          2,  599,         68,        108,       10.1,        101,       5.05   ,    -1.4251
          2,  600,        115,        451,       10.1,        101,       5.05   ,   0.164199
          2,  601,        372,        402,       10.1,        101,       5.05   ,   -1.46287
          2,  602,        692,        970,       10.1,        101,       5.05   ,   0.801446
          2,  603,        752,        654,       10.1,        101,       5.05   ,   -1.48329
          2,  604,        622,        184,       10.1,        101,       5.05   ,    1.56933
          2,  605,        605,        349,       10.1,        101,       5.05   ,    1.39519
          2,  606,        833,         98,       10.1,        101,       5.05   ,   -0.64986
          2,  607,        600,        519,       10.1,        101,       5.05   ,  -0.936058
          2,  608,        189,        669,       10.1,        101,       5.05   ,   0.713674
          2,  609,        808,        818,       10.1,        101,       5.05   ,  -0.798481
          2,  610,        837,         86,       10.1,        101,       5.05   ,  -0.236248
          2,  611,        802,        403,       10.1,        101,       5.05   ,   0.993262
          2,  612,        735,        224,       10.1,        101,       5.05   ,  -0.613615
          2,  613,        605,        862,       10.1,        101,       5.05   ,   -1.45984
          2,  614,        721,         98,       10.1,        101,       5.05   ,   0.707846
          2,  615,        592,        238,       10.1,        101,       5.05   ,    1.10169
          2,  616,        599,        786,       10.1,        101,       5.05   ,   0.285923
          2,  617,        810,        826,       10.1,        101,       5.05   ,  -0.816539
          2,  618,         98,        431,       10.1,        101,       5.05   ,  -0.747881
          2,  619,        275,        612,       10.1,        101,       5.05   ,   0.954466
          2,  620,        661,        115,       10.1,        101,       5.05   ,   0.858274
          2,  621,        707,        795,       10.1,        101,       5.05   ,   0.287073
          2,  622,        227,        247,       10.1,        101,       5.05   ,   -0.12159
          2,  623,        670,        871,       10.1,        101,       5.05   ,    1.43171
          2,  624,        543,        235,       10.1,        101,       5.05   ,    1.40005
          2,  625,        759,        222,       10.1,        101,       5.05   ,   0.962446
          2,  626,        966,        777,       10.1,        101,       5.05   ,   0.384655
          2,  627,        507,        767,       10.1,        101,       5.05   ,    -1.1866
          2,  628,        495,        852,       10.1,        101,       5.05   ,   0.230871
          2,  629,        915,        222,       10.1,        101,       5.05   ,   0.709064
          2,  630,        120,        973,       10.1,        101,       5.05   ,  -0.132278
          2,  631,        759,        638,       10.1,        101,       5.05   ,   0.161723
          2,  632,        901,        722,       10.1,        101,       5.05   ,    1.16334
          2,  633,        303,        719,       10.1,        101,       5.05   , -0.0358962
          2,  634,         44,        635,       10.1,        101,       5.05   ,  -0.113283
          2,  635,        220,        941,       10.1,        101,       5.05   ,    1.52234
          2,  636,        373,        384,       10.1,        101,       5.05   ,   0.346965
          2,  637,        710,        420,       10.1,        101,       5.05   ,  -0.950725
          2,  638,        708,        765,       10.1,        101,       5.05   ,    1.13652
          2,  639,        121,        228,       10.1,        101,       5.05   ,  -0.305814
          2,  640,        651,        105,       10.1,        101,       5.05   ,    0.70093
          2,  641,        135,        187,       10.1,        101,       5.05   ,  -0.595189
          2,  642,        197,        585,       10.1,        101,       5.05   ,   0.518392
          2,  643,        319,        353,       10.1,        101,       5.05   ,   -1.26835
          2,  644,        415,        975,       10.1,        101,       5.05   ,   -1.29094
          2,  645,         33,        891,       10.1,        101,       5.05   ,    1.22851
          2,  646,          9,        240,       10.1,        101,       5.05   ,   -1.50759
          2,  647,        980,        996,       10.1,        101,       5.05   ,  0.0422935
          2,  648,        422,        369,       10.1,        101,       5.05   ,  -0.916036
          2,  649,        352,        994,       10.1,        101,       5.05   ,   0.423916
          2,  650,        909,        844,       10.1,        101,       5.05   ,   0.563577
          2,  651,        487,        834,       10.1,        101,       5.05   ,  -0.687019
          2,  652,         41,        438,       10.1,        101,       5.05   ,    1.20007
          2,  653,        901,        980,       10.1,        101,       5.05   ,    1.53974
          2,  654,        775,        983,       10.1,        101,       5.05   ,    1.49223
          2,  655,        326,        590,       10.1,        101,       5.05   ,    0.23727
          2,  656,        316,        583,       10.1,        101,       5.05   ,    1.57071
          2,  657,        507,        523,       10.1,        101,       5.05   ,   -1.46565
          2,  658,        833,        527,       10.1,        101,       5.05   ,    1.32232
          2,  659,        942,        990,       10.1,        101,       5.05   ,    -1.4016
          2,  660,        522,        876,       10.1,        101,       5.05   ,   -1.46604
          2,  661,        277,        625,       10.1,        101,       5.05   ,   -1.29803
          2,  662,        254,        335,       10.1,        101,       5.05   ,    1.27802
          2,  663,        449,        458,       10.1,        101,       5.05   ,    1.49663
          2,  664,        657,        117,       10.1,        101,       5.05   ,   -1.39718
          2,  665,        587,         36,       10.1,        101,       5.05   ,  -0.896036
          2,  666,        708,        963,       10.1,        101,       5.05   ,   0.576433
          2,  667,        703,        546,       10.1,        101,       5.05   ,   0.654456
          2,  668,        498,        375,       10.1,        101,       5.05   ,  -0.218522
          2,  669,        768,        461,       10.1,        101,       5.05   ,   0.242834
          2,  670,        608,        183,       10.1,        101,       5.05   , 0.00925047
          2,  671,         63,        551,       10.1,        101,       5.05   ,   0.393183
          2,  672,        203,        891,       10.1,        101,       5.05   ,   0.278019
          2,  673,        222,         98,       10.1,        101,       5.05   ,   0.745568
          2,  674,        995,         31,       10.1,        101,       5.05   ,    -1.4575
          2,  675,        569,        242,       10.1,        101,       5.05   ,   0.037454
          2,  676,        857,        410,       10.1,        101,       5.05   ,     0.3962
          2,  677,        423,        226,       10.1,        101,       5.05   ,  -0.170213
          2,  678,        496,        351,       10.1,        101,       5.05   ,  -0.665331
          2,  679,        212,        767,       10.1,        101,       5.05   ,   0.583704
          2,  680,        265,        634,       10.1,        101,       5.05   ,  -0.564043
          2,  681,        754,        672,       10.1,        101,       5.05   ,  -0.741748
          2,  682,        583,        946,       10.1,        101,       5.05   ,   0.030417
          2,  683,        757,        847,       10.1,        101,       5.05   ,   -1.38462
          2,  684,        623,        451,       10.1,        101,       5.05   ,  -0.101416
          2,  685,         18,        409,       10.1,        101,       5.05   ,  -0.682843
          2,  686,        608,        374,       10.1,        101,       5.05   ,    1.14734
------------------------------------------------------------------------------
Component[2] Total Sloped Parallelepiped = 686