Component 2 maximum area=0.323322 [on 1000x1000]
Component type: Sloped rectangle
---------------------------------------------------------------------------------------
--------------|------- Center-----|----- dimensions---------|----------------------
component| id|    X       |     Y      |  Width/a     | height/b |   hoop   |   Slope   
---------------------------------------------------------------------------------------
          2,    1,         91,        888,       10.1,        101,       5.05   ,   -1.20223
          2,    2,         14,        359,       10.1,        101,       5.05   ,    1.18806
          2,    3,        178,        671,       10.1,        101,       5.05   ,   0.442143
          2,    4,        496,        524,       10.1,        101,       5.05   ,   -1.02675
          2,    5,        104,        974,       10.1,        101,       5.05   ,   -1.52709
          2,    6,        801,        187,       10.1,        101,       5.05   ,  -0.516073
          2,    7,        857,         62,       10.1,        101,       5.05   ,   0.835156
          2,    8,        434,        221,       10.1,        101,       5.05   ,   0.572374
          2,    9,         76,        545,       10.1,        101,       5.05   , -0.0684662
          2,   10,        133,        643,       10.1,        101,       5.05   ,  -0.790911
          2,   11,        574,        212,       10.1,        101,       5.05   ,   0.861088
          2,   12,        107,        107,       10.1,        101,       5.05   ,  -0.255541
          2,   13,        321,        651,       10.1,        101,       5.05   ,   -0.82944
          2,   14,        564,        260,       10.1,        101,       5.05   ,   0.907792
          2,   15,        992,        871,       10.1,        101,       5.05   ,     1.2884
          2,   16,        945,        464,       10.1,        101,       5.05   ,  -0.559432
          2,   17,        395,        374,       10.1,        101,       5.05   ,   -1.16061
          2,   18,        678,        929,       10.1,        101,       5.05   ,   -1.05625
          2,   19,        668,        454,       10.1,        101,       5.05   ,   -1.23224
          2,   20,        715,        971,       10.1,        101,       5.05   ,    1.23491
          2,   21,        685,        419,       10.1,        101,       5.05   ,    0.73902
          2,   22,        905,        315,       10.1,        101,       5.05   ,   -1.15018
          2,   23,         59,        695,       10.1,        101,       5.05   ,    1.44138
          2,   24,        575,        609,       10.1,        101,       5.05   ,     1.5274
          2,   25,        472,        598,       10.1,        101,       5.05   ,    1.45648
          2,   26,        302,        789,       10.1,        101,       5.05   ,    1.39201
          2,   27,        406,         64,       10.1,        101,       5.05   , -0.0619147
          2,   28,         14,        572,       10.1,        101,       5.05   ,   0.705599
          2,   29,        130,        967,       10.1,        101,       5.05   ,   0.402881
          2,   30,        999,        147,       10.1,        101,       5.05   ,   0.989816
          2,   31,        440,        861,       10.1,        101,       5.05   ,   -1.15295
          2,   32,        102,        898,       10.1,        101,       5.05   ,   -1.52486
          2,   33,        340,        382,       10.1,        101,       5.05   ,   -0.86557
          2,   34,        795,        818,       10.1,        101,       5.05   ,  -0.489443
          2,   35,        360,        869,       10.1,        101,       5.05   ,    1.39937
          2,   36,        420,        731,       10.1,        101,       5.05   ,   0.735101
          2,   37,        147,        364,       10.1,        101,       5.05   ,    1.13879
          2,   38,        708,        726,       10.1,        101,       5.05   ,   0.758985
          2,   39,        115,        695,       10.1,        101,       5.05   ,   -1.01766
          2,   40,        562,        312,       10.1,        101,       5.05   ,    1.49708
          2,   41,        510,         18,       10.1,        101,       5.05   ,   0.397859
          2,   42,        306,        493,       10.1,        101,       5.05   ,  -0.883117
          2,   43,        860,        494,       10.1,        101,       5.05   ,   0.675524
          2,   44,        904,         59,       10.1,        101,       5.05   ,  -0.982643
          2,   45,        606,        795,       10.1,        101,       5.05   ,   0.549522
          2,   46,        578,        947,       10.1,        101,       5.05   ,   -0.32773
          2,   47,        451,        900,       10.1,        101,       5.05   ,    1.04138
          2,   48,        258,        344,       10.1,        101,       5.05   ,   -1.16454
          2,   49,        392,        256,       10.1,        101,       5.05   ,   -1.05162
          2,   50,        359,        693,       10.1,        101,       5.05   ,     0.4044
          2,   51,        928,        685,       10.1,        101,       5.05   ,    0.70759
          2,   52,        133,        781,       10.1,        101,       5.05   ,  -0.415408
          2,   53,        102,         51,       10.1,        101,       5.05   ,    1.23756
          2,   54,        491,        138,       10.1,        101,       5.05   ,  -0.106387
          2,   55,        276,        265,       10.1,        101,       5.05   ,   0.569789
          2,   56,        858,        415,       10.1,        101,       5.05   ,   -0.81794
          2,   57,        914,        908,       10.1,        101,       5.05   , 0.00360554
          2,   58,         53,         59,       10.1,        101,       5.05   ,   -1.00517
          2,   59,        331,        514,       10.1,        101,       5.05   ,   -1.17202
          2,   60,        699,         58,       10.1,        101,       5.05   ,   0.974559
          2,   61,        499,        740,       10.1,        101,       5.05   ,  -0.127228
          2,   62,        668,         64,       10.1,        101,       5.05   ,    0.46129
          2,   63,        219,        910,       10.1,        101,       5.05   ,   0.790951
          2,   64,        801,        672,       10.1,        101,       5.05   ,   0.670703
          2,   65,        100,        505,       10.1,        101,       5.05   ,   0.858517
          2,   66,         60,        604,       10.1,        101,       5.05   ,  -0.870062
          2,   67,        538,        505,       10.1,        101,       5.05   ,   0.907532
          2,   68,        458,        836,       10.1,        101,       5.05   ,    1.07139
          2,   69,         61,        411,       10.1,        101,       5.05   ,     1.1882
          2,   70,        416,        677,       10.1,        101,       5.05   ,   -1.44013
          2,   71,        936,        774,       10.1,        101,       5.05   ,   -1.27802
          2,   72,         97,         10,       10.1,        101,       5.05   ,  -0.858062
          2,   73,        831,        297,       10.1,        101,       5.05   ,   0.127126
          2,   74,        913,         66,       10.1,        101,       5.05   ,  -0.679763
          2,   75,        155,        485,       10.1,        101,       5.05   ,    1.03039
          2,   76,        681,        372,       10.1,        101,       5.05   ,   0.545195
          2,   77,        668,        482,       10.1,        101,       5.05   ,  -0.574445
          2,   78,        186,        558,       10.1,        101,       5.05   ,   0.709616
          2,   79,        260,        873,       10.1,        101,       5.05   ,   -1.13283
          2,   80,        696,        362,       10.1,        101,       5.05   ,    1.42123
          2,   81,        486,        313,       10.1,        101,       5.05   ,   0.573843
          2,   82,         45,         41,       10.1,        101,       5.05   ,   0.561422
          2,   83,        681,        625,       10.1,        101,       5.05   ,  -0.723683
          2,   84,        317,        888,       10.1,        101,       5.05   ,    1.24419
          2,   85,        882,        224,       10.1,        101,       5.05   ,    1.32833
          2,   86,        663,        480,       10.1,        101,       5.05   , -0.0402537
          2,   87,        955,        206,       10.1,        101,       5.05   ,    1.13144
          2,   88,        679,        230,       10.1,        101,       5.05   ,   -1.56532
          2,   89,        141,        478,       10.1,        101,       5.05   ,  -0.147511
          2,   90,        651,        575,       10.1,        101,       5.05   ,  -0.729223
          2,   91,        379,        508,       10.1,        101,       5.05   ,     1.4595
          2,   92,        443,        115,       10.1,        101,       5.05   ,  -0.333232
          2,   93,         20,        834,       10.1,        101,       5.05   ,    1.42253
          2,   94,        807,        663,       10.1,        101,       5.05   ,  -0.740164
          2,   95,        846,        954,       10.1,        101,       5.05   ,  -0.962305
          2,   96,        590,         74,       10.1,        101,       5.05   ,  -0.593967
          2,   97,        830,         73,       10.1,        101,       5.05   ,  -0.823702
          2,   98,        995,         65,       10.1,        101,       5.05   ,   0.899645
          2,   99,        184,        114,       10.1,        101,       5.05   ,    1.14922
          2,  100,        366,        109,       10.1,        101,       5.05   ,   -1.19293
          2,  101,        286,        923,       10.1,        101,       5.05   ,      1.453
          2,  102,        528,        333,       10.1,        101,       5.05   ,   -0.20605
          2,  103,        682,        393,       10.1,        101,       5.05   ,  0.0005213
          2,  104,        978,        364,       10.1,        101,       5.05   ,   0.786144
          2,  105,        686,        740,       10.1,        101,       5.05   ,  -0.574482
          2,  106,        467,         25,       10.1,        101,       5.05   ,  0.0656652
          2,  107,         35,        760,       10.1,        101,       5.05   ,   -1.06776
          2,  108,        817,        716,       10.1,        101,       5.05   ,     1.1751
          2,  109,        836,        644,       10.1,        101,       5.05   ,   0.942437
          2,  110,        123,        844,       10.1,        101,       5.05   ,    0.24868
          2,  111,        934,        520,       10.1,        101,       5.05   ,   -1.38449
          2,  112,        154,        885,       10.1,        101,       5.05   ,   0.178903
          2,  113,        364,        200,       10.1,        101,       5.05   ,   -1.32539
          2,  114,        144,        939,       10.1,        101,       5.05   ,   0.589498
          2,  115,        644,        322,       10.1,        101,       5.05   ,    1.56882
          2,  116,        943,        703,       10.1,        101,       5.05   ,   -1.30192
          2,  117,        208,        679,       10.1,        101,       5.05   ,  -0.522211
          2,  118,        596,        446,       10.1,        101,       5.05   ,   -1.42967
          2,  119,         58,        811,       10.1,        101,       5.05   ,  -0.479518
          2,  120,        384,        483,       10.1,        101,       5.05   ,    1.30893
          2,  121,        945,        694,       10.1,        101,       5.05   ,    1.56991
          2,  122,        844,         72,       10.1,        101,       5.05   ,    1.48825
          2,  123,        792,        733,       10.1,        101,       5.05   ,   0.155569
          2,  124,        957,        760,       10.1,        101,       5.05   ,     1.2381
          2,  125,        917,        496,       10.1,        101,       5.05   ,    1.27191
          2,  126,        798,         77,       10.1,        101,       5.05   ,   0.626508
          2,  127,        798,        684,       10.1,        101,       5.05   ,   0.179564
          2,  128,        481,        106,       10.1,        101,       5.05   ,   0.573822
          2,  129,        632,        665,       10.1,        101,       5.05   ,     1.0113
          2,  130,        800,        667,       10.1,        101,       5.05   ,    1.15748
          2,  131,        425,        906,       10.1,        101,       5.05   ,  -0.734321
          2,  132,        599,        948,       10.1,        101,       5.05   ,  -0.447037
          2,  133,        468,        146,       10.1,        101,       5.05   ,  -0.800807
          2,  134,        342,        545,       10.1,        101,       5.05   ,  -0.270309
          2,  135,        812,        658,       10.1,        101,       5.05   ,  -0.485675
          2,  136,        736,        630,       10.1,        101,       5.05   ,  0.0673131
          2,  137,        891,         62,       10.1,        101,       5.05   ,    1.18985
          2,  138,        267,        137,       10.1,        101,       5.05   ,    1.32737
          2,  139,        298,        511,       10.1,        101,       5.05   ,    1.40764
          2,  140,        186,        784,       10.1,        101,       5.05   ,  -0.698589
          2,  141,        959,        928,       10.1,        101,       5.05   ,   -1.26034
          2,  142,        559,        342,       10.1,        101,       5.05   ,   -1.34557
          2,  143,        872,        869,       10.1,        101,       5.05   ,  -0.931866
          2,  144,        238,        878,       10.1,        101,       5.05   ,   0.684978
          2,  145,        344,         86,       10.1,        101,       5.05   ,  -0.223729
          2,  146,        942,        926,       10.1,        101,       5.05   ,   -1.30554
          2,  147,        844,        277,       10.1,        101,       5.05   ,  -0.915264
          2,  148,         63,        535,       10.1,        101,       5.05   ,      0.541
          2,  149,        573,         91,       10.1,        101,       5.05   ,  -0.926732
          2,  150,        100,        930,       10.1,        101,       5.05   ,   -1.25512
          2,  151,        783,        324,       10.1,        101,       5.05   ,    1.03279
          2,  152,        784,        942,       10.1,        101,       5.05   , -0.0611234
          2,  153,         67,        863,       10.1,        101,       5.05   ,   -1.09163
          2,  154,        672,        601,       10.1,        101,       5.05   ,  -0.662001
          2,  155,        406,        529,       10.1,        101,       5.05   ,  -0.191364
          2,  156,        623,        206,       10.1,        101,       5.05   ,  -0.194526
          2,  157,        423,        945,       10.1,        101,       5.05   ,-0.00745181
          2,  158,        982,        109,       10.1,        101,       5.05   ,   0.301344
          2,  159,        182,        817,       10.1,        101,       5.05   ,   0.209569
          2,  160,        648,        240,       10.1,        101,       5.05   ,  -0.408836
          2,  161,        346,        569,       10.1,        101,       5.05   , -0.0113439
          2,  162,        207,        805,       10.1,        101,       5.05   ,   0.219072
          2,  163,        396,        250,       10.1,        101,       5.05   ,   0.195201
          2,  164,        185,        335,       10.1,        101,       5.05   ,   0.291458
          2,  165,        769,        843,       10.1,        101,       5.05   ,   -1.15364
          2,  166,        668,        992,       10.1,        101,       5.05   ,  0.0736648
          2,  167,        632,         28,       10.1,        101,       5.05   ,  -0.730747
          2,  168,        188,        998,       10.1,        101,       5.05   ,   -1.47536
          2,  169,        143,         94,       10.1,        101,       5.05   ,   0.784337
          2,  170,        132,        202,       10.1,        101,       5.05   ,    1.23425
          2,  171,        501,        939,       10.1,        101,       5.05   , -0.0483815
          2,  172,        173,        476,       10.1,        101,       5.05   ,  -0.048916
          2,  173,        943,        315,       10.1,        101,       5.05   ,    1.05704
          2,  174,        654,        409,       10.1,        101,       5.05   ,   0.946542
          2,  175,        678,        886,       10.1,        101,       5.05   ,  -0.835866
          2,  176,        882,         52,       10.1,        101,       5.05   ,   -0.30611
          2,  177,        500,         98,       10.1,        101,       5.05   ,   -1.43324
          2,  178,         27,        136,       10.1,        101,       5.05   ,  -0.702299
          2,  179,        446,        825,       10.1,        101,       5.05   ,  -0.658275
          2,  180,        932,        205,       10.1,        101,       5.05   ,  -0.982523
          2,  181,        273,        851,       10.1,        101,       5.05   ,   0.528393
          2,  182,        709,        210,       10.1,        101,       5.05   ,   -1.20171
          2,  183,         45,        812,       10.1,        101,       5.05   ,    1.56804
          2,  184,        226,        391,       10.1,        101,       5.05   ,    1.04785
          2,  185,        112,        144,       10.1,        101,       5.05   ,  -0.372365
          2,  186,        460,        641,       10.1,        101,       5.05   , -0.0339937
          2,  187,        548,        262,       10.1,        101,       5.05   ,  -0.867388
          2,  188,        715,        548,       10.1,        101,       5.05   ,    1.17361
          2,  189,        271,        874,       10.1,        101,       5.05   ,    0.04408
          2,  190,        806,        910,       10.1,        101,       5.05   ,    0.39653
          2,  191,        342,        234,       10.1,        101,       5.05   ,    1.51129
          2,  192,        725,        199,       10.1,        101,       5.05   ,   0.987063
          2,  193,        552,        139,       10.1,        101,       5.05   ,     1.1074
          2,  194,        648,         82,       10.1,        101,       5.05   ,   -1.08674
          2,  195,        940,        636,       10.1,        101,       5.05   , -0.0460067
          2,  196,         99,        450,       10.1,        101,       5.05   ,    0.25476
          2,  197,        330,        725,       10.1,        101,       5.05   ,   -0.82676
          2,  198,        657,        370,       10.1,        101,       5.05   ,    -1.2949
          2,  199,        110,        209,       10.1,        101,       5.05   ,  -0.416987
          2,  200,        178,        320,       10.1,        101,       5.05   ,  -0.510774
          2,  201,         79,        711,       10.1,        101,       5.05   ,  -0.560718
          2,  202,        367,         69,       10.1,        101,       5.05   ,   -1.07331
          2,  203,        296,        660,       10.1,        101,       5.05   ,   0.732466
          2,  204,        696,        183,       10.1,        101,       5.05   ,   -1.36268
          2,  205,        807,        534,       10.1,        101,       5.05   ,   0.298618
          2,  206,        815,        283,       10.1,        101,       5.05   ,   0.435529
          2,  207,        708,        480,       10.1,        101,       5.05   ,   0.524317
          2,  208,        400,        133,       10.1,        101,       5.05   ,   0.499262
          2,  209,        314,        702,       10.1,        101,       5.05   ,  -0.738604
          2,  210,        447,        683,       10.1,        101,       5.05   ,   -0.10144
          2,  211,        558,        287,       10.1,        101,       5.05   ,   0.197106
          2,  212,        566,        401,       10.1,        101,       5.05   ,   -1.14598
          2,  213,        102,        313,       10.1,        101,       5.05   ,  -0.575876
          2,  214,        726,        348,       10.1,        101,       5.05   ,   0.271407
          2,  215,         10,        897,       10.1,        101,       5.05   ,   0.787836
          2,  216,        122,        548,       10.1,        101,       5.05   ,   0.170086
          2,  217,        715,        342,       10.1,        101,       5.05   ,  -0.861344
          2,  218,        719,         97,       10.1,        101,       5.05   ,  -0.378751
          2,  219,        318,        425,       10.1,        101,       5.05   ,    1.44781
          2,  220,        771,        166,       10.1,        101,       5.05   ,   -0.92552
          2,  221,        769,        768,       10.1,        101,       5.05   ,   -1.25476
          2,  222,        521,        292,       10.1,        101,       5.05   , -0.0369044
          2,  223,        238,        300,       10.1,        101,       5.05   ,    1.44885
          2,  224,        210,        299,       10.1,        101,       5.05   ,    1.37567
          2,  225,        287,        122,       10.1,        101,       5.05   ,  -0.635579
          2,  226,        837,        534,       10.1,        101,       5.05   ,   -1.40061
          2,  227,        950,        853,       10.1,        101,       5.05   ,   0.802427
          2,  228,        192,        787,       10.1,        101,       5.05   ,    1.50956
          2,  229,        547,        747,       10.1,        101,       5.05   ,   -1.03271
          2,  230,        856,        404,       10.1,        101,       5.05   ,   0.407737
          2,  231,        723,        765,       10.1,        101,       5.05   ,  -0.256289
          2,  232,        363,        727,       10.1,        101,       5.05   ,  -0.619841
          2,  233,        293,        793,       10.1,        101,       5.05   ,   -1.56433
          2,  234,        265,        918,       10.1,        101,       5.05   ,   0.807017
          2,  235,        882,        599,       10.1,        101,       5.05   ,   0.225048
          2,  236,        776,         35,       10.1,        101,       5.05   ,   0.782956
          2,  237,        644,        368,       10.1,        101,       5.05   ,    1.14434
          2,  238,        949,        246,       10.1,        101,       5.05   ,    1.25032
          2,  239,        830,        787,       10.1,        101,       5.05   ,    1.41227
          2,  240,        150,        643,       10.1,        101,       5.05   ,  -0.456595
          2,  241,        235,        440,       10.1,        101,       5.05   ,    1.55714
          2,  242,        325,        456,       10.1,        101,       5.05   ,  0.0800725
          2,  243,        202,        335,       10.1,        101,       5.05   ,   0.257059
          2,  244,        824,        915,       10.1,        101,       5.05   ,    1.34688
          2,  245,        531,        519,       10.1,        101,       5.05   ,    1.19233
          2,  246,        309,        359,       10.1,        101,       5.05   ,   0.552451
          2,  247,        109,        244,       10.1,        101,       5.05   ,  -0.146681
          2,  248,        389,         72,       10.1,        101,       5.05   ,   0.615502
          2,  249,        846,        296,       10.1,        101,       5.05   ,  -0.716833
          2,  250,        348,        700,       10.1,        101,       5.05   ,   -1.14578
          2,  251,        333,        997,       10.1,        101,       5.05   ,   -1.37251
          2,  252,        705,        130,       10.1,        101,       5.05   ,   0.948418
          2,  253,        967,        191,       10.1,        101,       5.05   ,   -1.47179
          2,  254,        110,        337,       10.1,        101,       5.05   ,   -1.49449
          2,  255,        571,        603,       10.1,        101,       5.05   ,    0.29554
          2,  256,        291,        534,       10.1,        101,       5.05   ,    1.14618
          2,  257,         49,        203,       10.1,        101,       5.05   ,  -0.690203
          2,  258,        164,        405,       10.1,        101,       5.05   ,  -0.676544
          2,  259,        391,        128,       10.1,        101,       5.05   ,    1.06703
          2,  260,        642,        658,       10.1,        101,       5.05   ,  0.0559879
          2,  261,        380,         92,       10.1,        101,       5.05   ,    1.25126
          2,  262,         15,        650,       10.1,        101,       5.05   ,    -1.5034
          2,  263,        926,         67,       10.1,        101,       5.05   ,   0.737442
          2,  264,        529,        624,       10.1,        101,       5.05   ,   -1.30923
          2,  265,        150,        131,       10.1,        101,       5.05   ,   0.238727
          2,  266,        942,        380,       10.1,        101,       5.05   ,   0.631292
          2,  267,        602,        338,       10.1,        101,       5.05   ,    1.16318
          2,  268,        265,        483,       10.1,        101,       5.05   ,   -1.01879
          2,  269,        194,        365,       10.1,        101,       5.05   ,  -0.771253
          2,  270,        825,         48,       10.1,        101,       5.05   ,    1.44383
          2,  271,        828,        958,       10.1,        101,       5.05   ,   -1.36698
          2,  272,        462,        703,       10.1,        101,       5.05   ,   0.527971
          2,  273,        700,        747,       10.1,        101,       5.05   ,   0.503051
          2,  274,        823,        485,       10.1,        101,       5.05   ,   0.999462
          2,  275,        754,         21,       10.1,        101,       5.05   ,    1.31034
          2,  276,        560,        546,       10.1,        101,       5.05   ,   -1.30519
          2,  277,        149,        111,       10.1,        101,       5.05   ,     0.9599
          2,  278,        384,         96,       10.1,        101,       5.05   ,   0.503795
          2,  279,        326,        447,       10.1,        101,       5.05   ,   0.197711
          2,  280,        647,        987,       10.1,        101,       5.05   ,   0.809714
          2,  281,        335,        520,       10.1,        101,       5.05   ,  -0.819113
          2,  282,        941,        623,       10.1,        101,       5.05   ,   -0.20669
          2,  283,        769,        798,       10.1,        101,       5.05   ,   0.815114
          2,  284,        548,        510,       10.1,        101,       5.05   ,   0.119367
          2,  285,        930,        836,       10.1,        101,       5.05   ,  -0.319019
          2,  286,        752,        419,       10.1,        101,       5.05   ,   -0.38233
          2,  287,        444,        612,       10.1,        101,       5.05   ,   0.288476
          2,  288,        166,        633,       10.1,        101,       5.05   ,   -1.32201
          2,  289,        142,        902,       10.1,        101,       5.05   ,   -1.01585
          2,  290,        847,        580,       10.1,        101,       5.05   ,   -1.27223
          2,  291,        926,        956,       10.1,        101,       5.05   ,  -0.500254
          2,  292,        581,         69,       10.1,        101,       5.05   ,  -0.958651
          2,  293,        830,        633,       10.1,        101,       5.05   ,     -1.508
          2,  294,        718,        198,       10.1,        101,       5.05   ,   0.485435
          2,  295,        360,         95,       10.1,        101,       5.05   ,  -0.751939
          2,  296,         18,        345,       10.1,        101,       5.05   ,  -0.350914
          2,  297,        152,        486,       10.1,        101,       5.05   ,    0.77349
          2,  298,        855,        490,       10.1,        101,       5.05   ,  -0.706568
          2,  299,         65,        124,       10.1,        101,       5.05   ,   0.603752
          2,  300,        175,        174,       10.1,        101,       5.05   ,    0.47725
          2,  301,        168,        362,       10.1,        101,       5.05   ,  0.0508585
          2,  302,        817,        398,       10.1,        101,       5.05   ,   0.346457
          2,  303,        325,        143,       10.1,        101,       5.05   ,   -1.02226
          2,  304,        851,        167,       10.1,        101,       5.05   ,  -0.467568
          2,  305,          1,         48,       10.1,        101,       5.05   ,  -0.650959
          2,  306,        510,        168,       10.1,        101,       5.05   ,  -0.869738
          2,  307,         56,        537,       10.1,        101,       5.05   ,    1.22752
          2,  308,        253,        503,       10.1,        101,       5.05   ,   0.280894
          2,  309,        605,        371,       10.1,        101,       5.05   ,   0.481705
          2,  310,        237,        984,       10.1,        101,       5.05   ,    1.16239
          2,  311,        896,         74,       10.1,        101,       5.05   ,  -0.519211
          2,  312,        363,        518,       10.1,        101,       5.05   ,    1.13829
          2,  313,        802,        679,       10.1,        101,       5.05   ,  -0.658715
          2,  314,        893,        768,       10.1,        101,       5.05   ,   -1.25227
          2,  315,        971,        422,       10.1,        101,       5.05   ,  -0.844008
          2,  316,        299,          3,       10.1,        101,       5.05   ,   0.944389
          2,  317,        387,        752,       10.1,        101,       5.05   ,   -1.40598
          2,  318,        338,        405,       10.1,        101,       5.05   ,   0.377275
          2,  319,        772,        565,       10.1,        101,       5.05   ,   -1.23984
          2,  320,        208,        231,       10.1,        101,       5.05   ,  -0.400418
          2,  321,        939,        987,       10.1,        101,       5.05   ,  -0.397282
          2,  322,        799,        570,       10.1,        101,       5.05   ,   0.172497
          2,  323,        343,        580,       10.1,        101,       5.05   ,    1.12046
          2,  324,         91,         60,       10.1,        101,       5.05   ,   -1.05959
          2,  325,        530,        916,       10.1,        101,       5.05   ,    1.19285
          2,  326,        576,        611,       10.1,        101,       5.05   ,  -0.690003
          2,  327,        685,        234,       10.1,        101,       5.05   ,   -1.20774
          2,  328,        438,        213,       10.1,        101,       5.05   ,    1.14309
          2,  329,        905,        700,       10.1,        101,       5.05   ,   0.132289
          2,  330,         25,         77,       10.1,        101,       5.05   ,    -1.2882
          2,  331,        961,        158,       10.1,        101,       5.05   ,   0.695869
          2,  332,        848,         65,       10.1,        101,       5.05   ,   -1.00899
          2,  333,        670,        403,       10.1,        101,       5.05   ,    1.12368
          2,  334,        272,        247,       10.1,        101,       5.05   ,   -1.50534
          2,  335,        808,        213,       10.1,        101,       5.05   ,   -1.00159
          2,  336,        808,        557,       10.1,        101,       5.05   ,   -1.00109
          2,  337,        904,        950,       10.1,        101,       5.05   ,   0.468908
          2,  338,        722,        632,       10.1,        101,       5.05   ,  -0.075006
          2,  339,        752,         18,       10.1,        101,       5.05   , -0.0860389
          2,  340,        446,        343,       10.1,        101,       5.05   , -0.0612158
          2,  341,        693,         71,       10.1,        101,       5.05   ,   0.311975
          2,  342,        955,         88,       10.1,        101,       5.05   ,  0.0124688
          2,  343,         22,        383,       10.1,        101,       5.05   ,   0.018533
          2,  344,        312,        744,       10.1,        101,       5.05   ,  -0.184768
          2,  345,        151,        581,       10.1,        101,       5.05   ,  -0.999295
          2,  346,        447,        296,       10.1,        101,       5.05   ,  -0.648406
          2,  347,         59,        409,       10.1,        101,       5.05   ,  0.0307723
          2,  348,        249,        846,       10.1,        101,       5.05   ,    1.01876
          2,  349,        822,        232,       10.1,        101,       5.05   ,   -1.36034
          2,  350,        922,          2,       10.1,        101,       5.05   ,   0.245428
          2,  351,         11,        331,       10.1,        101,       5.05   ,   0.458383
          2,  352,        124,        266,       10.1,        101,       5.05   ,    1.38845
          2,  353,         22,        604,       10.1,        101,       5.05   ,   -1.38035
          2,  354,        609,         88,       10.1,        101,       5.05   ,   0.867473
          2,  355,        804,        215,       10.1,        101,       5.05   ,   0.947289
          2,  356,        552,        717,       10.1,        101,       5.05   ,   0.737005
          2,  357,        764,        188,       10.1,        101,       5.05   ,     1.2403
          2,  358,         21,        637,       10.1,        101,       5.05   ,   0.257879
          2,  359,        731,        987,       10.1,        101,       5.05   , 0.00618062
          2,  360,        731,        192,       10.1,        101,       5.05   ,   0.161673
          2,  361,        380,        553,       10.1,        101,       5.05   ,    1.19834
          2,  362,        769,        873,       10.1,        101,       5.05   ,   -0.41471
          2,  363,        326,        380,       10.1,        101,       5.05   ,   0.140794
          2,  364,        877,        811,       10.1,        101,       5.05   ,    0.64427
          2,  365,        644,        342,       10.1,        101,       5.05   ,   0.192216
          2,  366,        623,        231,       10.1,        101,       5.05   ,  -0.196436
          2,  367,        809,        864,       10.1,        101,       5.05   ,  -0.432065
          2,  368,        455,        117,       10.1,        101,       5.05   ,    0.46292
          2,  369,        110,        873,       10.1,        101,       5.05   ,   -1.20829
          2,  370,        823,        310,       10.1,        101,       5.05   ,  -0.475033
          2,  371,        636,        580,       10.1,        101,       5.05   ,  -0.645673
          2,  372,        443,        841,       10.1,        101,       5.05   ,  -0.834014
          2,  373,        855,        308,       10.1,        101,       5.05   ,   -1.09907
          2,  374,        839,        219,       10.1,        101,       5.05   ,    1.48595
          2,  375,        633,        580,       10.1,        101,       5.05   ,   0.350763
          2,  376,        292,        593,       10.1,        101,       5.05   ,   0.547422
          2,  377,        827,        880,       10.1,        101,       5.05   ,  -0.867186
          2,  378,        329,        838,       10.1,        101,       5.05   ,  -0.979063
          2,  379,        169,        394,       10.1,        101,       5.05   ,   -0.32226
          2,  380,        538,        519,       10.1,        101,       5.05   ,   0.411018
          2,  381,        366,        836,       10.1,        101,       5.05   ,  -0.706946
          2,  382,        607,        904,       10.1,        101,       5.05   ,   -1.17518
          2,  383,        742,        544,       10.1,        101,       5.05   ,    1.43573
          2,  384,        789,        993,       10.1,        101,       5.05   ,   0.894139
          2,  385,        746,        207,       10.1,        101,       5.05   ,   0.704524
          2,  386,        424,        832,       10.1,        101,       5.05   ,  -0.623619
          2,  387,        862,        800,       10.1,        101,       5.05   ,   0.373895
          2,  388,         52,        431,       10.1,        101,       5.05   ,  -0.553158
          2,  389,        692,        670,       10.1,        101,       5.05   ,    1.30114
          2,  390,        595,        757,       10.1,        101,       5.05   ,   0.835028
          2,  391,        410,        237,       10.1,        101,       5.05   ,   0.674383
          2,  392,        504,        886,       10.1,        101,       5.05   ,  -0.907006
          2,  393,         35,        174,       10.1,        101,       5.05   ,  -0.164586
          2,  394,        547,        454,       10.1,        101,       5.05   ,  -0.440245
          2,  395,        592,        476,       10.1,        101,       5.05   ,   0.774414
          2,  396,        212,        352,       10.1,        101,       5.05   ,  -0.304498
          2,  397,         27,        499,       10.1,        101,       5.05   ,   -1.06659
          2,  398,        776,        322,       10.1,        101,       5.05   ,   -1.30208
          2,  399,        827,        533,       10.1,        101,       5.05   ,   0.491999
          2,  400,        362,        266,       10.1,        101,       5.05   ,   -1.40013
          2,  401,        749,        452,       10.1,        101,       5.05   ,   0.341461
          2,  402,        939,        355,       10.1,        101,       5.05   ,   0.199357
          2,  403,         29,        732,       10.1,        101,       5.05   , -0.0428453
          2,  404,        987,         55,       10.1,        101,       5.05   ,  -0.501828
          2,  405,        971,        879,       10.1,        101,       5.05   ,   0.971509
          2,  406,        741,        712,       10.1,        101,       5.05   ,   0.500809
          2,  407,        169,        124,       10.1,        101,       5.05   ,   0.832476
          2,  408,          4,        343,       10.1,        101,       5.05   ,   0.789181
          2,  409,        337,        602,       10.1,        101,       5.05   ,  -0.481416
          2,  410,        404,        354,       10.1,        101,       5.05   ,  -0.294641
          2,  411,        153,        672,       10.1,        101,       5.05   ,   -1.28178
          2,  412,        137,        874,       10.1,        101,       5.05   ,    -0.3645
          2,  413,        784,        581,       10.1,        101,       5.05   ,   -1.34138
          2,  414,        850,        515,       10.1,        101,       5.05   ,  -0.258922
          2,  415,        787,        618,       10.1,        101,       5.05   ,    0.25247
          2,  416,        416,        840,       10.1,        101,       5.05   ,  -0.720016
          2,  417,        414,        303,       10.1,        101,       5.05   ,   0.777327
          2,  418,        274,        265,       10.1,        101,       5.05   ,   0.494892
          2,  419,        193,        618,       10.1,        101,       5.05   ,    1.39017
          2,  420,        669,        150,       10.1,        101,       5.05   ,    0.29887
          2,  421,        690,        785,       10.1,        101,       5.05   ,  -0.969232
          2,  422,        617,         48,       10.1,        101,       5.05   ,  -0.699145
          2,  423,        826,        212,       10.1,        101,       5.05   ,   0.851376
          2,  424,         54,        406,       10.1,        101,       5.05   ,  -0.534849
          2,  425,        475,        817,       10.1,        101,       5.05   ,   0.692657
          2,  426,        217,        732,       10.1,        101,       5.05   ,   -1.11501
          2,  427,        581,        853,       10.1,        101,       5.05   ,    1.34163
          2,  428,        592,        555,       10.1,        101,       5.05   ,   0.245152
          2,  429,        296,        844,       10.1,        101,       5.05   ,   -1.10065
          2,  430,        655,        127,       10.1,        101,       5.05   ,    1.30855
          2,  431,        192,        567,       10.1,        101,       5.05   ,  -0.914205
          2,  432,        138,        919,       10.1,        101,       5.05   ,   0.173153
          2,  433,        121,        812,       10.1,        101,       5.05   ,    1.04442
          2,  434,        198,        119,       10.1,        101,       5.05   ,  -0.548694
          2,  435,        337,        299,       10.1,        101,       5.05   ,   0.235129
          2,  436,        123,        311,       10.1,        101,       5.05   ,   0.640141
          2,  437,        327,        424,       10.1,        101,       5.05   ,  -0.980187
          2,  438,        458,        223,       10.1,        101,       5.05   ,  -0.801058
          2,  439,        944,        651,       10.1,        101,       5.05   ,  -0.676121
          2,  440,        919,        486,       10.1,        101,       5.05   , -0.0581926
          2,  441,        773,        747,       10.1,        101,       5.05   ,    1.56746
          2,  442,        624,        282,       10.1,        101,       5.05   ,  -0.105296
          2,  443,        840,        377,       10.1,        101,       5.05   ,  -0.526115
          2,  444,        972,        564,       10.1,        101,       5.05   ,    1.48142
          2,  445,        743,        584,       10.1,        101,       5.05   ,   0.305517
          2,  446,        931,        677,       10.1,        101,       5.05   ,   0.178994
          2,  447,        551,        108,       10.1,        101,       5.05   ,   0.184414
          2,  448,        950,         45,       10.1,        101,       5.05   ,   -1.32097
          2,  449,        592,        624,       10.1,        101,       5.05   ,  -0.204549
          2,  450,        788,        332,       10.1,        101,       5.05   ,   0.467807
          2,  451,        305,        680,       10.1,        101,       5.05   ,   0.661689
          2,  452,        166,        201,       10.1,        101,       5.05   ,    1.45746
          2,  453,        826,        324,       10.1,        101,       5.05   ,  -0.975675
          2,  454,        997,        315,       10.1,        101,       5.05   ,   0.544377
          2,  455,        246,        736,       10.1,        101,       5.05   ,   0.409824
          2,  456,        510,        898,       10.1,        101,       5.05   ,   -1.01267
          2,  457,        594,        494,       10.1,        101,       5.05   ,     1.0272
          2,  458,        663,        593,       10.1,        101,       5.05   ,  -0.505915
          2,  459,        423,        717,       10.1,        101,       5.05   ,   0.900377
          2,  460,        511,        154,       10.1,        101,       5.05   ,  -0.661766
          2,  461,        219,         30,       10.1,        101,       5.05   ,   0.985928
          2,  462,        765,        714,       10.1,        101,       5.05   ,  -0.515391
          2,  463,        401,        799,       10.1,        101,       5.05   ,    -1.5118
          2,  464,        795,        753,       10.1,        101,       5.05   ,  -0.433755
          2,  465,         36,        818,       10.1,        101,       5.05   ,  0.0280159
          2,  466,        747,        154,       10.1,        101,       5.05   ,  0.0228799
          2,  467,        188,        603,       10.1,        101,       5.05   ,    1.11565
          2,  468,        160,         75,       10.1,        101,       5.05   ,  -0.944132
          2,  469,        802,        296,       10.1,        101,       5.05   ,    -1.5041
          2,  470,        441,        311,       10.1,        101,       5.05   ,     1.0256
          2,  471,        440,        185,       10.1,        101,       5.05   ,   0.787088
          2,  472,        801,        680,       10.1,        101,       5.05   ,   0.798596
          2,  473,        549,        580,       10.1,        101,       5.05   ,   0.406412
          2,  474,        467,         90,       10.1,        101,       5.05   ,    1.32241
          2,  475,        108,        275,       10.1,        101,       5.05   ,   -1.06968
          2,  476,        972,        361,       10.1,        101,       5.05   ,    1.28277
          2,  477,        120,        645,       10.1,        101,       5.05   ,   0.479773
          2,  478,        483,        481,       10.1,        101,       5.05   ,  -0.720676
          2,  479,        228,        173,       10.1,        101,       5.05   ,   0.395161
          2,  480,        627,        794,       10.1,        101,       5.05   ,  0.0246973
          2,  481,        732,        376,       10.1,        101,       5.05   ,   -1.44255
          2,  482,        394,         82,       10.1,        101,       5.05   ,  -0.420487
          2,  483,        998,        654,       10.1,        101,       5.05   ,  -0.587547
          2,  484,        534,        401,       10.1,        101,       5.05   ,  -0.680638
          2,  485,        716,        234,       10.1,        101,       5.05   ,   0.150375
          2,  486,        918,        874,       10.1,        101,       5.05   ,  -0.550247
          2,  487,        507,         50,       10.1,        101,       5.05   ,  -0.855563
          2,  488,        733,        722,       10.1,        101,       5.05   ,    1.56376
          2,  489,        947,        339,       10.1,        101,       5.05   ,  -0.552516
          2,  490,        515,        457,       10.1,        101,       5.05   ,   0.257422
          2,  491,        293,        561,       10.1,        101,       5.05   ,   0.947847
          2,  492,        229,        791,       10.1,        101,       5.05   ,   0.335686
          2,  493,        765,        427,       10.1,        101,       5.05   ,  -0.886276
          2,  494,        258,        813,       10.1,        101,       5.05   ,    1.39363
          2,  495,        230,        738,       10.1,        101,       5.05   ,    1.28248
          2,  496,        707,        522,       10.1,        101,       5.05   ,    1.33697
          2,  497,        719,         42,       10.1,        101,       5.05   ,    1.13318
          2,  498,        115,        979,       10.1,        101,       5.05   ,   0.509356
          2,  499,        410,        609,       10.1,        101,       5.05   ,   -1.41884
          2,  500,        831,        359,       10.1,        101,       5.05   ,   0.812216
          2,  501,         99,         92,       10.1,        101,       5.05   ,   0.246412
          2,  502,        147,        317,       10.1,        101,       5.05   ,   0.428413
          2,  503,        251,        328,       10.1,        101,       5.05   ,   0.603701
          2,  504,        846,        212,       10.1,        101,       5.05   ,  -0.938197
          2,  505,         80,        172,       10.1,        101,       5.05   ,   0.461824
          2,  506,        607,          1,       10.1,        101,       5.05   ,  -0.172549
          2,  507,        275,        235,       10.1,        101,       5.05   ,   -1.34042
          2,  508,        929,        240,       10.1,        101,       5.05   ,   0.706795
          2,  509,        958,        688,       10.1,        101,       5.05   ,   -1.56899
          2,  510,        436,        893,       10.1,        101,       5.05   ,   0.661229
          2,  511,        596,        394,       10.1,        101,       5.05   ,   0.200434
          2,  512,        560,        508,       10.1,        101,       5.05   ,   0.899575
          2,  513,        743,        314,       10.1,        101,       5.05   ,  -0.862547
          2,  514,        149,        262,       10.1,        101,       5.05   ,  -0.614101
          2,  515,        586,         72,       10.1,        101,       5.05   ,   -1.16292
          2,  516,        720,        767,       10.1,        101,       5.05   ,   -1.52535
          2,  517,        277,         51,       10.1,        101,       5.05   ,   0.550935
          2,  518,         54,        311,       10.1,        101,       5.05   ,   0.649156
          2,  519,        316,        413,       10.1,        101,       5.05   ,    1.15305
          2,  520,        964,        157,       10.1,        101,       5.05   ,   0.735573
          2,  521,        631,        738,       10.1,        101,       5.05   ,   0.665745
          2,  522,        196,        192,       10.1,        101,       5.05   ,   -1.02063
          2,  523,        311,         82,       10.1,        101,       5.05   ,   -1.15552
          2,  524,        629,        915,       10.1,        101,       5.05   ,   -1.50665
          2,  525,        313,        441,       10.1,        101,       5.05   ,  -0.738541
          2,  526,        221,        134,       10.1,        101,       5.05   ,   -1.02519
          2,  527,        772,        310,       10.1,        101,       5.05   ,    1.24507
          2,  528,        144,        839,       10.1,        101,       5.05   ,    1.46705
          2,  529,        365,        750,       10.1,        101,       5.05   ,   0.335003
          2,  530,        686,          9,       10.1,        101,       5.05   ,    1.56034
          2,  531,        445,        303,       10.1,        101,       5.05   ,   0.775107
          2,  532,        608,        278,       10.1,        101,       5.05   ,    1.16609
          2,  533,        268,        393,       10.1,        101,       5.05   ,   0.792703
          2,  534,        511,        578,       10.1,        101,       5.05   ,   -1.50919
          2,  535,        145,        319,       10.1,        101,       5.05   ,  -0.675807
          2,  536,        940,        216,       10.1,        101,       5.05   ,   0.547184
          2,  537,        409,        945,       10.1,        101,       5.05   ,   -1.43327
          2,  538,        241,        346,       10.1,        101,       5.05   ,   -1.03732
          2,  539,        921,        311,       10.1,        101,       5.05   ,   -1.05733
          2,  540,        145,        427,       10.1,        101,       5.05   ,   0.196336
          2,  541,        318,         87,       10.1,        101,       5.05   ,   -1.33411
          2,  542,        499,        571,       10.1,        101,       5.05   ,   0.227852
          2,  543,        510,        256,       10.1,        101,       5.05   ,   0.744561
          2,  544,        727,        473,       10.1,        101,       5.05   ,   -1.49073
          2,  545,        410,        564,       10.1,        101,       5.05   ,   -1.08866
          2,  546,        868,        161,       10.1,        101,       5.05   ,   -0.43779
          2,  547,        238,        324,       10.1,        101,       5.05   ,   0.542863
          2,  548,        718,        963,       10.1,        101,       5.05   ,  -0.635346
          2,  549,        315,        895,       10.1,        101,       5.05   ,  -0.555398
          2,  550,        199,        242,       10.1,        101,       5.05   ,    0.98932
          2,  551,        506,        334,       10.1,        101,       5.05   ,  -0.918172
          2,  552,        739,        633,       10.1,        101,       5.05   ,  -0.854717
          2,  553,        530,        672,       10.1,        101,       5.05   ,   0.999896
          2,  554,        524,        395,       10.1,        101,       5.05   ,  -0.995736
          2,  555,        376,        810,       10.1,        101,       5.05   ,  0.0326261
          2,  556,        146,        206,       10.1,        101,       5.05   ,   0.678577
          2,  557,        686,        923,       10.1,        101,       5.05   ,   -1.02186
          2,  558,        895,        980,       10.1,        101,       5.05   ,  -0.755619
          2,  559,         66,         36,       10.1,        101,       5.05   ,   -1.40649
          2,  560,        958,        699,       10.1,        101,       5.05   ,  -0.913226
          2,  561,        705,         83,       10.1,        101,       5.05   ,   -1.14044
          2,  562,        744,        644,       10.1,        101,       5.05   ,  -0.582126
          2,  563,        480,        861,       10.1,        101,       5.05   ,   -1.43842
          2,  564,        794,        289,       10.1,        101,       5.05   ,  -0.582155
          2,  565,        338,        727,       10.1,        101,       5.05   ,  -0.435676
          2,  566,        733,        108,       10.1,        101,       5.05   ,    1.07706
          2,  567,        148,        361,       10.1,        101,       5.05   ,    -1.2301
          2,  568,        996,        628,       10.1,        101,       5.05   ,   -1.08097
          2,  569,        979,        660,       10.1,        101,       5.05   , -0.0623439
          2,  570,         58,        661,       10.1,        101,       5.05   ,   0.947874
          2,  571,        515,        425,       10.1,        101,       5.05   ,   0.837046
          2,  572,         31,        483,       10.1,        101,       5.05   ,   -1.41213
          2,  573,         30,        295,       10.1,        101,       5.05   ,  -0.805586
          2,  574,        404,        707,       10.1,        101,       5.05   ,  -0.999968
          2,  575,        972,        922,       10.1,        101,       5.05   , -0.0482971
          2,  576,        372,         21,       10.1,        101,       5.05   ,    1.28117
          2,  577,         39,        464,       10.1,        101,       5.05   ,   0.525134
          2,  578,        301,        275,       10.1,        101,       5.05   ,   0.700845
          2,  579,        647,        231,       10.1,        101,       5.05   ,     1.4059
          2,  580,        493,        784,       10.1,        101,       5.05   ,   -1.00942
          2,  581,        288,        994,       10.1,        101,       5.05   ,   0.840111
          2,  582,        352,        573,       10.1,        101,       5.05   ,    0.52201
          2,  583,        233,        547,       10.1,        101,       5.05   ,    -1.4105
          2,  584,        253,        432,       10.1,        101,       5.05   ,   0.539104
          2,  585,        616,        702,       10.1,        101,       5.05   ,    1.12088
          2,  586,        688,        257,       10.1,        101,       5.05   ,    1.52965
          2,  587,        203,        965,       10.1,        101,       5.05   ,  -0.498435
          2,  588,        619,        515,       10.1,        101,       5.05   ,   -1.02928
          2,  589,        532,        857,       10.1,        101,       5.05   ,   -1.03416
          2,  590,         85,        305,       10.1,        101,       5.05   ,  -0.121646
          2,  591,         55,        711,       10.1,        101,       5.05   ,  -0.262557
          2,  592,        362,        178,       10.1,        101,       5.05   ,   -0.96913
          2,  593,        349,        408,       10.1,        101,       5.05   ,  -0.146238
          2,  594,        152,        694,       10.1,        101,       5.05   ,  -0.450104
          2,  595,         51,        896,       10.1,        101,       5.05   ,  -0.167537
          2,  596,         66,          7,       10.1,        101,       5.05   ,  -0.337254
          2,  597,        305,        153,       10.1,        101,       5.05   ,    1.50976
          2,  598,        995,        943,       10.1,        101,       5.05   ,    1.03753
          2,  599,        821,        762,       10.1,        101,       5.05   ,  -0.298705
          2,  600,        618,        369,       10.1,        101,       5.05   ,  -0.326074
          2,  601,        993,        107,       10.1,        101,       5.05   ,  -0.541981
          2,  602,        548,        160,       10.1,        101,       5.05   ,  -0.490338
          2,  603,        645,        953,       10.1,        101,       5.05   ,   -1.31918
          2,  604,        567,        253,       10.1,        101,       5.05   ,  0.0179099
          2,  605,        930,        500,       10.1,        101,       5.05   ,   -1.29301
          2,  606,        697,        283,       10.1,        101,       5.05   ,   -1.14393
          2,  607,        819,        916,       10.1,        101,       5.05   ,   0.151152
          2,  608,        401,        468,       10.1,        101,       5.05   ,   -1.11883
          2,  609,        598,         10,       10.1,        101,       5.05   ,  -0.473018
          2,  610,         93,        854,       10.1,        101,       5.05   ,    0.57435
          2,  611,        238,         97,       10.1,        101,       5.05   ,   0.729398
          2,  612,        801,        502,       10.1,        101,       5.05   ,    1.32744
          2,  613,        569,        293,       10.1,        101,       5.05   ,  -0.929341
          2,  614,         88,        454,       10.1,        101,       5.05   ,   0.852351
          2,  615,        872,        413,       10.1,        101,       5.05   ,   -1.26454
          2,  616,        253,        118,       10.1,        101,       5.05   ,    1.55049
          2,  617,        909,         16,       10.1,        101,       5.05   , -0.0881053
          2,  618,         81,        869,       10.1,        101,       5.05   ,   0.847008
          2,  619,        156,        219,       10.1,        101,       5.05   ,   0.504984
          2,  620,        539,        729,       10.1,        101,       5.05   ,   0.568318
          2,  621,        918,        123,       10.1,        101,       5.05   ,   0.647466
          2,  622,        415,        580,       10.1,        101,       5.05   ,    1.27621
          2,  623,         91,        224,       10.1,        101,       5.05   ,   0.141893
          2,  624,        859,         56,       10.1,        101,       5.05   ,  -0.715164
          2,  625,        669,        199,       10.1,        101,       5.05   ,  0.0521897
          2,  626,        828,        259,       10.1,        101,       5.05   ,  -0.972225
          2,  627,        151,        590,       10.1,        101,       5.05   ,    1.22683
          2,  628,        793,         50,       10.1,        101,       5.05   ,   -1.16304
          2,  629,        176,        450,       10.1,        101,       5.05   ,   0.666782
          2,  630,        654,        574,       10.1,        101,       5.05   ,   0.632706
          2,  631,        706,        189,       10.1,        101,       5.05   ,  -0.133447
          2,  632,        424,        475,       10.1,        101,       5.05   ,   -1.14867
          2,  633,         46,          7,       10.1,        101,       5.05   ,  -0.365655
          2,  634,        924,        875,       10.1,        101,       5.05   ,   0.241418
          2,  635,        784,        335,       10.1,        101,       5.05   ,   -1.44846
          2,  636,        457,         72,       10.1,        101,       5.05   ,  -0.282203
          2,  637,        131,        153,       10.1,        101,       5.05   ,   0.765935
          2,  638,        562,        773,       10.1,        101,       5.05   ,    0.50142
          2,  639,         56,        353,       10.1,        101,       5.05   ,   0.682595
          2,  640,        784,        766,       10.1,        101,       5.05   ,   0.202698
          2,  641,        408,        802,       10.1,        101,       5.05   ,  -0.417735
          2,  642,        702,        211,       10.1,        101,       5.05   ,  -0.267484
          2,  643,          3,        646,       10.1,        101,       5.05   ,   -1.56749
          2,  644,        881,        891,       10.1,        101,       5.05   ,   0.671691
          2,  645,        207,        593,       10.1,        101,       5.05   ,   0.675647
          2,  646,        122,        768,       10.1,        101,       5.05   ,    -1.4001
          2,  647,        977,        717,       10.1,        101,       5.05   ,    1.48938
          2,  648,        504,        485,       10.1,        101,       5.05   ,   0.972575
          2,  649,        377,         41,       10.1,        101,       5.05   ,    1.51511
          2,  650,        292,        480,       10.1,        101,       5.05   ,    1.49454
          2,  651,         88,         58,       10.1,        101,       5.05   ,  -0.060143
          2,  652,        904,        950,       10.1,        101,       5.05   ,    0.52145
          2,  653,        713,        483,       10.1,        101,       5.05   ,    1.33148
          2,  654,        351,        773,       10.1,        101,       5.05   ,    1.52362
          2,  655,        216,        793,       10.1,        101,       5.05   ,   -1.55298
          2,  656,        624,        989,       10.1,        101,       5.05   ,   0.990623
          2,  657,        762,        849,       10.1,        101,       5.05   ,  -0.499305
          2,  658,        949,        811,       10.1,        101,       5.05   ,   -1.25264
          2,  659,        330,        325,       10.1,        101,       5.05   ,  -0.843982
          2,  660,        424,        103,       10.1,        101,       5.05   ,   0.523507
          2,  661,        788,        713,       10.1,        101,       5.05   ,  0.0910299
          2,  662,        989,        708,       10.1,        101,       5.05   ,   -1.53307
          2,  663,        574,        260,       10.1,        101,       5.05   ,   0.605356
          2,  664,        245,        592,       10.1,        101,       5.05   ,   -1.23927
          2,  665,        454,        759,       10.1,        101,       5.05   ,    1.40283
          2,  666,        583,        171,       10.1,        101,       5.05   ,     1.3698
          2,  667,        343,        410,       10.1,        101,       5.05   ,    1.36673
          2,  668,        587,        570,       10.1,        101,       5.05   ,  -0.892349
          2,  669,        974,        789,       10.1,        101,       5.05   ,   -1.50926
          2,  670,        939,        791,       10.1,        101,       5.05   ,  -0.209071
          2,  671,        734,        471,       10.1,        101,       5.05   ,   0.501352
          2,  672,        273,        346,       10.1,        101,       5.05   ,  -0.188397
          2,  673,        205,        471,       10.1,        101,       5.05   ,     0.6483
          2,  674,        636,         66,       10.1,        101,       5.05   ,   -1.12442
          2,  675,         31,        134,       10.1,        101,       5.05   ,   0.374297
          2,  676,        998,         28,       10.1,        101,       5.05   ,    1.43924
          2,  677,        492,        297,       10.1,        101,       5.05   , -0.0411944
          2,  678,        691,        406,       10.1,        101,       5.05   ,  -0.902631
          2,  679,        654,        970,       10.1,        101,       5.05   ,   -1.20281
          2,  680,        667,        301,       10.1,        101,       5.05   ,  -0.835895
          2,  681,        758,        755,       10.1,        101,       5.05   ,  -0.581134
          2,  682,        655,        984,       10.1,        101,       5.05   ,   -1.29565
------------------------------------------------------------------------------
Component[2] Total Sloped Parallelepiped = 682