Component 1 maximum area=0.326731 [on 1000x1000]
Component type: Ellipse
---------------------------------------------------------------------------------------
--------------|------- Center-----|----- dimensions---------|----------------------
component| id|    X       |     Y      |  Width/a     | height/b |   hoop   |   Slope   
---------------------------------------------------------------------------------------
          1,    1,        907,         23,       50.5,       50.5,      2.525   ,   -1.48929
          1,    2,        110,        105,       50.5,       50.5,      2.525   ,   0.313036
          1,    3,        478,        764,       50.5,       50.5,      2.525   ,   0.799448
          1,    4,        295,        240,       50.5,       50.5,      2.525   ,   -1.23885
          1,    5,        264,         50,       50.5,       50.5,      2.525   ,   -1.50513
          1,    6,        286,        716,       50.5,       50.5,      2.525   ,   0.101623
          1,    7,        896,        492,       50.5,       50.5,      2.525   ,   0.571928
          1,    8,        479,        239,       50.5,       50.5,      2.525   ,  -0.948966
          1,    9,         61,         88,       50.5,       50.5,      2.525   ,   -0.20958
          1,   10,        226,         17,       50.5,       50.5,      2.525   ,  -0.694767
          1,   11,        825,        190,       50.5,       50.5,      2.525   ,    1.05751
          1,   12,        365,        905,       50.5,       50.5,      2.525   ,   0.501204
          1,   13,        329,        225,       50.5,       50.5,      2.525   ,   -1.39805
          1,   14,        494,        493,       50.5,       50.5,      2.525   ,  0.0150205
          1,   15,        929,        613,       50.5,       50.5,      2.525   ,   0.754936
          1,   16,        170,        629,       50.5,       50.5,      2.525   ,  -0.889151
          1,   17,        179,        535,       50.5,       50.5,      2.525   ,  -0.121281
          1,   18,        734,        322,       50.5,       50.5,      2.525   ,    1.08686
          1,   19,         80,        842,       50.5,       50.5,      2.525   ,   -1.52028
          1,   20,        170,        235,       50.5,       50.5,      2.525   ,  -0.729061
          1,   21,        240,        295,       50.5,       50.5,      2.525   ,    1.16953
          1,   22,        299,         39,       50.5,       50.5,      2.525   ,    1.19795
          1,   23,        128,        342,       50.5,       50.5,      2.525   ,   -1.33857
          1,   24,        555,        716,       50.5,       50.5,      2.525   ,    1.10757
          1,   25,        830,        397,       50.5,       50.5,      2.525   ,   0.612138
          1,   26,        861,        433,       50.5,       50.5,      2.525   ,   0.920878
          1,   27,        137,         97,       50.5,       50.5,      2.525   ,   0.148976
          1,   28,        930,         26,       50.5,       50.5,      2.525   ,  -0.308169
          1,   29,        464,        726,       50.5,       50.5,      2.525   ,  0.0168544
          1,   30,        600,        746,       50.5,       50.5,      2.525   ,    1.08573
          1,   31,         23,         40,       50.5,       50.5,      2.525   ,   0.745541
          1,   32,        124,        682,       50.5,       50.5,      2.525   ,    0.28021
          1,   33,         87,        448,       50.5,       50.5,      2.525   ,   0.264677
          1,   34,        226,        719,       50.5,       50.5,      2.525   ,    1.48881
          1,   35,        926,        554,       50.5,       50.5,      2.525   ,-0.00181733
          1,   36,        678,        297,       50.5,       50.5,      2.525   ,  -0.670198
          1,   37,        532,        148,       50.5,       50.5,      2.525   ,   -1.53205
          1,   38,        676,        627,       50.5,       50.5,      2.525   ,    1.39131
          1,   39,        235,        108,       50.5,       50.5,      2.525   ,   -1.45419
          1,   40,        654,        580,       50.5,       50.5,      2.525   ,   0.134609
          1,   41,        611,        174,       50.5,       50.5,      2.525   ,   -1.33644
          1,   42,        601,        624,       50.5,       50.5,      2.525   ,    1.23227
          1,   43,        244,        792,       50.5,       50.5,      2.525   ,     1.0954
          1,   44,        830,        107,       50.5,       50.5,      2.525   ,  -0.710042
          1,   45,         50,         54,       50.5,       50.5,      2.525   ,   0.509836
          1,   46,        293,        986,       50.5,       50.5,      2.525   ,    -0.5237
          1,   47,        483,        925,       50.5,       50.5,      2.525   ,  -0.259519
          1,   48,        404,        223,       50.5,       50.5,      2.525   ,   -1.08746
          1,   49,        187,        481,       50.5,       50.5,      2.525   ,   0.729653
          1,   50,        409,        628,       50.5,       50.5,      2.525   ,   0.136047
          1,   51,        205,        127,       50.5,       50.5,      2.525   ,   0.222613
          1,   52,         81,        486,       50.5,       50.5,      2.525   ,   0.540443
          1,   53,         34,        225,       50.5,       50.5,      2.525   ,   0.472566
------------------------------------------------------------------------------
Component[1] Total Ellipsoids = 53