Component 2 maximum area=0.323322 [on 1000x1000]
Component type: Sloped rectangle
---------------------------------------------------------------------------------------
--------------|------- Center-----|----- dimensions---------|----------------------
component| id|   X        |     Y    |  Width/a     | height/b |   hoop   |   Slope    
---------------------------------------------------------------------------------------
          2,    1,         31,        119,       10.1,        101,       5.05   ,   -1.09625
          2,    2,        187,         48,       10.1,        101,       5.05   ,    1.48397
          2,    3,        420,          2,       10.1,        101,       5.05   ,   0.219673
          2,    4,        691,        182,       10.1,        101,       5.05   ,  -0.910806
          2,    5,        701,        853,       10.1,        101,       5.05   ,    1.48388
          2,    6,         75,        446,       10.1,        101,       5.05   ,  -0.430552
          2,    7,        285,          0,       10.1,        101,       5.05   ,   0.569777
          2,    8,        812,         51,       10.1,        101,       5.05   ,   0.890876
          2,    9,        949,        744,       10.1,        101,       5.05   ,   0.781051
          2,   10,        756,        540,       10.1,        101,       5.05   ,    -1.4563
          2,   11,        693,        573,       10.1,        101,       5.05   ,   0.588547
          2,   12,        781,        281,       10.1,        101,       5.05   ,   0.945496
          2,   13,        436,        588,       10.1,        101,       5.05   ,   0.946682
          2,   14,        136,        228,       10.1,        101,       5.05   ,   0.598462
          2,   15,        173,        964,       10.1,        101,       5.05   ,   0.847701
          2,   16,        787,        576,       10.1,        101,       5.05   ,   -1.13683
          2,   17,        965,        357,       10.1,        101,       5.05   ,   0.320047
          2,   18,        343,        308,       10.1,        101,       5.05   ,    1.50283
          2,   19,        572,        614,       10.1,        101,       5.05   ,   -1.26734
          2,   20,        848,        281,       10.1,        101,       5.05   ,    1.03446
          2,   21,        830,        735,       10.1,        101,       5.05   ,  -0.239943
          2,   22,        831,        562,       10.1,        101,       5.05   ,   0.906141
          2,   23,        315,        818,       10.1,        101,       5.05   ,   -1.01411
          2,   24,        788,        885,       10.1,        101,       5.05   ,    1.05164
          2,   25,         75,        346,       10.1,        101,       5.05   ,    1.20925
          2,   26,        705,        345,       10.1,        101,       5.05   ,    1.19144
          2,   27,        357,        103,       10.1,        101,       5.05   ,  -0.185195
          2,   28,        903,        809,       10.1,        101,       5.05   ,   -0.89313
          2,   29,        183,        885,       10.1,        101,       5.05   ,   -1.09705
          2,   30,        854,         39,       10.1,        101,       5.05   ,   -1.21848
          2,   31,        114,        911,       10.1,        101,       5.05   ,  -0.844635
          2,   32,        712,        939,       10.1,        101,       5.05   ,    1.01293
          2,   33,        564,        418,       10.1,        101,       5.05   ,    1.26642
          2,   34,        967,        241,       10.1,        101,       5.05   ,   -1.06655
          2,   35,        836,        149,       10.1,        101,       5.05   ,   -0.26405
          2,   36,        349,        477,       10.1,        101,       5.05   ,   0.433955
          2,   37,        548,        318,       10.1,        101,       5.05   ,  -0.872883
          2,   38,        185,        550,       10.1,        101,       5.05   ,  -0.468787
          2,   39,        261,        161,       10.1,        101,       5.05   ,   -1.11161
          2,   40,        836,        890,       10.1,        101,       5.05   ,   -1.53241
          2,   41,        895,        639,       10.1,        101,       5.05   ,   0.137683
          2,   42,        875,        203,       10.1,        101,       5.05   ,    1.35985
          2,   43,        469,        668,       10.1,        101,       5.05   ,    1.35294
          2,   44,        200,        757,       10.1,        101,       5.05   ,   0.142086
          2,   45,        901,        752,       10.1,        101,       5.05   ,  -0.492879
          2,   46,        525,        419,       10.1,        101,       5.05   ,  -0.329919
          2,   47,        795,        682,       10.1,        101,       5.05   ,  -0.267134
          2,   48,        317,        926,       10.1,        101,       5.05   ,  -0.915442
          2,   49,        725,         91,       10.1,        101,       5.05   ,   0.834745
          2,   50,        365,         51,       10.1,        101,       5.05   ,   -1.14177
          2,   51,        730,        177,       10.1,        101,       5.05   ,  -0.556965
          2,   52,        304,        185,       10.1,        101,       5.05   ,   -1.03787
          2,   53,        169,        137,       10.1,        101,       5.05   ,  -0.644856
          2,   54,         62,        849,       10.1,        101,       5.05   ,   -1.02655
          2,   55,        535,        996,       10.1,        101,       5.05   ,   -1.45593
          2,   56,        847,        524,       10.1,        101,       5.05   ,  -0.915736
          2,   57,        670,        159,       10.1,        101,       5.05   ,   0.406615
          2,   58,        310,        401,       10.1,        101,       5.05   ,  -0.980862
          2,   59,        761,         40,       10.1,        101,       5.05   ,   -1.25249
          2,   60,        573,        246,       10.1,        101,       5.05   ,    1.36819
          2,   61,        942,         98,       10.1,        101,       5.05   ,   0.245528
          2,   62,        123,         37,       10.1,        101,       5.05   ,   0.296939
          2,   63,        627,         29,       10.1,        101,       5.05   ,  -0.397955
          2,   64,        507,        315,       10.1,        101,       5.05   ,    1.48957
          2,   65,        976,        818,       10.1,        101,       5.05   ,  -0.471553
          2,   66,        934,        516,       10.1,        101,       5.05   ,   0.675528
          2,   67,        704,        692,       10.1,        101,       5.05   ,    1.22157
          2,   68,        515,        142,       10.1,        101,       5.05   ,   0.478257
          2,   69,        459,        344,       10.1,        101,       5.05   ,     1.1069
          2,   70,        554,        894,       10.1,        101,       5.05   ,    0.49758
          2,   71,        639,        345,       10.1,        101,       5.05   ,  0.0564784
          2,   72,        975,        625,       10.1,        101,       5.05   ,   -1.24575
          2,   73,        185,         53,       10.1,        101,       5.05   ,   0.788765
          2,   74,         67,        170,       10.1,        101,       5.05   ,  -0.950692
          2,   75,        169,        418,       10.1,        101,       5.05   ,   0.482212
          2,   76,        129,        741,       10.1,        101,       5.05   ,   -1.25785
          2,   77,        246,        101,       10.1,        101,       5.05   ,    1.43232
          2,   78,         54,        134,       10.1,        101,       5.05   ,   -1.48488
          2,   79,        542,        638,       10.1,        101,       5.05   ,    1.44136
          2,   80,        692,        815,       10.1,        101,       5.05   ,   0.302839
          2,   81,        958,        980,       10.1,        101,       5.05   ,    1.45808
          2,   82,        462,        462,       10.1,        101,       5.05   ,  -0.653164
          2,   83,        465,        519,       10.1,        101,       5.05   ,   0.511594
          2,   84,        274,         60,       10.1,        101,       5.05   ,   0.894202
          2,   85,        484,        889,       10.1,        101,       5.05   ,   0.562215
          2,   86,        448,        748,       10.1,        101,       5.05   ,   -1.38949
          2,   87,        650,        520,       10.1,        101,       5.05   , -0.0633067
          2,   88,        721,        220,       10.1,        101,       5.05   ,     1.1722
          2,   89,        721,        166,       10.1,        101,       5.05   ,   0.711745
          2,   90,        405,        282,       10.1,        101,       5.05   ,   0.272236
          2,   91,        933,        718,       10.1,        101,       5.05   ,    1.09607
          2,   92,          1,        193,       10.1,        101,       5.05   ,   0.288926
          2,   93,        992,        825,       10.1,        101,       5.05   ,    1.03818
          2,   94,        436,        720,       10.1,        101,       5.05   ,   0.108147
          2,   95,        567,        454,       10.1,        101,       5.05   ,    1.32442
          2,   96,        243,        188,       10.1,        101,       5.05   ,    1.05861
          2,   97,        571,         34,       10.1,        101,       5.05   ,   0.125834
          2,   98,        762,        814,       10.1,        101,       5.05   ,   -1.51665
          2,   99,        676,        950,       10.1,        101,       5.05   ,  -0.310454
          2,  100,        115,        584,       10.1,        101,       5.05   ,   -1.51761
          2,  101,        402,         17,       10.1,        101,       5.05   ,   0.822611
          2,  102,        950,        564,       10.1,        101,       5.05   ,    1.06322
          2,  103,        115,        374,       10.1,        101,       5.05   ,   0.532455
          2,  104,        596,        979,       10.1,        101,       5.05   ,   -1.00852
          2,  105,        146,         24,       10.1,        101,       5.05   ,    1.48884
          2,  106,         73,        901,       10.1,        101,       5.05   ,  -0.381913
          2,  107,        299,        921,       10.1,        101,       5.05   ,   0.795428
          2,  108,        121,        716,       10.1,        101,       5.05   ,    1.01797
          2,  109,         65,        227,       10.1,        101,       5.05   ,    -1.0267
          2,  110,        686,        121,       10.1,        101,       5.05   ,   0.675503
          2,  111,         96,        889,       10.1,        101,       5.05   ,  -0.712112
          2,  112,        642,        194,       10.1,        101,       5.05   ,    1.56266
          2,  113,        410,        846,       10.1,        101,       5.05   ,    1.18948
          2,  114,         41,        756,       10.1,        101,       5.05   ,  -0.910918
          2,  115,        706,        220,       10.1,        101,       5.05   ,  -0.661927
          2,  116,        646,        381,       10.1,        101,       5.05   ,   0.510999
          2,  117,        983,        582,       10.1,        101,       5.05   ,   -1.25311
          2,  118,        383,          5,       10.1,        101,       5.05   ,  -0.311259
          2,  119,        390,         75,       10.1,        101,       5.05   ,  -0.441449
          2,  120,         85,        984,       10.1,        101,       5.05   ,   0.389245
          2,  121,         39,        599,       10.1,        101,       5.05   ,   0.318719
          2,  122,        764,        149,       10.1,        101,       5.05   ,    1.47204
          2,  123,        204,        124,       10.1,        101,       5.05   ,    1.02074
          2,  124,        698,        109,       10.1,        101,       5.05   ,   -1.28793
          2,  125,        161,         58,       10.1,        101,       5.05   ,  -0.770827
          2,  126,        479,        107,       10.1,        101,       5.05   ,   0.685768
          2,  127,        990,        680,       10.1,        101,       5.05   ,  -0.748996
          2,  128,        142,        568,       10.1,        101,       5.05   ,   -1.12556
          2,  129,        497,        956,       10.1,        101,       5.05   ,    0.30242
          2,  130,        988,        853,       10.1,        101,       5.05   ,    1.39127
          2,  131,         84,         36,       10.1,        101,       5.05   ,  -0.588977
          2,  132,          3,        231,       10.1,        101,       5.05   ,  -0.406596
          2,  133,         15,        265,       10.1,        101,       5.05   ,   0.146616
          2,  134,         80,        981,       10.1,        101,       5.05   ,   0.657326
          2,  135,        585,        372,       10.1,        101,       5.05   ,   -1.40287
          2,  136,        745,        592,       10.1,        101,       5.05   ,  -0.479019
          2,  137,        405,        583,       10.1,        101,       5.05   ,   0.240033
          2,  138,        371,        384,       10.1,        101,       5.05   ,   0.143727
          2,  139,        108,        875,       10.1,        101,       5.05   ,   -0.15896
          2,  140,        567,        393,       10.1,        101,       5.05   ,   -1.43589
          2,  141,        976,        701,       10.1,        101,       5.05   ,   0.107611
          2,  142,        886,        996,       10.1,        101,       5.05   ,  -0.174752
          2,  143,        187,        815,       10.1,        101,       5.05   ,  -0.425561
          2,  144,        212,        141,       10.1,        101,       5.05   ,   -1.33956
          2,  145,        691,        913,       10.1,        101,       5.05   ,    1.29057
          2,  146,         23,        921,       10.1,        101,       5.05   ,   0.115813
          2,  147,        758,         16,       10.1,        101,       5.05   ,   0.817669
          2,  148,        242,        923,       10.1,        101,       5.05   ,    1.09742
          2,  149,        237,        616,       10.1,        101,       5.05   ,   0.329174
          2,  150,        360,        698,       10.1,        101,       5.05   ,   -1.17427
          2,  151,        553,        773,       10.1,        101,       5.05   ,    1.37674
          2,  152,        848,        274,       10.1,        101,       5.05   ,  -0.462661
          2,  153,        181,        154,       10.1,        101,       5.05   ,  -0.341291
          2,  154,        828,        176,       10.1,        101,       5.05   ,  -0.618542
          2,  155,        124,        789,       10.1,        101,       5.05   ,  0.0480748
          2,  156,        684,        830,       10.1,        101,       5.05   ,  0.0588692
          2,  157,        316,        575,       10.1,        101,       5.05   ,  0.0901558
          2,  158,        440,        634,       10.1,        101,       5.05   ,    0.98025
          2,  159,         42,        414,       10.1,        101,       5.05   ,   0.981621
          2,  160,        741,        545,       10.1,        101,       5.05   ,  -0.942896
          2,  161,        121,        652,       10.1,        101,       5.05   ,  0.0964609
          2,  162,         46,        541,       10.1,        101,       5.05   ,  -0.612865
          2,  163,        932,         53,       10.1,        101,       5.05   ,  -0.786533
          2,  164,        464,        897,       10.1,        101,       5.05   ,   0.455677
          2,  165,        743,        694,       10.1,        101,       5.05   ,   0.719674
          2,  166,        288,        603,       10.1,        101,       5.05   ,   -0.51971
          2,  167,        630,        498,       10.1,        101,       5.05   ,   -1.15532
          2,  168,        525,        960,       10.1,        101,       5.05   ,   -1.35156
          2,  169,         27,        707,       10.1,        101,       5.05   ,  -0.346152
          2,  170,        324,        115,       10.1,        101,       5.05   ,   -1.52211
          2,  171,        476,        339,       10.1,        101,       5.05   ,  -0.494513
          2,  172,        189,        423,       10.1,        101,       5.05   ,   -1.22753
          2,  173,        774,        281,       10.1,        101,       5.05   ,   -1.04108
          2,  174,        609,        502,       10.1,        101,       5.05   ,   -1.25063
          2,  175,        633,        864,       10.1,        101,       5.05   ,  -0.944168
          2,  176,        129,         85,       10.1,        101,       5.05   ,  -0.482493
          2,  177,        227,        548,       10.1,        101,       5.05   ,   0.518618
          2,  178,        245,        812,       10.1,        101,       5.05   ,  -0.888487
          2,  179,        161,        511,       10.1,        101,       5.05   ,    -1.0742
          2,  180,        958,        399,       10.1,        101,       5.05   ,   -0.91991
          2,  181,        122,        478,       10.1,        101,       5.05   ,    1.05612
          2,  182,        246,        626,       10.1,        101,       5.05   ,    1.50751
          2,  183,        783,        791,       10.1,        101,       5.05   ,   -1.10505
          2,  184,        150,        288,       10.1,        101,       5.05   ,   0.415714
          2,  185,         88,        459,       10.1,        101,       5.05   ,   -1.29485
          2,  186,        750,        229,       10.1,        101,       5.05   ,   0.180506
          2,  187,         94,        764,       10.1,        101,       5.05   ,  -0.496491
          2,  188,        482,        344,       10.1,        101,       5.05   ,  -0.657736
          2,  189,        107,        726,       10.1,        101,       5.05   , -0.0337677
          2,  190,        880,        911,       10.1,        101,       5.05   ,   0.986198
          2,  191,        199,        724,       10.1,        101,       5.05   ,    1.20205
          2,  192,        911,        107,       10.1,        101,       5.05   ,   -0.79679
          2,  193,         20,        682,       10.1,        101,       5.05   ,   -1.43142
          2,  194,        232,        150,       10.1,        101,       5.05   ,    0.44182
          2,  195,        506,        225,       10.1,        101,       5.05   ,   0.049853
          2,  196,        207,        751,       10.1,        101,       5.05   ,   -0.90732
          2,  197,        332,        160,       10.1,        101,       5.05   ,   -1.26198
          2,  198,        113,        620,       10.1,        101,       5.05   ,   0.759089
          2,  199,        831,        222,       10.1,        101,       5.05   ,    0.83247
          2,  200,        111,         42,       10.1,        101,       5.05   ,   0.479186
          2,  201,        920,        856,       10.1,        101,       5.05   ,  -0.339613
          2,  202,        809,        730,       10.1,        101,       5.05   ,    1.27627
          2,  203,        957,        222,       10.1,        101,       5.05   ,   0.757522
          2,  204,        621,        167,       10.1,        101,       5.05   ,   0.380698
          2,  205,        872,          6,       10.1,        101,       5.05   ,  -0.905437
          2,  206,        749,        994,       10.1,        101,       5.05   ,  -0.615261
          2,  207,         69,        750,       10.1,        101,       5.05   , -0.0598487
          2,  208,        570,        485,       10.1,        101,       5.05   ,  0.0233964
          2,  209,        972,        725,       10.1,        101,       5.05   ,  -0.654709
          2,  210,        648,        788,       10.1,        101,       5.05   ,    1.30433
          2,  211,        834,        960,       10.1,        101,       5.05   ,  -0.155889
          2,  212,        847,        690,       10.1,        101,       5.05   ,  -0.764858
          2,  213,        350,         99,       10.1,        101,       5.05   ,   -1.33155
          2,  214,        696,        576,       10.1,        101,       5.05   ,  -0.257607
          2,  215,        464,        826,       10.1,        101,       5.05   ,   -1.56936
          2,  216,        455,        848,       10.1,        101,       5.05   ,  -0.602747
          2,  217,        918,        488,       10.1,        101,       5.05   ,   0.886807
          2,  218,        292,        988,       10.1,        101,       5.05   ,    1.44502
          2,  219,         59,        789,       10.1,        101,       5.05   ,   0.452864
          2,  220,         59,        821,       10.1,        101,       5.05   ,  -0.204582
          2,  221,        741,        746,       10.1,        101,       5.05   ,  -0.882762
          2,  222,        326,        673,       10.1,        101,       5.05   ,    1.17204
          2,  223,        342,        704,       10.1,        101,       5.05   , -0.0680042
          2,  224,        863,        930,       10.1,        101,       5.05   ,  -0.169908
          2,  225,        800,         41,       10.1,        101,       5.05   ,   -1.15508
          2,  226,        600,        377,       10.1,        101,       5.05   ,    1.00053
          2,  227,        500,        963,       10.1,        101,       5.05   ,   0.393477
          2,  228,         13,        324,       10.1,        101,       5.05   ,   0.165477
          2,  229,        521,        383,       10.1,        101,       5.05   ,    1.47302
          2,  230,        917,        534,       10.1,        101,       5.05   ,   -1.29159
          2,  231,        627,        487,       10.1,        101,       5.05   ,   0.621053
          2,  232,        582,        781,       10.1,        101,       5.05   ,  -0.721423
          2,  233,        917,         68,       10.1,        101,       5.05   ,   -1.43941
          2,  234,        522,        523,       10.1,        101,       5.05   ,  0.0458704
          2,  235,        370,        234,       10.1,        101,       5.05   ,     -0.651
          2,  236,        591,        200,       10.1,        101,       5.05   ,    1.42306
          2,  237,        325,        463,       10.1,        101,       5.05   ,  -0.518664
          2,  238,        354,        604,       10.1,        101,       5.05   ,  -0.329135
          2,  239,        457,        207,       10.1,        101,       5.05   ,   0.899397
          2,  240,        630,        293,       10.1,        101,       5.05   ,  -0.971076
          2,  241,        583,        542,       10.1,        101,       5.05   ,   -1.21293
          2,  242,        117,        585,       10.1,        101,       5.05   ,   0.536895
          2,  243,        133,        671,       10.1,        101,       5.05   ,   -1.52869
          2,  244,        435,        777,       10.1,        101,       5.05   ,   -1.20669
          2,  245,        491,        506,       10.1,        101,       5.05   ,  -0.394494
          2,  246,        413,        662,       10.1,        101,       5.05   ,  0.0031964
          2,  247,        749,        136,       10.1,        101,       5.05   ,    0.32624
          2,  248,        278,        525,       10.1,        101,       5.05   ,   -1.10962
          2,  249,        153,        978,       10.1,        101,       5.05   ,   0.996507
          2,  250,         81,        677,       10.1,        101,       5.05   ,   0.696063
          2,  251,        135,         62,       10.1,        101,       5.05   ,   -1.55656
          2,  252,        312,        220,       10.1,        101,       5.05   ,    1.40979
          2,  253,        390,        414,       10.1,        101,       5.05   ,    1.43553
          2,  254,        905,        819,       10.1,        101,       5.05   ,   0.747266
          2,  255,        175,        271,       10.1,        101,       5.05   ,   0.483393
          2,  256,        513,        237,       10.1,        101,       5.05   ,   0.813411
          2,  257,        524,         65,       10.1,        101,       5.05   ,   0.750259
          2,  258,        664,        606,       10.1,        101,       5.05   ,  -0.322867
          2,  259,        918,        249,       10.1,        101,       5.05   ,    1.11027
          2,  260,        245,        215,       10.1,        101,       5.05   ,   0.404275
          2,  261,        476,         17,       10.1,        101,       5.05   ,   -1.08931
          2,  262,        322,        737,       10.1,        101,       5.05   ,  -0.248441
          2,  263,        108,        476,       10.1,        101,       5.05   ,   -1.01558
          2,  264,        236,        722,       10.1,        101,       5.05   ,  -0.679652
          2,  265,        482,        816,       10.1,        101,       5.05   ,    0.22138
          2,  266,        411,        459,       10.1,        101,       5.05   ,  -0.295122
          2,  267,        299,        361,       10.1,        101,       5.05   ,   -1.33218
          2,  268,        561,        105,       10.1,        101,       5.05   ,  -0.781511
          2,  269,        842,        747,       10.1,        101,       5.05   ,   0.746009
          2,  270,        233,        217,       10.1,        101,       5.05   ,  -0.826049
          2,  271,        406,        942,       10.1,        101,       5.05   ,  -0.789829
          2,  272,        988,        219,       10.1,        101,       5.05   ,   -1.19102
          2,  273,        204,        112,       10.1,        101,       5.05   ,  -0.590213
          2,  274,        314,        717,       10.1,        101,       5.05   ,   0.230539
          2,  275,        361,        173,       10.1,        101,       5.05   ,  -0.954714
          2,  276,          3,        500,       10.1,        101,       5.05   ,  0.0910615
          2,  277,        519,        519,       10.1,        101,       5.05   , -0.0287535
          2,  278,        310,        725,       10.1,        101,       5.05   ,    1.26301
          2,  279,        339,        569,       10.1,        101,       5.05   ,   -0.67299
          2,  280,        870,        448,       10.1,        101,       5.05   ,  -0.956608
          2,  281,        135,        701,       10.1,        101,       5.05   ,    0.27484
          2,  282,        426,        857,       10.1,        101,       5.05   ,    1.09354
          2,  283,        210,        985,       10.1,        101,       5.05   ,   -1.48039
          2,  284,        375,        929,       10.1,        101,       5.05   ,    1.52723
          2,  285,        274,        215,       10.1,        101,       5.05   ,   -1.43647
          2,  286,         28,        289,       10.1,        101,       5.05   ,    1.46066
          2,  287,        784,        741,       10.1,        101,       5.05   ,   0.317258
          2,  288,        255,        682,       10.1,        101,       5.05   ,    0.72036
          2,  289,        140,        521,       10.1,        101,       5.05   ,    1.18236
          2,  290,        997,        742,       10.1,        101,       5.05   ,   0.147614
          2,  291,        497,        774,       10.1,        101,       5.05   ,   0.117268
          2,  292,        598,        419,       10.1,        101,       5.05   ,   -0.79525
          2,  293,        948,        994,       10.1,        101,       5.05   ,   -1.27763
          2,  294,        203,        665,       10.1,        101,       5.05   ,    1.17179
          2,  295,        802,        552,       10.1,        101,       5.05   ,   -1.37862
          2,  296,        431,        200,       10.1,        101,       5.05   ,    1.14312
          2,  297,        281,        868,       10.1,        101,       5.05   ,   0.517181
          2,  298,        307,        361,       10.1,        101,       5.05   ,  -0.241173
          2,  299,        910,        728,       10.1,        101,       5.05   ,   -1.03221
          2,  300,        680,        837,       10.1,        101,       5.05   ,   0.908788
          2,  301,        423,        452,       10.1,        101,       5.05   ,   0.604939
          2,  302,        119,        676,       10.1,        101,       5.05   ,  -0.124394
          2,  303,        994,        159,       10.1,        101,       5.05   ,   0.464328
          2,  304,        850,        762,       10.1,        101,       5.05   ,   -1.20173
          2,  305,        109,        759,       10.1,        101,       5.05   ,   -1.47469
          2,  306,        382,        353,       10.1,        101,       5.05   ,    1.29125
          2,  307,         53,        218,       10.1,        101,       5.05   ,  -0.830128
          2,  308,        957,        956,       10.1,        101,       5.05   ,   0.794512
          2,  309,        528,        819,       10.1,        101,       5.05   ,   -1.13558
          2,  310,        630,        344,       10.1,        101,       5.05   ,    0.73506
          2,  311,         76,         80,       10.1,        101,       5.05   ,  -0.374851
          2,  312,        998,        790,       10.1,        101,       5.05   ,   -1.43845
          2,  313,        742,        822,       10.1,        101,       5.05   ,    1.11054
          2,  314,        116,        103,       10.1,        101,       5.05   ,   -1.10474
          2,  315,        474,        427,       10.1,        101,       5.05   ,  -0.812264
          2,  316,        640,        738,       10.1,        101,       5.05   ,  -0.158395
          2,  317,        410,        650,       10.1,        101,       5.05   ,   0.492617
          2,  318,        619,         57,       10.1,        101,       5.05   ,    1.48583
          2,  319,        583,        568,       10.1,        101,       5.05   ,   -1.35414
          2,  320,        371,          8,       10.1,        101,       5.05   ,    1.19556
          2,  321,        642,        134,       10.1,        101,       5.05   ,  -0.618123
          2,  322,        982,        719,       10.1,        101,       5.05   ,     1.4466
          2,  323,        811,        141,       10.1,        101,       5.05   ,  0.0243984
          2,  324,         95,        783,       10.1,        101,       5.05   ,    1.12729
          2,  325,        104,        802,       10.1,        101,       5.05   ,   -1.41843
          2,  326,        352,        501,       10.1,        101,       5.05   ,   -1.51909
          2,  327,        429,        631,       10.1,        101,       5.05   ,   0.823469
          2,  328,        280,         94,       10.1,        101,       5.05   ,    1.29592
          2,  329,        782,        427,       10.1,        101,       5.05   ,  -0.738121
          2,  330,        769,        280,       10.1,        101,       5.05   ,   0.753024
          2,  331,        374,        719,       10.1,        101,       5.05   ,   -1.27452
          2,  332,        679,        145,       10.1,        101,       5.05   ,  -0.627242
          2,  333,        733,        967,       10.1,        101,       5.05   ,   -1.14879
          2,  334,        301,        568,       10.1,        101,       5.05   ,    1.16762
          2,  335,        693,        457,       10.1,        101,       5.05   ,   0.636996
          2,  336,        942,        200,       10.1,        101,       5.05   ,   0.961117
          2,  337,        955,        609,       10.1,        101,       5.05   ,  -0.912799
          2,  338,        346,        376,       10.1,        101,       5.05   ,  -0.789852
          2,  339,        950,        768,       10.1,        101,       5.05   ,   0.308208
          2,  340,         36,        684,       10.1,        101,       5.05   ,   0.501851
          2,  341,        916,        201,       10.1,        101,       5.05   ,   0.142479
          2,  342,        345,        829,       10.1,        101,       5.05   ,   -1.23657
          2,  343,        256,        238,       10.1,        101,       5.05   ,   0.991824
          2,  344,        899,         96,       10.1,        101,       5.05   ,   -1.46559
          2,  345,        542,        728,       10.1,        101,       5.05   ,    1.23818
          2,  346,        394,        581,       10.1,        101,       5.05   ,    1.27855
          2,  347,        668,        226,       10.1,        101,       5.05   ,  -0.239886
          2,  348,        592,         97,       10.1,        101,       5.05   ,   0.569917
          2,  349,        407,        893,       10.1,        101,       5.05   ,   0.762698
          2,  350,        509,        672,       10.1,        101,       5.05   ,   0.519791
          2,  351,        760,        260,       10.1,        101,       5.05   ,   -1.26177
          2,  352,        868,        772,       10.1,        101,       5.05   ,   -1.21583
          2,  353,        542,        810,       10.1,        101,       5.05   ,  -0.718094
          2,  354,        275,        577,       10.1,        101,       5.05   ,   -1.17813
          2,  355,        930,         54,       10.1,        101,       5.05   ,  -0.743209
          2,  356,        634,        346,       10.1,        101,       5.05   ,   -1.55603
          2,  357,        187,        936,       10.1,        101,       5.05   ,   0.267871
          2,  358,        835,        963,       10.1,        101,       5.05   ,   -1.56994
          2,  359,        841,        505,       10.1,        101,       5.05   ,   0.404449
          2,  360,        436,        306,       10.1,        101,       5.05   ,  -0.640585
          2,  361,        806,        987,       10.1,        101,       5.05   ,  -0.872501
          2,  362,        316,        696,       10.1,        101,       5.05   ,   0.864876
          2,  363,        920,        177,       10.1,        101,       5.05   ,  -0.174589
          2,  364,        200,        876,       10.1,        101,       5.05   ,  -0.873524
          2,  365,        480,        748,       10.1,        101,       5.05   ,   0.620427
          2,  366,        780,        400,       10.1,        101,       5.05   ,   -1.00722
          2,  367,        461,          9,       10.1,        101,       5.05   ,  -0.161919
          2,  368,        965,        377,       10.1,        101,       5.05   ,  -0.279801
          2,  369,          1,        512,       10.1,        101,       5.05   ,   0.118614
          2,  370,        879,        502,       10.1,        101,       5.05   ,  -0.515111
          2,  371,        598,        340,       10.1,        101,       5.05   ,    1.31686
          2,  372,        480,        622,       10.1,        101,       5.05   ,   -1.06093
          2,  373,        575,        382,       10.1,        101,       5.05   ,    1.20393
          2,  374,        662,        580,       10.1,        101,       5.05   ,   -1.51505
          2,  375,        517,        731,       10.1,        101,       5.05   ,   -1.08501
          2,  376,         64,        851,       10.1,        101,       5.05   ,   0.791988
          2,  377,        925,         67,       10.1,        101,       5.05   ,    1.27392
          2,  378,        840,        323,       10.1,        101,       5.05   ,   -1.36456
          2,  379,        813,        688,       10.1,        101,       5.05   ,  -0.779557
          2,  380,        663,        538,       10.1,        101,       5.05   ,  -0.530657
          2,  381,        880,        153,       10.1,        101,       5.05   ,  -0.488172
          2,  382,        393,        507,       10.1,        101,       5.05   ,  -0.477457
          2,  383,         30,        480,       10.1,        101,       5.05   ,    -1.1761
          2,  384,        884,        572,       10.1,        101,       5.05   ,   -1.01523
          2,  385,        592,        269,       10.1,        101,       5.05   ,   -1.55299
          2,  386,        998,        176,       10.1,        101,       5.05   ,   -1.26972
          2,  387,        112,        411,       10.1,        101,       5.05   ,  0.0172859
          2,  388,        205,        433,       10.1,        101,       5.05   ,  -0.357361
          2,  389,        347,        743,       10.1,        101,       5.05   ,  -0.878049
          2,  390,        446,        841,       10.1,        101,       5.05   ,   -0.03569
          2,  391,         90,        378,       10.1,        101,       5.05   ,   0.353923
          2,  392,        105,        165,       10.1,        101,       5.05   ,   -1.06254
          2,  393,        561,        804,       10.1,        101,       5.05   ,     1.1231
          2,  394,        368,        784,       10.1,        101,       5.05   ,  0.0936705
          2,  395,        527,        421,       10.1,        101,       5.05   ,   -1.42953
          2,  396,        690,        470,       10.1,        101,       5.05   ,   0.786266
          2,  397,        651,        307,       10.1,        101,       5.05   ,    1.42547
          2,  398,        989,        372,       10.1,        101,       5.05   ,   0.317042
          2,  399,        916,        494,       10.1,        101,       5.05   ,  -0.628701
          2,  400,        767,        500,       10.1,        101,       5.05   ,  0.0290666
          2,  401,         35,        309,       10.1,        101,       5.05   ,   0.695565
          2,  402,        746,        131,       10.1,        101,       5.05   ,  -0.269802
          2,  403,        184,        312,       10.1,        101,       5.05   ,    1.01957
          2,  404,        179,        983,       10.1,        101,       5.05   ,  -0.346085
          2,  405,        611,        321,       10.1,        101,       5.05   ,  -0.192685
          2,  406,        921,        190,       10.1,        101,       5.05   ,   -1.24704
          2,  407,         51,        110,       10.1,        101,       5.05   ,  -0.810248
          2,  408,        428,        282,       10.1,        101,       5.05   ,   0.459675
          2,  409,        394,        908,       10.1,        101,       5.05   , -0.0212457
          2,  410,         72,        266,       10.1,        101,       5.05   ,    1.17402
          2,  411,        416,        960,       10.1,        101,       5.05   ,   0.950282
          2,  412,        427,         75,       10.1,        101,       5.05   ,  -0.793181
          2,  413,        123,        215,       10.1,        101,       5.05   ,  -0.464759
          2,  414,        366,        680,       10.1,        101,       5.05   ,  -0.340482
          2,  415,        541,        866,       10.1,        101,       5.05   , 0.00876236
          2,  416,        370,        392,       10.1,        101,       5.05   ,    1.37909
          2,  417,        958,        355,       10.1,        101,       5.05   ,    1.50924
          2,  418,        599,        294,       10.1,        101,       5.05   ,   -1.05304
          2,  419,        632,        909,       10.1,        101,       5.05   ,  -0.840252
          2,  420,        952,        708,       10.1,        101,       5.05   ,   -0.95908
          2,  421,        864,        822,       10.1,        101,       5.05   ,  -0.573123
          2,  422,        998,        171,       10.1,        101,       5.05   ,   0.986911
          2,  423,        184,        972,       10.1,        101,       5.05   ,  -0.776111
          2,  424,        669,        339,       10.1,        101,       5.05   ,   -0.91322
          2,  425,        803,        804,       10.1,        101,       5.05   , -0.0873124
          2,  426,        867,        708,       10.1,        101,       5.05   ,  -0.521954
          2,  427,        846,        530,       10.1,        101,       5.05   ,   0.542796
          2,  428,         54,        454,       10.1,        101,       5.05   ,  -0.286231
          2,  429,        672,        682,       10.1,        101,       5.05   ,  -0.605798
          2,  430,        617,        566,       10.1,        101,       5.05   ,  -0.508338
          2,  431,        472,        333,       10.1,        101,       5.05   ,   -1.03497
          2,  432,        458,        665,       10.1,        101,       5.05   ,   0.116496
          2,  433,        367,        705,       10.1,        101,       5.05   ,    1.52866
          2,  434,        502,        289,       10.1,        101,       5.05   ,   0.138977
          2,  435,        770,        277,       10.1,        101,       5.05   ,   0.826915
          2,  436,        837,        815,       10.1,        101,       5.05   ,    1.53079
          2,  437,        861,        157,       10.1,        101,       5.05   ,   0.406402
          2,  438,        523,        253,       10.1,        101,       5.05   ,  -0.193181
          2,  439,        598,        128,       10.1,        101,       5.05   ,    1.27141
          2,  440,        531,        428,       10.1,        101,       5.05   ,   0.207446
          2,  441,        331,        334,       10.1,        101,       5.05   ,   -0.10085
          2,  442,        847,        495,       10.1,        101,       5.05   ,    1.39113
          2,  443,        270,         70,       10.1,        101,       5.05   ,  -0.592042
          2,  444,          1,        197,       10.1,        101,       5.05   ,  -0.701471
          2,  445,        482,        268,       10.1,        101,       5.05   ,    1.07605
          2,  446,        938,        317,       10.1,        101,       5.05   ,   -0.25733
          2,  447,        429,        381,       10.1,        101,       5.05   ,   -1.38046
          2,  448,        546,        908,       10.1,        101,       5.05   ,    1.42364
          2,  449,        288,        677,       10.1,        101,       5.05   ,  -0.415131
          2,  450,        675,        269,       10.1,        101,       5.05   ,   -1.27221
          2,  451,        771,        426,       10.1,        101,       5.05   ,    1.14361
          2,  452,        692,        519,       10.1,        101,       5.05   ,   -1.26881
          2,  453,        805,        153,       10.1,        101,       5.05   ,  -0.857191
          2,  454,         55,        966,       10.1,        101,       5.05   ,  -0.101035
          2,  455,        307,        312,       10.1,        101,       5.05   ,   0.370114
          2,  456,        834,        418,       10.1,        101,       5.05   ,    1.21823
          2,  457,         83,        828,       10.1,        101,       5.05   ,  -0.756589
          2,  458,        587,        848,       10.1,        101,       5.05   ,   0.654878
          2,  459,        732,        530,       10.1,        101,       5.05   ,  -0.758223
          2,  460,        182,        408,       10.1,        101,       5.05   ,  -0.235227
          2,  461,        122,        419,       10.1,        101,       5.05   ,   0.629595
          2,  462,        354,        483,       10.1,        101,       5.05   ,    1.23547
          2,  463,        556,        413,       10.1,        101,       5.05   ,   -1.31868
          2,  464,        626,        284,       10.1,        101,       5.05   ,    1.36797
          2,  465,        682,        290,       10.1,        101,       5.05   ,  -0.654194
          2,  466,        563,        948,       10.1,        101,       5.05   ,   -1.48014
          2,  467,        326,        208,       10.1,        101,       5.05   ,  -0.971174
          2,  468,        114,        176,       10.1,        101,       5.05   ,  0.0847979
          2,  469,        606,        864,       10.1,        101,       5.05   ,   0.326947
          2,  470,        258,         49,       10.1,        101,       5.05   ,  -0.430687
          2,  471,        733,        148,       10.1,        101,       5.05   ,   -0.73471
          2,  472,        787,        767,       10.1,        101,       5.05   ,    1.14311
          2,  473,        395,        106,       10.1,        101,       5.05   ,  -0.888936
          2,  474,        144,         42,       10.1,        101,       5.05   ,   -0.32405
          2,  475,        392,         93,       10.1,        101,       5.05   ,   0.351475
          2,  476,        555,        121,       10.1,        101,       5.05   ,    1.10734
          2,  477,        673,        767,       10.1,        101,       5.05   ,   0.786606
          2,  478,        750,        425,       10.1,        101,       5.05   ,    1.30738
          2,  479,        375,        783,       10.1,        101,       5.05   ,   0.034169
          2,  480,        248,        375,       10.1,        101,       5.05   ,  -0.674951
          2,  481,        294,        766,       10.1,        101,       5.05   ,  -0.107563
          2,  482,        452,        366,       10.1,        101,       5.05   ,  -0.939154
          2,  483,        450,        447,       10.1,        101,       5.05   ,   0.285558
          2,  484,        881,        420,       10.1,        101,       5.05   ,    -1.1762
          2,  485,        355,        658,       10.1,        101,       5.05   ,    1.17575
          2,  486,        120,        371,       10.1,        101,       5.05   ,  -0.333315
          2,  487,        811,        447,       10.1,        101,       5.05   ,  -0.418515
          2,  488,        301,        990,       10.1,        101,       5.05   ,   -1.21657
          2,  489,        869,        255,       10.1,        101,       5.05   ,  -0.732744
          2,  490,        856,        706,       10.1,        101,       5.05   ,   -1.33206
          2,  491,        785,        947,       10.1,        101,       5.05   ,   0.846132
          2,  492,        414,        261,       10.1,        101,       5.05   ,   -0.79323
          2,  493,        977,        428,       10.1,        101,       5.05   ,  -0.625542
          2,  494,        469,        495,       10.1,        101,       5.05   ,   0.100838
          2,  495,        965,        322,       10.1,        101,       5.05   ,   -1.05103
          2,  496,        535,        833,       10.1,        101,       5.05   ,   0.158003
          2,  497,        545,        320,       10.1,        101,       5.05   ,   0.170868
          2,  498,        343,        698,       10.1,        101,       5.05   ,   0.228253
          2,  499,        208,        215,       10.1,        101,       5.05   ,  -0.394493
          2,  500,        291,        812,       10.1,        101,       5.05   ,   -1.49298
          2,  501,        778,        339,       10.1,        101,       5.05   ,   -1.11667
          2,  502,        476,        244,       10.1,        101,       5.05   ,    1.10335
          2,  503,        251,        958,       10.1,        101,       5.05   ,   0.867469
          2,  504,        519,        819,       10.1,        101,       5.05   ,  0.0902554
          2,  505,        529,        236,       10.1,        101,       5.05   ,  0.0185271
          2,  506,        456,        367,       10.1,        101,       5.05   ,  -0.396376
          2,  507,        267,        734,       10.1,        101,       5.05   ,   0.502952
          2,  508,        988,        893,       10.1,        101,       5.05   ,  0.0731054
          2,  509,        259,         90,       10.1,        101,       5.05   ,  -0.219728
          2,  510,        276,        632,       10.1,        101,       5.05   ,    1.05171
          2,  511,        485,          8,       10.1,        101,       5.05   ,     1.3422
          2,  512,        512,        275,       10.1,        101,       5.05   ,    1.30439
          2,  513,        252,        315,       10.1,        101,       5.05   ,   -1.02773
          2,  514,        872,        376,       10.1,        101,       5.05   ,   0.275121
          2,  515,        701,        193,       10.1,        101,       5.05   ,    -1.2829
          2,  516,        802,        516,       10.1,        101,       5.05   ,   0.593969
          2,  517,        657,        573,       10.1,        101,       5.05   ,    1.21899
          2,  518,        241,        488,       10.1,        101,       5.05   ,  -0.928135
          2,  519,        786,        411,       10.1,        101,       5.05   ,   0.199217
          2,  520,        797,         43,       10.1,        101,       5.05   ,   0.804121
          2,  521,        240,        306,       10.1,        101,       5.05   ,   -1.09017
          2,  522,        529,        666,       10.1,        101,       5.05   ,  -0.545631
          2,  523,        534,        955,       10.1,        101,       5.05   ,   0.392539
          2,  524,        100,        520,       10.1,        101,       5.05   ,  -0.339262
          2,  525,        420,        351,       10.1,        101,       5.05   ,  -0.119259
          2,  526,        494,        515,       10.1,        101,       5.05   ,  -0.900877
          2,  527,        423,        599,       10.1,        101,       5.05   ,  -0.273646
          2,  528,        598,        166,       10.1,        101,       5.05   ,  -0.567842
          2,  529,        393,        943,       10.1,        101,       5.05   ,   0.489025
          2,  530,        989,        839,       10.1,        101,       5.05   ,  -0.327359
          2,  531,        194,        167,       10.1,        101,       5.05   ,     1.3111
          2,  532,        245,        595,       10.1,        101,       5.05   ,   0.661138
          2,  533,        585,        967,       10.1,        101,       5.05   ,    1.27888
          2,  534,        334,         13,       10.1,        101,       5.05   ,     0.4914
          2,  535,        732,         52,       10.1,        101,       5.05   ,   -1.36576
          2,  536,        350,        333,       10.1,        101,       5.05   ,    1.10069
          2,  537,        513,        742,       10.1,        101,       5.05   ,    1.01678
          2,  538,        704,        224,       10.1,        101,       5.05   ,   -1.20337
          2,  539,        715,        832,       10.1,        101,       5.05   ,   0.873711
          2,  540,        661,        921,       10.1,        101,       5.05   ,    1.33018
          2,  541,        685,        111,       10.1,        101,       5.05   ,   -1.44464
          2,  542,        256,        171,       10.1,        101,       5.05   ,   -1.48011
          2,  543,        824,        805,       10.1,        101,       5.05   ,   0.725009
          2,  544,        357,        516,       10.1,        101,       5.05   ,   -0.20715
          2,  545,        959,        652,       10.1,        101,       5.05   ,  -0.963485
          2,  546,        943,        790,       10.1,        101,       5.05   ,   0.324754
          2,  547,        236,        607,       10.1,        101,       5.05   ,   -1.54594
          2,  548,        880,        350,       10.1,        101,       5.05   ,   0.045127
          2,  549,        444,        576,       10.1,        101,       5.05   ,  -0.558676
          2,  550,        857,        786,       10.1,        101,       5.05   ,   0.745801
          2,  551,        678,        948,       10.1,        101,       5.05   ,   0.104835
          2,  552,        796,        966,       10.1,        101,       5.05   ,  -0.954098
          2,  553,        458,        230,       10.1,        101,       5.05   ,    1.37178
          2,  554,        216,        991,       10.1,        101,       5.05   ,   0.491409
          2,  555,        594,        980,       10.1,        101,       5.05   ,   -0.50145
          2,  556,        101,        763,       10.1,        101,       5.05   ,    1.13401
          2,  557,        341,        166,       10.1,        101,       5.05   ,    1.37103
          2,  558,        433,        905,       10.1,        101,       5.05   ,   0.449334
          2,  559,        439,        826,       10.1,        101,       5.05   ,     1.4223
          2,  560,        770,        397,       10.1,        101,       5.05   ,    1.31687
          2,  561,        286,        700,       10.1,        101,       5.05   ,     1.3375
          2,  562,        689,        429,       10.1,        101,       5.05   ,  -0.630175
          2,  563,        678,        777,       10.1,        101,       5.05   ,   0.828659
          2,  564,         42,        365,       10.1,        101,       5.05   ,   0.174357
          2,  565,         66,        401,       10.1,        101,       5.05   ,-0.00415676
          2,  566,        860,        573,       10.1,        101,       5.05   ,   0.127012
          2,  567,        948,        484,       10.1,        101,       5.05   ,   0.180688
          2,  568,        147,        148,       10.1,        101,       5.05   ,   0.213016
          2,  569,          2,        189,       10.1,        101,       5.05   ,   -0.70337
          2,  570,        505,        347,       10.1,        101,       5.05   ,   0.335125
          2,  571,        953,        188,       10.1,        101,       5.05   ,    0.17513
          2,  572,        203,        553,       10.1,        101,       5.05   ,  -0.284391
          2,  573,        784,        329,       10.1,        101,       5.05   ,    1.49351
          2,  574,        552,        603,       10.1,        101,       5.05   ,   0.882915
          2,  575,         28,        631,       10.1,        101,       5.05   ,   -1.08791
          2,  576,        227,        978,       10.1,        101,       5.05   ,   -1.49794
          2,  577,        957,        625,       10.1,        101,       5.05   ,   0.898396
          2,  578,        476,        201,       10.1,        101,       5.05   ,   -1.46561
          2,  579,        170,        608,       10.1,        101,       5.05   ,   0.756905
          2,  580,        312,        929,       10.1,        101,       5.05   ,  -0.935857
          2,  581,        126,        136,       10.1,        101,       5.05   , 0.00681422
          2,  582,        829,        298,       10.1,        101,       5.05   ,    1.29142
          2,  583,        887,        598,       10.1,        101,       5.05   ,  -0.130881
          2,  584,        979,        720,       10.1,        101,       5.05   ,   0.276042
          2,  585,        899,        725,       10.1,        101,       5.05   ,  -0.636346
          2,  586,        351,        142,       10.1,        101,       5.05   ,   0.254659
          2,  587,        112,        314,       10.1,        101,       5.05   ,    1.00278
          2,  588,        630,        147,       10.1,        101,       5.05   ,    1.08667
          2,  589,        485,        156,       10.1,        101,       5.05   ,    1.01141
          2,  590,        935,        574,       10.1,        101,       5.05   ,     1.2064
          2,  591,         88,        387,       10.1,        101,       5.05   ,   0.924099
          2,  592,        695,        409,       10.1,        101,       5.05   ,   -1.40082
          2,  593,        639,        530,       10.1,        101,       5.05   ,  -0.339433
          2,  594,        935,        342,       10.1,        101,       5.05   ,   -1.17954
          2,  595,        247,        130,       10.1,        101,       5.05   ,  -0.636438
          2,  596,        247,        554,       10.1,        101,       5.05   ,   -1.07659
          2,  597,        313,        866,       10.1,        101,       5.05   ,    1.11235
          2,  598,         50,        461,       10.1,        101,       5.05   ,   -1.34291
          2,  599,        528,        244,       10.1,        101,       5.05   ,   0.353985
          2,  600,        235,        911,       10.1,        101,       5.05   ,   0.364884
          2,  601,        769,        361,       10.1,        101,       5.05   ,  -0.815657
          2,  602,         14,         98,       10.1,        101,       5.05   ,    1.06015
          2,  603,        182,        481,       10.1,        101,       5.05   ,    1.47888
          2,  604,        154,        340,       10.1,        101,       5.05   ,  -0.241986
          2,  605,        266,        683,       10.1,        101,       5.05   ,   0.637679
          2,  606,        826,        148,       10.1,        101,       5.05   ,   -1.33716
          2,  607,        984,        456,       10.1,        101,       5.05   ,   0.545186
          2,  608,        548,        638,       10.1,        101,       5.05   ,  -0.575202
          2,  609,        538,        138,       10.1,        101,       5.05   ,  -0.349602
          2,  610,        768,        864,       10.1,        101,       5.05   ,  -0.728694
          2,  611,        753,        614,       10.1,        101,       5.05   ,   0.806678
          2,  612,        790,        559,       10.1,        101,       5.05   ,  -0.180901
          2,  613,        111,        637,       10.1,        101,       5.05   ,   0.424696
          2,  614,        446,        325,       10.1,        101,       5.05   ,  -0.884044
          2,  615,        878,        946,       10.1,        101,       5.05   ,    0.50838
          2,  616,        378,        583,       10.1,        101,       5.05   ,   0.879794
          2,  617,        292,        472,       10.1,        101,       5.05   ,  -0.899518
          2,  618,        869,        697,       10.1,        101,       5.05   ,   0.281216
          2,  619,        486,        774,       10.1,        101,       5.05   ,  0.0987479
          2,  620,        387,        200,       10.1,        101,       5.05   ,  -0.619929
          2,  621,        554,         92,       10.1,        101,       5.05   ,   -1.40123
          2,  622,        295,        295,       10.1,        101,       5.05   ,    1.08501
          2,  623,        391,        994,       10.1,        101,       5.05   ,   -1.14206
          2,  624,        805,        126,       10.1,        101,       5.05   ,  -0.755086
          2,  625,        534,         85,       10.1,        101,       5.05   ,  -0.904138
          2,  626,         82,        256,       10.1,        101,       5.05   ,  -0.792188
          2,  627,        211,        497,       10.1,        101,       5.05   ,    1.33619
          2,  628,        158,        150,       10.1,        101,       5.05   ,   -1.31422
          2,  629,        272,        858,       10.1,        101,       5.05   ,   0.536178
          2,  630,         26,        145,       10.1,        101,       5.05   ,    1.46384
          2,  631,        226,        171,       10.1,        101,       5.05   ,  0.0820048
          2,  632,        295,        132,       10.1,        101,       5.05   ,   0.353273
          2,  633,         61,        930,       10.1,        101,       5.05   ,  -0.270709
          2,  634,        502,        386,       10.1,        101,       5.05   ,   0.286106
          2,  635,        274,        985,       10.1,        101,       5.05   ,  -0.816818
          2,  636,        470,        120,       10.1,        101,       5.05   ,  -0.782984
          2,  637,        276,        585,       10.1,        101,       5.05   ,  0.0498418
          2,  638,        852,        505,       10.1,        101,       5.05   ,  -0.347919
          2,  639,        442,        544,       10.1,        101,       5.05   ,   0.572762
          2,  640,        255,        397,       10.1,        101,       5.05   ,  -0.495511
          2,  641,        943,        846,       10.1,        101,       5.05   , -0.0646258
------------------------------------------------------------------------------
Component[2] Total Sloped Parallelepiped = 641
Component[2] Real area in [1000x1000]= 0.323338%=
------------------------------------------------------------------------------
