Component 2 maximum area=0.323322 [on 1000x1000]
Component type: Sloped rectangle
---------------------------------------------------------------------------------------
--------------|------- Center-----|----- dimensions---------|----------------------
component| id|   X        |     Y    |  Width/a     | height/b |   hoop   |   Slope    
---------------------------------------------------------------------------------------
          2,    1,         30,         72,       10.1,        101,       5.05   ,  -0.760093
          2,    2,        350,        293,       10.1,        101,       5.05   ,  -0.754403
          2,    3,        588,        750,       10.1,        101,       5.05   ,   -1.23541
          2,    4,        135,        267,       10.1,        101,       5.05   ,  -0.750467
          2,    5,        386,        330,       10.1,        101,       5.05   ,   -1.46503
          2,    6,        611,        392,       10.1,        101,       5.05   ,   0.477796
          2,    7,        329,        773,       10.1,        101,       5.05   ,   0.461785
          2,    8,        699,        837,       10.1,        101,       5.05   ,    1.53962
          2,    9,        228,        466,       10.1,        101,       5.05   ,   0.443324
          2,   10,        433,        399,       10.1,        101,       5.05   ,    1.13661
          2,   11,        154,         79,       10.1,        101,       5.05   ,   -0.78943
          2,   12,        280,        545,       10.1,        101,       5.05   ,   0.645056
          2,   13,        337,        485,       10.1,        101,       5.05   ,  -0.122624
          2,   14,        351,        312,       10.1,        101,       5.05   ,   0.227764
          2,   15,        383,        847,       10.1,        101,       5.05   ,   0.911592
          2,   16,        176,        613,       10.1,        101,       5.05   ,  -0.402358
          2,   17,        283,        163,       10.1,        101,       5.05   ,   -1.15322
          2,   18,         55,        914,       10.1,        101,       5.05   ,   0.677822
          2,   19,        421,        521,       10.1,        101,       5.05   ,   0.237153
          2,   20,         42,         46,       10.1,        101,       5.05   ,   0.915623
          2,   21,        455,        922,       10.1,        101,       5.05   ,  -0.435166
          2,   22,        568,        822,       10.1,        101,       5.05   ,   -0.53145
          2,   23,        721,        696,       10.1,        101,       5.05   ,   0.858622
          2,   24,        531,         91,       10.1,        101,       5.05   ,  -0.136507
          2,   25,        655,        418,       10.1,        101,       5.05   ,   -1.25611
          2,   26,        614,        707,       10.1,        101,       5.05   ,   -0.68681
          2,   27,         48,        983,       10.1,        101,       5.05   ,   -1.20158
          2,   28,        203,        589,       10.1,        101,       5.05   ,   -1.45411
          2,   29,        727,        748,       10.1,        101,       5.05   ,   0.585011
          2,   30,        780,        479,       10.1,        101,       5.05   ,  -0.924174
          2,   31,        218,        774,       10.1,        101,       5.05   ,   -1.52162
          2,   32,        785,        836,       10.1,        101,       5.05   ,  -0.327238
          2,   33,        449,        322,       10.1,        101,       5.05   ,   -1.49181
          2,   34,        840,        475,       10.1,        101,       5.05   , -0.0251302
          2,   35,        940,         24,       10.1,        101,       5.05   ,   -1.35643
          2,   36,        227,        273,       10.1,        101,       5.05   ,    1.13744
          2,   37,        664,        709,       10.1,        101,       5.05   ,  -0.400585
          2,   38,        103,        464,       10.1,        101,       5.05   ,   0.438832
          2,   39,        601,        731,       10.1,        101,       5.05   ,   -0.55458
          2,   40,          4,        404,       10.1,        101,       5.05   ,    1.50685
          2,   41,        430,        869,       10.1,        101,       5.05   ,   0.904085
          2,   42,        192,        456,       10.1,        101,       5.05   ,   0.229451
          2,   43,        767,        887,       10.1,        101,       5.05   ,  -0.413852
          2,   44,        122,        853,       10.1,        101,       5.05   ,  -0.860577
          2,   45,        313,        567,       10.1,        101,       5.05   ,   -1.22498
          2,   46,         91,        878,       10.1,        101,       5.05   ,    1.30961
          2,   47,        188,        658,       10.1,        101,       5.05   ,   -1.46213
          2,   48,        231,        951,       10.1,        101,       5.05   ,    1.41823
          2,   49,        127,        796,       10.1,        101,       5.05   ,   -1.30754
          2,   50,        182,        169,       10.1,        101,       5.05   ,   0.337889
          2,   51,        718,        907,       10.1,        101,       5.05   ,    1.15003
          2,   52,        395,        530,       10.1,        101,       5.05   ,   -1.00284
          2,   53,        226,        148,       10.1,        101,       5.05   ,  -0.263374
          2,   54,        832,        713,       10.1,        101,       5.05   ,  -0.288123
          2,   55,         36,        153,       10.1,        101,       5.05   ,   0.896633
          2,   56,        512,        165,       10.1,        101,       5.05   ,  -0.960459
          2,   57,        645,        802,       10.1,        101,       5.05   ,  -0.539085
          2,   58,        926,         55,       10.1,        101,       5.05   ,   -1.40909
          2,   59,        341,        860,       10.1,        101,       5.05   ,   -1.29753
          2,   60,        640,          4,       10.1,        101,       5.05   ,   -0.89267
          2,   61,        103,         68,       10.1,        101,       5.05   ,   -1.03326
          2,   62,        426,        937,       10.1,        101,       5.05   ,  -0.970567
          2,   63,        179,        715,       10.1,        101,       5.05   ,   -0.46271
          2,   64,        842,         90,       10.1,        101,       5.05   ,   0.702284
          2,   65,        389,        236,       10.1,        101,       5.05   ,  -0.889322
          2,   66,        968,        175,       10.1,        101,       5.05   ,   -1.28663
          2,   67,        929,        477,       10.1,        101,       5.05   ,   -0.17252
          2,   68,        537,        800,       10.1,        101,       5.05   ,   -1.45656
          2,   69,        930,        832,       10.1,        101,       5.05   ,   -1.10205
          2,   70,        123,        256,       10.1,        101,       5.05   ,   -1.46023
          2,   71,        153,        971,       10.1,        101,       5.05   ,  -0.258333
          2,   72,        385,        721,       10.1,        101,       5.05   ,    -1.3924
          2,   73,         49,        645,       10.1,        101,       5.05   ,    1.54732
          2,   74,        978,         46,       10.1,        101,       5.05   ,    1.40481
          2,   75,        972,        246,       10.1,        101,       5.05   ,  -0.723722
          2,   76,        866,        964,       10.1,        101,       5.05   ,  -0.362448
          2,   77,        341,        837,       10.1,        101,       5.05   ,   -1.13895
          2,   78,        689,         56,       10.1,        101,       5.05   ,  -0.756996
          2,   79,        381,        513,       10.1,        101,       5.05   ,  -0.250662
          2,   80,        843,        209,       10.1,        101,       5.05   ,   -1.16181
          2,   81,        629,        119,       10.1,        101,       5.05   ,  -0.990016
          2,   82,        664,        258,       10.1,        101,       5.05   ,  -0.792784
          2,   83,        778,        675,       10.1,        101,       5.05   ,  0.0736549
          2,   84,        866,        241,       10.1,        101,       5.05   ,   0.526512
          2,   85,        227,        662,       10.1,        101,       5.05   ,   -1.15094
          2,   86,        677,        635,       10.1,        101,       5.05   ,   0.702708
          2,   87,        649,        943,       10.1,        101,       5.05   ,   0.764169
          2,   88,        520,         93,       10.1,        101,       5.05   ,   0.470042
          2,   89,        121,          6,       10.1,        101,       5.05   ,   0.180256
          2,   90,        326,        196,       10.1,        101,       5.05   ,  -0.578291
          2,   91,        452,        942,       10.1,        101,       5.05   ,   0.382575
          2,   92,         87,        561,       10.1,        101,       5.05   ,    1.56404
          2,   93,        719,        200,       10.1,        101,       5.05   ,  -0.815115
          2,   94,        144,        325,       10.1,        101,       5.05   ,   0.136143
          2,   95,        728,        690,       10.1,        101,       5.05   ,  -0.326453
          2,   96,        304,         50,       10.1,        101,       5.05   ,  -0.680292
          2,   97,         77,        295,       10.1,        101,       5.05   ,    1.17087
          2,   98,        842,        751,       10.1,        101,       5.05   ,   0.263675
          2,   99,        430,        997,       10.1,        101,       5.05   , -0.0565966
          2,  100,        579,        573,       10.1,        101,       5.05   ,  -0.103279
          2,  101,         80,        732,       10.1,        101,       5.05   ,  -0.729913
          2,  102,        218,        940,       10.1,        101,       5.05   ,  -0.192746
          2,  103,        956,         54,       10.1,        101,       5.05   ,    1.01546
          2,  104,        437,        704,       10.1,        101,       5.05   ,   0.464914
          2,  105,        812,        296,       10.1,        101,       5.05   ,   0.271152
          2,  106,         12,        827,       10.1,        101,       5.05   ,    1.49121
          2,  107,        513,        295,       10.1,        101,       5.05   ,  -0.226795
          2,  108,        100,        359,       10.1,        101,       5.05   ,   0.465698
          2,  109,        684,        355,       10.1,        101,       5.05   ,   -1.37025
          2,  110,        775,        127,       10.1,        101,       5.05   ,  -0.891253
          2,  111,        764,        378,       10.1,        101,       5.05   ,   0.477476
          2,  112,        263,        333,       10.1,        101,       5.05   ,    1.39633
          2,  113,        171,        608,       10.1,        101,       5.05   ,   0.516214
          2,  114,        439,        405,       10.1,        101,       5.05   ,    0.30857
          2,  115,        891,        915,       10.1,        101,       5.05   ,    1.06742
          2,  116,         16,        584,       10.1,        101,       5.05   ,   0.443512
          2,  117,        829,        272,       10.1,        101,       5.05   , -0.0819139
          2,  118,        756,        427,       10.1,        101,       5.05   ,   0.980456
          2,  119,        835,        901,       10.1,        101,       5.05   ,    1.21581
          2,  120,        480,        947,       10.1,        101,       5.05   ,  -0.648003
          2,  121,        351,        310,       10.1,        101,       5.05   ,    1.17998
          2,  122,        815,        326,       10.1,        101,       5.05   ,  0.0221239
          2,  123,        371,        376,       10.1,        101,       5.05   ,   -1.16677
          2,  124,        716,         87,       10.1,        101,       5.05   ,     1.0944
          2,  125,        576,         50,       10.1,        101,       5.05   ,   -1.36408
          2,  126,        464,        705,       10.1,        101,       5.05   ,   -1.22438
          2,  127,        565,        927,       10.1,        101,       5.05   ,   -1.42573
          2,  128,         44,        221,       10.1,        101,       5.05   ,    1.01343
          2,  129,        504,        500,       10.1,        101,       5.05   ,   -1.02552
          2,  130,        851,        313,       10.1,        101,       5.05   ,   0.667195
          2,  131,        800,        983,       10.1,        101,       5.05   ,    0.58421
          2,  132,        496,        380,       10.1,        101,       5.05   ,  -0.664614
          2,  133,        237,        976,       10.1,        101,       5.05   ,  -0.462002
          2,  134,        196,        977,       10.1,        101,       5.05   ,   -1.29501
          2,  135,        989,         41,       10.1,        101,       5.05   ,   -1.19178
          2,  136,        464,        127,       10.1,        101,       5.05   , -0.0827286
          2,  137,        534,        876,       10.1,        101,       5.05   ,   0.333646
          2,  138,        313,        112,       10.1,        101,       5.05   ,   0.510189
          2,  139,        438,        830,       10.1,        101,       5.05   ,   -1.22009
          2,  140,         34,        335,       10.1,        101,       5.05   ,    1.02445
          2,  141,        310,        779,       10.1,        101,       5.05   ,   -1.06084
          2,  142,        847,        706,       10.1,        101,       5.05   ,   -1.11189
          2,  143,        227,        391,       10.1,        101,       5.05   ,    1.56099
          2,  144,        650,        265,       10.1,        101,       5.05   ,   -1.24753
          2,  145,        281,        403,       10.1,        101,       5.05   ,   -1.06617
          2,  146,        946,        478,       10.1,        101,       5.05   ,    1.51741
          2,  147,        202,        754,       10.1,        101,       5.05   ,  -0.186864
          2,  148,        127,        793,       10.1,        101,       5.05   ,    1.22975
          2,  149,        614,        536,       10.1,        101,       5.05   ,   -1.48027
          2,  150,        439,        105,       10.1,        101,       5.05   ,    -1.4693
          2,  151,        833,        852,       10.1,        101,       5.05   ,    1.01097
          2,  152,        839,        861,       10.1,        101,       5.05   ,    1.29583
          2,  153,        314,        321,       10.1,        101,       5.05   ,   0.752603
          2,  154,        770,        685,       10.1,        101,       5.05   ,   -1.21565
          2,  155,         44,        792,       10.1,        101,       5.05   ,   0.104928
          2,  156,        940,        882,       10.1,        101,       5.05   ,    -1.4733
          2,  157,         78,        684,       10.1,        101,       5.05   ,  -0.781305
          2,  158,        201,        985,       10.1,        101,       5.05   ,    1.24201
          2,  159,         85,        106,       10.1,        101,       5.05   ,   -1.11697
          2,  160,        762,        451,       10.1,        101,       5.05   ,   0.928689
          2,  161,        589,        917,       10.1,        101,       5.05   ,   0.752141
          2,  162,        942,        324,       10.1,        101,       5.05   ,  -0.702154
          2,  163,        536,        406,       10.1,        101,       5.05   ,   0.106086
          2,  164,        559,        504,       10.1,        101,       5.05   ,   0.878537
          2,  165,        791,        996,       10.1,        101,       5.05   ,   0.862448
          2,  166,        602,        841,       10.1,        101,       5.05   ,   0.693686
          2,  167,        520,         60,       10.1,        101,       5.05   ,     1.2433
          2,  168,         77,        446,       10.1,        101,       5.05   , -0.0578795
          2,  169,        526,        104,       10.1,        101,       5.05   ,  -0.602227
          2,  170,        426,        941,       10.1,        101,       5.05   ,  -0.968484
          2,  171,        873,         88,       10.1,        101,       5.05   ,   0.873916
          2,  172,         45,        880,       10.1,        101,       5.05   ,   0.862283
          2,  173,        154,        743,       10.1,        101,       5.05   ,   0.119914
          2,  174,        238,        461,       10.1,        101,       5.05   ,    1.36012
          2,  175,        953,        445,       10.1,        101,       5.05   ,   0.315674
          2,  176,        891,        793,       10.1,        101,       5.05   ,    -1.5177
          2,  177,        608,        512,       10.1,        101,       5.05   ,   0.770037
          2,  178,        205,         43,       10.1,        101,       5.05   ,  -0.959484
          2,  179,        601,        734,       10.1,        101,       5.05   ,   0.402692
          2,  180,        253,        536,       10.1,        101,       5.05   ,    1.40896
          2,  181,        828,        550,       10.1,        101,       5.05   ,    1.33558
          2,  182,        655,        517,       10.1,        101,       5.05   ,   0.853162
          2,  183,          2,         13,       10.1,        101,       5.05   ,  -0.513695
          2,  184,         85,        702,       10.1,        101,       5.05   ,  -0.251554
          2,  185,        410,        259,       10.1,        101,       5.05   ,   0.190204
          2,  186,        384,         53,       10.1,        101,       5.05   ,    1.19822
          2,  187,        376,         13,       10.1,        101,       5.05   ,   0.569156
          2,  188,        337,        676,       10.1,        101,       5.05   ,   -1.42459
          2,  189,        403,        219,       10.1,        101,       5.05   ,   -1.45235
          2,  190,         13,        141,       10.1,        101,       5.05   ,  0.0541942
          2,  191,         71,        775,       10.1,        101,       5.05   ,   -1.00185
          2,  192,        652,        605,       10.1,        101,       5.05   ,  -0.853001
          2,  193,        128,         61,       10.1,        101,       5.05   ,    0.55635
          2,  194,        378,        306,       10.1,        101,       5.05   ,   0.813967
          2,  195,        875,        252,       10.1,        101,       5.05   ,   -1.30487
          2,  196,        820,        856,       10.1,        101,       5.05   ,      1.006
          2,  197,        635,        292,       10.1,        101,       5.05   ,  -0.344073
          2,  198,        543,        184,       10.1,        101,       5.05   ,    1.48327
          2,  199,        462,         34,       10.1,        101,       5.05   , -0.0620321
          2,  200,        875,        369,       10.1,        101,       5.05   , -0.0592228
          2,  201,        565,        261,       10.1,        101,       5.05   ,  -0.707519
          2,  202,        591,        124,       10.1,        101,       5.05   ,  -0.534556
          2,  203,        124,        353,       10.1,        101,       5.05   ,  -0.119605
          2,  204,         78,        143,       10.1,        101,       5.05   ,   0.445492
          2,  205,        101,        570,       10.1,        101,       5.05   ,    1.17022
          2,  206,        560,        706,       10.1,        101,       5.05   ,  -0.175012
          2,  207,        405,        651,       10.1,        101,       5.05   ,   0.803788
          2,  208,        967,        842,       10.1,        101,       5.05   ,   0.981077
          2,  209,        524,        849,       10.1,        101,       5.05   ,   -1.49317
          2,  210,        219,        584,       10.1,        101,       5.05   ,   -1.12401
          2,  211,         86,        532,       10.1,        101,       5.05   ,   -0.56479
          2,  212,        335,        256,       10.1,        101,       5.05   ,   0.828699
          2,  213,        325,         12,       10.1,        101,       5.05   ,  -0.407147
          2,  214,        379,        143,       10.1,        101,       5.05   ,     -1.288
          2,  215,        656,        860,       10.1,        101,       5.05   ,    1.13551
          2,  216,        333,        666,       10.1,        101,       5.05   ,  -0.649145
          2,  217,        464,        287,       10.1,        101,       5.05   ,   0.116774
          2,  218,        244,        397,       10.1,        101,       5.05   ,   -1.16705
          2,  219,        837,        845,       10.1,        101,       5.05   ,   -1.23004
          2,  220,        122,        254,       10.1,        101,       5.05   ,   0.764592
          2,  221,        885,        133,       10.1,        101,       5.05   ,   0.452019
          2,  222,        184,        176,       10.1,        101,       5.05   ,  -0.584203
          2,  223,        781,         25,       10.1,        101,       5.05   ,  -0.057968
          2,  224,        865,        965,       10.1,        101,       5.05   ,   -1.34931
          2,  225,        103,        859,       10.1,        101,       5.05   ,    1.20654
          2,  226,        366,        966,       10.1,        101,       5.05   ,  -0.318697
          2,  227,        757,        448,       10.1,        101,       5.05   ,  -0.913957
          2,  228,        248,         38,       10.1,        101,       5.05   ,   0.112509
          2,  229,        738,        698,       10.1,        101,       5.05   ,    1.37782
          2,  230,        599,        525,       10.1,        101,       5.05   ,  -0.387019
          2,  231,        151,         29,       10.1,        101,       5.05   ,   -1.14103
          2,  232,        157,        583,       10.1,        101,       5.05   ,  -0.529831
          2,  233,        204,        141,       10.1,        101,       5.05   ,  -0.689198
          2,  234,        412,        826,       10.1,        101,       5.05   , -0.0156256
          2,  235,        810,         98,       10.1,        101,       5.05   ,   0.396624
          2,  236,        179,        672,       10.1,        101,       5.05   ,    1.10463
          2,  237,        194,        299,       10.1,        101,       5.05   ,   0.943697
          2,  238,        353,        280,       10.1,        101,       5.05   ,    1.17401
          2,  239,        378,        106,       10.1,        101,       5.05   ,  -0.441418
          2,  240,         86,        303,       10.1,        101,       5.05   ,   0.746252
          2,  241,        931,        691,       10.1,        101,       5.05   ,   -1.55726
          2,  242,        875,        297,       10.1,        101,       5.05   ,   0.672121
          2,  243,          7,        768,       10.1,        101,       5.05   ,   0.644833
          2,  244,         78,        635,       10.1,        101,       5.05   ,   -1.49447
          2,  245,        622,        463,       10.1,        101,       5.05   , -0.0870917
          2,  246,        273,        651,       10.1,        101,       5.05   ,   -1.40536
          2,  247,        302,        871,       10.1,        101,       5.05   , -0.0541438
          2,  248,        682,        718,       10.1,        101,       5.05   ,   -1.21698
          2,  249,        795,        887,       10.1,        101,       5.05   ,   0.674841
          2,  250,        752,        635,       10.1,        101,       5.05   ,   -1.18648
          2,  251,        283,        157,       10.1,        101,       5.05   ,  -0.247875
          2,  252,        396,        806,       10.1,        101,       5.05   ,  -0.300489
          2,  253,        667,        651,       10.1,        101,       5.05   ,   -1.52024
          2,  254,        338,        433,       10.1,        101,       5.05   ,   -0.75698
          2,  255,        838,         78,       10.1,        101,       5.05   ,   -0.80561
          2,  256,        855,        812,       10.1,        101,       5.05   ,   0.389933
          2,  257,        723,        940,       10.1,        101,       5.05   ,   -1.26388
          2,  258,         18,         63,       10.1,        101,       5.05   ,   0.694924
          2,  259,        743,        270,       10.1,        101,       5.05   ,  -0.584547
          2,  260,         76,        458,       10.1,        101,       5.05   ,  0.0300148
          2,  261,        773,         95,       10.1,        101,       5.05   ,   0.179672
          2,  262,        575,        164,       10.1,        101,       5.05   ,    0.92419
          2,  263,        951,        671,       10.1,        101,       5.05   ,    1.07043
          2,  264,        619,         36,       10.1,        101,       5.05   , -0.0191709
          2,  265,        995,        346,       10.1,        101,       5.05   ,   0.888218
          2,  266,        206,        159,       10.1,        101,       5.05   ,    1.34473
          2,  267,        233,        146,       10.1,        101,       5.05   ,  0.0894665
          2,  268,        457,         73,       10.1,        101,       5.05   ,   -1.18708
          2,  269,        460,        316,       10.1,        101,       5.05   ,     0.2119
          2,  270,        135,        508,       10.1,        101,       5.05   ,  -0.817774
          2,  271,        946,        463,       10.1,        101,       5.05   ,   0.653403
          2,  272,        981,        710,       10.1,        101,       5.05   ,  -0.115715
          2,  273,         19,        184,       10.1,        101,       5.05   ,   0.903975
          2,  274,        817,        150,       10.1,        101,       5.05   ,   -1.30511
          2,  275,        139,        269,       10.1,        101,       5.05   ,     1.1956
          2,  276,         64,         41,       10.1,        101,       5.05   ,  0.0904069
          2,  277,        123,        916,       10.1,        101,       5.05   ,    1.55145
          2,  278,        879,        813,       10.1,        101,       5.05   ,  -0.968497
          2,  279,         29,        564,       10.1,        101,       5.05   ,  -0.212424
          2,  280,        117,        665,       10.1,        101,       5.05   ,   -1.02647
          2,  281,        995,         38,       10.1,        101,       5.05   ,   0.615121
          2,  282,        286,        609,       10.1,        101,       5.05   ,   -1.36399
          2,  283,         12,        652,       10.1,        101,       5.05   ,    1.24505
          2,  284,        244,        390,       10.1,        101,       5.05   ,   -1.05141
          2,  285,         19,        700,       10.1,        101,       5.05   ,   -1.41956
          2,  286,        956,        457,       10.1,        101,       5.05   ,   0.493789
          2,  287,         16,        391,       10.1,        101,       5.05   ,    -1.2531
          2,  288,        233,        862,       10.1,        101,       5.05   ,    0.89664
          2,  289,        545,        311,       10.1,        101,       5.05   ,  -0.964431
          2,  290,        796,        448,       10.1,        101,       5.05   ,   0.339565
          2,  291,        542,        485,       10.1,        101,       5.05   , -0.0550178
          2,  292,         20,        485,       10.1,        101,       5.05   ,   0.868284
          2,  293,        574,         76,       10.1,        101,       5.05   ,  -0.384323
          2,  294,        100,        664,       10.1,        101,       5.05   ,   0.173297
          2,  295,        827,         73,       10.1,        101,       5.05   ,    1.43205
          2,  296,        257,         73,       10.1,        101,       5.05   ,  -0.818412
          2,  297,         85,        382,       10.1,        101,       5.05   , -0.0833021
          2,  298,        994,        618,       10.1,        101,       5.05   ,  -0.963096
          2,  299,        284,         50,       10.1,        101,       5.05   ,   -1.51959
          2,  300,        867,        527,       10.1,        101,       5.05   ,  -0.298946
          2,  301,        165,        274,       10.1,        101,       5.05   ,    1.10462
          2,  302,        977,         41,       10.1,        101,       5.05   ,    0.98392
          2,  303,        897,        914,       10.1,        101,       5.05   ,   0.514571
          2,  304,        755,        636,       10.1,        101,       5.05   ,  -0.458091
          2,  305,        710,        511,       10.1,        101,       5.05   , -0.0304765
          2,  306,        229,        604,       10.1,        101,       5.05   ,   0.396063
          2,  307,        887,        404,       10.1,        101,       5.05   ,   0.253253
          2,  308,        793,        832,       10.1,        101,       5.05   ,   -0.70479
          2,  309,        413,        446,       10.1,        101,       5.05   ,   0.710314
          2,  310,        985,         16,       10.1,        101,       5.05   ,   0.343361
          2,  311,         71,        662,       10.1,        101,       5.05   ,  -0.391699
          2,  312,        503,        416,       10.1,        101,       5.05   ,   0.427831
          2,  313,        672,         11,       10.1,        101,       5.05   ,  -0.802326
          2,  314,        354,        770,       10.1,        101,       5.05   ,  -0.976355
          2,  315,        502,        764,       10.1,        101,       5.05   ,   -0.41974
          2,  316,        445,        145,       10.1,        101,       5.05   ,   -1.44764
          2,  317,        844,         51,       10.1,        101,       5.05   ,   -1.40568
          2,  318,        486,        244,       10.1,        101,       5.05   ,   -0.48446
          2,  319,         88,         55,       10.1,        101,       5.05   , 0.00651835
          2,  320,        856,        403,       10.1,        101,       5.05   ,    1.49944
          2,  321,        853,        513,       10.1,        101,       5.05   ,   0.665624
          2,  322,         88,        828,       10.1,        101,       5.05   ,   0.635226
          2,  323,        644,        173,       10.1,        101,       5.05   ,   0.996702
          2,  324,        990,        710,       10.1,        101,       5.05   ,  0.0048839
          2,  325,        169,        114,       10.1,        101,       5.05   ,  -0.212405
          2,  326,        568,        935,       10.1,        101,       5.05   ,   0.473651
          2,  327,        567,        816,       10.1,        101,       5.05   ,  -0.840326
          2,  328,        440,        562,       10.1,        101,       5.05   ,    1.52111
          2,  329,        316,        929,       10.1,        101,       5.05   ,    1.40415
          2,  330,        604,        992,       10.1,        101,       5.05   ,   0.861951
          2,  331,         32,        456,       10.1,        101,       5.05   ,   -1.18248
          2,  332,         48,        119,       10.1,        101,       5.05   ,   -1.15282
          2,  333,         30,         93,       10.1,        101,       5.05   ,    1.07718
          2,  334,        211,        260,       10.1,        101,       5.05   ,      1.085
          2,  335,        512,         52,       10.1,        101,       5.05   ,    1.11353
          2,  336,        638,        426,       10.1,        101,       5.05   ,  -0.953354
          2,  337,        944,        520,       10.1,        101,       5.05   ,   0.471431
          2,  338,        158,         43,       10.1,        101,       5.05   ,  0.0761075
          2,  339,        666,        489,       10.1,        101,       5.05   ,   0.464647
          2,  340,        557,        102,       10.1,        101,       5.05   , -0.0617494
          2,  341,        487,         76,       10.1,        101,       5.05   ,   -1.48338
          2,  342,        931,        990,       10.1,        101,       5.05   ,   -1.48554
          2,  343,        801,        237,       10.1,        101,       5.05   ,    1.42173
          2,  344,        418,        542,       10.1,        101,       5.05   ,  -0.586463
          2,  345,        299,        261,       10.1,        101,       5.05   ,   0.966121
          2,  346,        774,        222,       10.1,        101,       5.05   ,  -0.745399
          2,  347,        491,        964,       10.1,        101,       5.05   ,   0.778213
          2,  348,        600,        127,       10.1,        101,       5.05   ,   -1.52558
          2,  349,         45,        227,       10.1,        101,       5.05   ,    1.50822
          2,  350,        263,        348,       10.1,        101,       5.05   ,  -0.181205
          2,  351,        938,        975,       10.1,        101,       5.05   ,  -0.791228
          2,  352,         55,        226,       10.1,        101,       5.05   ,    1.16609
          2,  353,        653,        317,       10.1,        101,       5.05   ,    1.31777
          2,  354,        386,        544,       10.1,        101,       5.05   ,   0.311021
          2,  355,        229,        209,       10.1,        101,       5.05   ,    1.22326
          2,  356,        891,        408,       10.1,        101,       5.05   ,   -1.39747
          2,  357,        344,         78,       10.1,        101,       5.05   ,    -1.2764
          2,  358,        164,          7,       10.1,        101,       5.05   ,   -1.07671
          2,  359,        293,        767,       10.1,        101,       5.05   ,  -0.480904
          2,  360,        797,        238,       10.1,        101,       5.05   ,   0.833437
          2,  361,        693,        306,       10.1,        101,       5.05   ,   0.420297
          2,  362,        738,        958,       10.1,        101,       5.05   ,     1.1671
          2,  363,        898,        544,       10.1,        101,       5.05   ,   -0.78696
          2,  364,        173,        603,       10.1,        101,       5.05   ,   -1.53665
          2,  365,        319,        328,       10.1,        101,       5.05   ,   0.342174
          2,  366,        952,        435,       10.1,        101,       5.05   ,   0.965622
          2,  367,        545,        487,       10.1,        101,       5.05   ,  -0.824663
          2,  368,        683,        138,       10.1,        101,       5.05   ,  -0.796668
          2,  369,        632,        469,       10.1,        101,       5.05   ,   -1.11101
          2,  370,        926,        621,       10.1,        101,       5.05   ,  -0.900474
          2,  371,        244,        915,       10.1,        101,       5.05   ,    1.54498
          2,  372,        408,        833,       10.1,        101,       5.05   ,    0.36139
          2,  373,        576,        182,       10.1,        101,       5.05   ,    1.51779
          2,  374,        268,        590,       10.1,        101,       5.05   ,    0.72122
          2,  375,         32,        500,       10.1,        101,       5.05   ,  -0.691808
          2,  376,        875,        198,       10.1,        101,       5.05   ,    1.25073
          2,  377,         73,        434,       10.1,        101,       5.05   ,  -0.638388
          2,  378,        790,        655,       10.1,        101,       5.05   ,  -0.511003
          2,  379,        223,        368,       10.1,        101,       5.05   ,   0.984699
          2,  380,        389,        359,       10.1,        101,       5.05   ,   -1.29343
          2,  381,        933,         94,       10.1,        101,       5.05   ,   0.258841
          2,  382,        698,        323,       10.1,        101,       5.05   ,   0.920546
          2,  383,        820,        705,       10.1,        101,       5.05   ,  -0.663413
          2,  384,        556,        238,       10.1,        101,       5.05   ,  -0.148837
          2,  385,        848,        437,       10.1,        101,       5.05   ,   -1.05398
          2,  386,         80,        668,       10.1,        101,       5.05   ,  -0.344369
          2,  387,        831,        268,       10.1,        101,       5.05   ,   0.743644
          2,  388,        632,        344,       10.1,        101,       5.05   ,    1.42376
          2,  389,        944,        902,       10.1,        101,       5.05   ,   0.730244
          2,  390,        176,        725,       10.1,        101,       5.05   ,   -1.45704
          2,  391,        525,        275,       10.1,        101,       5.05   ,   -0.78099
          2,  392,        108,        103,       10.1,        101,       5.05   ,  -0.321265
          2,  393,        749,         36,       10.1,        101,       5.05   ,    1.54271
          2,  394,        981,        649,       10.1,        101,       5.05   ,    1.40625
          2,  395,        879,        888,       10.1,        101,       5.05   ,     -1.252
          2,  396,        399,        188,       10.1,        101,       5.05   ,   0.307343
          2,  397,        443,         75,       10.1,        101,       5.05   ,   -0.85004
          2,  398,        257,        376,       10.1,        101,       5.05   ,   0.634065
          2,  399,        305,        728,       10.1,        101,       5.05   ,   0.965199
          2,  400,         74,         61,       10.1,        101,       5.05   ,  -0.254463
          2,  401,        195,        814,       10.1,        101,       5.05   ,   -0.80447
          2,  402,        761,        737,       10.1,        101,       5.05   ,   -1.22781
          2,  403,        552,        925,       10.1,        101,       5.05   , -0.0627038
          2,  404,          6,        232,       10.1,        101,       5.05   ,  -0.993237
          2,  405,        205,        895,       10.1,        101,       5.05   ,    1.26967
          2,  406,        198,        844,       10.1,        101,       5.05   ,  -0.265054
          2,  407,         80,        354,       10.1,        101,       5.05   ,   0.923066
          2,  408,        682,        459,       10.1,        101,       5.05   ,     1.2502
          2,  409,        998,        114,       10.1,        101,       5.05   ,    1.35985
          2,  410,        348,        860,       10.1,        101,       5.05   ,  -0.910834
          2,  411,        149,        475,       10.1,        101,       5.05   ,   -1.51446
          2,  412,        115,        391,       10.1,        101,       5.05   , -0.0949463
          2,  413,        381,        752,       10.1,        101,       5.05   ,    1.19402
          2,  414,        663,        301,       10.1,        101,       5.05   ,  -0.958193
          2,  415,        878,        216,       10.1,        101,       5.05   ,  -0.690985
          2,  416,        969,        634,       10.1,        101,       5.05   ,   -1.18168
          2,  417,        857,         93,       10.1,        101,       5.05   ,  -0.175262
          2,  418,        391,        601,       10.1,        101,       5.05   ,      1.063
          2,  419,        921,        636,       10.1,        101,       5.05   ,   0.170175
          2,  420,        769,        446,       10.1,        101,       5.05   ,  -0.933276
          2,  421,        965,        507,       10.1,        101,       5.05   ,    -1.1045
          2,  422,        570,        119,       10.1,        101,       5.05   ,   0.269459
          2,  423,         42,        187,       10.1,        101,       5.05   , -0.0214606
          2,  424,        520,        651,       10.1,        101,       5.05   ,  -0.265509
          2,  425,        441,        980,       10.1,        101,       5.05   ,  -0.205116
          2,  426,         68,        210,       10.1,        101,       5.05   ,  -0.855077
          2,  427,        307,        868,       10.1,        101,       5.05   ,   -0.82708
          2,  428,        331,        945,       10.1,        101,       5.05   ,  -0.885618
          2,  429,        978,        548,       10.1,        101,       5.05   ,    1.01232
          2,  430,        491,        816,       10.1,        101,       5.05   , -0.0972768
          2,  431,        301,        285,       10.1,        101,       5.05   ,  -0.270473
          2,  432,        146,        818,       10.1,        101,       5.05   ,    1.41119
          2,  433,        420,        524,       10.1,        101,       5.05   ,   0.228601
          2,  434,        845,        668,       10.1,        101,       5.05   ,   -1.27709
          2,  435,        507,        362,       10.1,        101,       5.05   ,    1.36858
          2,  436,        861,         51,       10.1,        101,       5.05   ,  -0.375858
          2,  437,         79,        944,       10.1,        101,       5.05   ,   0.828846
          2,  438,        735,        135,       10.1,        101,       5.05   ,  0.0235094
          2,  439,        518,        776,       10.1,        101,       5.05   ,  -0.190198
          2,  440,        347,        349,       10.1,        101,       5.05   ,    1.04319
          2,  441,        177,        770,       10.1,        101,       5.05   ,    1.42118
          2,  442,         99,        764,       10.1,        101,       5.05   ,   -1.38324
          2,  443,        114,        840,       10.1,        101,       5.05   ,    0.36958
          2,  444,        277,        331,       10.1,        101,       5.05   ,    1.51186
          2,  445,        296,        100,       10.1,        101,       5.05   ,  -0.576266
          2,  446,        202,        315,       10.1,        101,       5.05   ,   -1.26424
          2,  447,        427,        700,       10.1,        101,       5.05   ,   0.392732
          2,  448,        174,        822,       10.1,        101,       5.05   ,   -1.09524
          2,  449,        397,        288,       10.1,        101,       5.05   ,   0.173012
          2,  450,        764,        506,       10.1,        101,       5.05   ,  -0.659343
          2,  451,        785,        541,       10.1,        101,       5.05   ,     1.0252
          2,  452,        417,        837,       10.1,        101,       5.05   ,   -1.51924
          2,  453,        365,        136,       10.1,        101,       5.05   ,   0.871971
          2,  454,        905,        336,       10.1,        101,       5.05   ,   0.373461
          2,  455,        716,        733,       10.1,        101,       5.05   ,  -0.946457
          2,  456,        474,        615,       10.1,        101,       5.05   ,   0.985288
          2,  457,        231,        759,       10.1,        101,       5.05   ,   -1.18877
          2,  458,        969,        500,       10.1,        101,       5.05   ,    1.23614
          2,  459,         34,        342,       10.1,        101,       5.05   ,   -1.01511
          2,  460,        802,        811,       10.1,        101,       5.05   ,  -0.660139
          2,  461,        918,        164,       10.1,        101,       5.05   ,   -1.18234
          2,  462,        251,        387,       10.1,        101,       5.05   ,  -0.259149
          2,  463,         62,        928,       10.1,        101,       5.05   ,  -0.311293
          2,  464,        193,        500,       10.1,        101,       5.05   ,   0.308233
          2,  465,        692,        680,       10.1,        101,       5.05   ,   0.793884
          2,  466,        327,        138,       10.1,        101,       5.05   ,   -0.59288
          2,  467,        524,        764,       10.1,        101,       5.05   ,   -0.57987
          2,  468,        837,        595,       10.1,        101,       5.05   ,    -1.5624
          2,  469,        580,        270,       10.1,        101,       5.05   ,   0.586304
          2,  470,        406,         57,       10.1,        101,       5.05   ,  -0.807997
          2,  471,        924,        691,       10.1,        101,       5.05   ,   -1.51328
          2,  472,        110,        985,       10.1,        101,       5.05   ,  -0.811073
          2,  473,        990,        772,       10.1,        101,       5.05   ,   0.296763
          2,  474,        904,        555,       10.1,        101,       5.05   ,  -0.662206
          2,  475,        428,        217,       10.1,        101,       5.05   ,    1.48112
          2,  476,        942,         62,       10.1,        101,       5.05   ,  -0.165686
          2,  477,        526,        468,       10.1,        101,       5.05   ,   -1.04851
          2,  478,        277,        787,       10.1,        101,       5.05   ,   0.600319
          2,  479,        733,        779,       10.1,        101,       5.05   ,   0.450629
          2,  480,        786,        369,       10.1,        101,       5.05   ,     1.1549
          2,  481,        470,         37,       10.1,        101,       5.05   ,   -0.60513
          2,  482,        313,        740,       10.1,        101,       5.05   , -0.0247994
          2,  483,         10,         76,       10.1,        101,       5.05   ,    1.30027
          2,  484,        925,        131,       10.1,        101,       5.05   ,   0.712893
          2,  485,        185,        632,       10.1,        101,       5.05   ,  0.0928799
          2,  486,        112,        449,       10.1,        101,       5.05   ,   0.447739
          2,  487,        436,         67,       10.1,        101,       5.05   ,  -0.483325
          2,  488,         77,        847,       10.1,        101,       5.05   ,   0.245777
          2,  489,        182,        835,       10.1,        101,       5.05   ,  -0.662724
          2,  490,          5,        764,       10.1,        101,       5.05   ,  -0.905924
          2,  491,        876,        347,       10.1,        101,       5.05   ,    1.24173
          2,  492,        224,        316,       10.1,        101,       5.05   ,  -0.691624
          2,  493,        474,        955,       10.1,        101,       5.05   ,   0.981119
          2,  494,         20,        464,       10.1,        101,       5.05   ,    1.51312
          2,  495,        127,        685,       10.1,        101,       5.05   ,  -0.177806
          2,  496,        374,        335,       10.1,        101,       5.05   ,   0.394643
          2,  497,        944,        640,       10.1,        101,       5.05   ,    1.56787
          2,  498,        669,        421,       10.1,        101,       5.05   ,     1.4973
          2,  499,        178,        695,       10.1,        101,       5.05   ,   0.684268
          2,  500,        319,        964,       10.1,        101,       5.05   ,   0.804669
          2,  501,        695,        612,       10.1,        101,       5.05   ,  -0.834421
          2,  502,         10,        331,       10.1,        101,       5.05   ,  -0.121401
          2,  503,        409,        970,       10.1,        101,       5.05   ,   0.262116
          2,  504,        844,        345,       10.1,        101,       5.05   ,   0.882152
          2,  505,        869,        448,       10.1,        101,       5.05   ,  -0.960338
          2,  506,        520,        807,       10.1,        101,       5.05   ,  0.0301437
          2,  507,        778,        371,       10.1,        101,       5.05   ,    1.36698
          2,  508,        379,        252,       10.1,        101,       5.05   ,   -1.17536
          2,  509,         82,        219,       10.1,        101,       5.05   ,   0.974379
          2,  510,        535,        756,       10.1,        101,       5.05   ,    1.42717
          2,  511,        687,        465,       10.1,        101,       5.05   ,   0.695237
          2,  512,        252,         24,       10.1,        101,       5.05   ,    -1.3231
          2,  513,        433,        248,       10.1,        101,       5.05   ,   -1.09153
          2,  514,        778,        728,       10.1,        101,       5.05   ,   -1.36866
          2,  515,        968,        160,       10.1,        101,       5.05   ,  -0.490853
          2,  516,        144,        511,       10.1,        101,       5.05   ,   -1.07695
          2,  517,        170,        603,       10.1,        101,       5.05   ,  -0.237039
          2,  518,        464,        629,       10.1,        101,       5.05   ,  -0.319638
          2,  519,        888,        842,       10.1,        101,       5.05   ,  -0.922801
          2,  520,        264,        262,       10.1,        101,       5.05   ,   0.266999
          2,  521,        277,        923,       10.1,        101,       5.05   ,    0.74371
          2,  522,        534,        974,       10.1,        101,       5.05   ,    1.19827
          2,  523,        200,        822,       10.1,        101,       5.05   ,   0.518198
          2,  524,        279,        417,       10.1,        101,       5.05   ,    0.22985
          2,  525,        628,        123,       10.1,        101,       5.05   ,   -1.15086
          2,  526,          6,        585,       10.1,        101,       5.05   ,    1.42458
          2,  527,        590,        474,       10.1,        101,       5.05   ,   -1.35406
          2,  528,        293,        986,       10.1,        101,       5.05   ,    1.35517
          2,  529,         20,        540,       10.1,        101,       5.05   ,  0.0563821
          2,  530,        797,        375,       10.1,        101,       5.05   ,   -1.13325
          2,  531,        511,        323,       10.1,        101,       5.05   ,   -1.40622
          2,  532,        794,        709,       10.1,        101,       5.05   ,    1.30395
          2,  533,        516,         30,       10.1,        101,       5.05   ,    1.00667
          2,  534,        879,        121,       10.1,        101,       5.05   ,   -1.45789
          2,  535,        312,        756,       10.1,        101,       5.05   ,  -0.571871
          2,  536,         68,        500,       10.1,        101,       5.05   ,  -0.298871
          2,  537,        338,        721,       10.1,        101,       5.05   ,   -0.89531
          2,  538,        137,        332,       10.1,        101,       5.05   ,  -0.698593
          2,  539,        244,        533,       10.1,        101,       5.05   ,  -0.499717
          2,  540,         94,        882,       10.1,        101,       5.05   ,   0.228782
          2,  541,         86,        947,       10.1,        101,       5.05   ,    0.36401
          2,  542,         46,        693,       10.1,        101,       5.05   ,   -1.46672
          2,  543,         62,          5,       10.1,        101,       5.05   ,   -1.20673
          2,  544,        920,        435,       10.1,        101,       5.05   ,    1.51531
          2,  545,        430,         49,       10.1,        101,       5.05   ,   0.967378
          2,  546,        220,        582,       10.1,        101,       5.05   ,    1.05672
          2,  547,        694,        608,       10.1,        101,       5.05   ,  -0.154088
          2,  548,        577,        986,       10.1,        101,       5.05   ,   0.410299
          2,  549,        753,        826,       10.1,        101,       5.05   ,   0.994455
          2,  550,        263,        748,       10.1,        101,       5.05   ,   -1.20464
          2,  551,        444,        233,       10.1,        101,       5.05   ,   0.175891
          2,  552,        212,        549,       10.1,        101,       5.05   ,   0.967636
          2,  553,        103,        237,       10.1,        101,       5.05   ,  -0.348767
          2,  554,        149,        756,       10.1,        101,       5.05   ,  -0.599616
          2,  555,        585,        564,       10.1,        101,       5.05   ,  -0.807576
          2,  556,        298,        511,       10.1,        101,       5.05   ,  -0.595617
          2,  557,        122,        285,       10.1,        101,       5.05   ,  -0.377278
          2,  558,         71,        654,       10.1,        101,       5.05   ,  -0.702451
          2,  559,        256,        201,       10.1,        101,       5.05   ,    0.35364
          2,  560,        213,        897,       10.1,        101,       5.05   ,   -1.09004
          2,  561,        406,         31,       10.1,        101,       5.05   ,  -0.731613
          2,  562,        869,        418,       10.1,        101,       5.05   ,    1.44559
          2,  563,        858,        111,       10.1,        101,       5.05   ,  -0.255429
          2,  564,        485,        327,       10.1,        101,       5.05   ,   -1.07771
          2,  565,        559,        767,       10.1,        101,       5.05   ,   0.712588
          2,  566,        113,        550,       10.1,        101,       5.05   ,   0.900777
          2,  567,        565,        123,       10.1,        101,       5.05   ,   0.978063
          2,  568,        365,         32,       10.1,        101,       5.05   ,   0.904119
          2,  569,        532,         29,       10.1,        101,       5.05   ,   0.754104
          2,  570,        408,        690,       10.1,        101,       5.05   ,   -1.07777
          2,  571,        121,        889,       10.1,        101,       5.05   ,  -0.238039
          2,  572,        563,        385,       10.1,        101,       5.05   ,  -0.358336
          2,  573,        477,        142,       10.1,        101,       5.05   ,   -1.49618
          2,  574,        895,        373,       10.1,        101,       5.05   ,5.28078e-05
          2,  575,        908,        352,       10.1,        101,       5.05   ,   0.899291
          2,  576,        811,        794,       10.1,        101,       5.05   ,   0.149772
          2,  577,        146,        935,       10.1,        101,       5.05   ,    1.17163
          2,  578,        988,        748,       10.1,        101,       5.05   ,    1.12739
          2,  579,        271,        987,       10.1,        101,       5.05   ,   0.746965
          2,  580,        241,        134,       10.1,        101,       5.05   ,   -1.10778
          2,  581,        209,        675,       10.1,        101,       5.05   ,  -0.512594
          2,  582,        262,        680,       10.1,        101,       5.05   ,  -0.153593
          2,  583,        758,        962,       10.1,        101,       5.05   ,  -0.234001
          2,  584,        953,        317,       10.1,        101,       5.05   ,   -1.06472
          2,  585,        350,         83,       10.1,        101,       5.05   ,   0.335611
          2,  586,        782,        792,       10.1,        101,       5.05   ,    1.56826
          2,  587,        252,        786,       10.1,        101,       5.05   ,   -1.47525
          2,  588,        845,        797,       10.1,        101,       5.05   ,    1.30283
          2,  589,        452,         95,       10.1,        101,       5.05   ,    1.18139
          2,  590,        158,         40,       10.1,        101,       5.05   ,    0.89302
          2,  591,         26,        312,       10.1,        101,       5.05   ,    1.36124
          2,  592,        862,        158,       10.1,        101,       5.05   ,   0.211413
          2,  593,        557,        408,       10.1,        101,       5.05   ,    1.30794
          2,  594,         78,         28,       10.1,        101,       5.05   ,   0.867296
          2,  595,        497,        704,       10.1,        101,       5.05   ,   -1.22159
          2,  596,        542,        718,       10.1,        101,       5.05   ,  -0.829456
          2,  597,        770,        137,       10.1,        101,       5.05   ,   -1.03262
          2,  598,         32,         89,       10.1,        101,       5.05   ,  -0.934281
          2,  599,        633,        740,       10.1,        101,       5.05   ,   0.694237
          2,  600,         77,        233,       10.1,        101,       5.05   ,  -0.332097
          2,  601,        919,        267,       10.1,        101,       5.05   ,  -0.204035
          2,  602,        659,        137,       10.1,        101,       5.05   ,  -0.679799
          2,  603,        217,        825,       10.1,        101,       5.05   ,  -0.763973
          2,  604,         66,        691,       10.1,        101,       5.05   ,    1.26485
          2,  605,         19,        181,       10.1,        101,       5.05   ,  -0.745285
          2,  606,        189,        410,       10.1,        101,       5.05   ,    1.29421
          2,  607,        205,        966,       10.1,        101,       5.05   ,   0.957998
          2,  608,        478,        187,       10.1,        101,       5.05   ,   -1.49265
          2,  609,         57,        311,       10.1,        101,       5.05   ,   0.951851
          2,  610,          8,        356,       10.1,        101,       5.05   ,    0.94013
          2,  611,        324,        641,       10.1,        101,       5.05   , -0.0995159
          2,  612,        474,        295,       10.1,        101,       5.05   ,  -0.220714
          2,  613,        499,        387,       10.1,        101,       5.05   ,   0.608745
          2,  614,        301,        744,       10.1,        101,       5.05   ,  -0.223544
          2,  615,        626,         12,       10.1,        101,       5.05   ,   0.257488
          2,  616,        159,        700,       10.1,        101,       5.05   ,  -0.158179
          2,  617,        847,        963,       10.1,        101,       5.05   , -0.0777032
          2,  618,        939,        612,       10.1,        101,       5.05   ,  -0.802845
          2,  619,        202,        609,       10.1,        101,       5.05   ,   -0.46415
          2,  620,        883,        319,       10.1,        101,       5.05   ,  -0.411063
          2,  621,         26,        218,       10.1,        101,       5.05   ,    0.45437
          2,  622,        674,         75,       10.1,        101,       5.05   ,  -0.113236
          2,  623,        134,        688,       10.1,        101,       5.05   ,     1.2515
          2,  624,        360,        742,       10.1,        101,       5.05   ,   -1.25738
          2,  625,        726,        244,       10.1,        101,       5.05   ,   0.107045
          2,  626,        160,        671,       10.1,        101,       5.05   ,   0.535302
          2,  627,        483,        202,       10.1,        101,       5.05   ,    1.50338
          2,  628,        872,        256,       10.1,        101,       5.05   ,   0.445325
          2,  629,        417,        320,       10.1,        101,       5.05   ,  -0.748921
          2,  630,        214,         76,       10.1,        101,       5.05   ,    1.35405
          2,  631,        386,        250,       10.1,        101,       5.05   ,  -0.105366
          2,  632,         34,        361,       10.1,        101,       5.05   ,  -0.567416
          2,  633,         50,        849,       10.1,        101,       5.05   ,   0.335357
          2,  634,         99,        478,       10.1,        101,       5.05   ,  -0.295729
          2,  635,        918,        765,       10.1,        101,       5.05   ,   -1.06081
          2,  636,        341,        975,       10.1,        101,       5.05   ,    1.42504
          2,  637,        152,        958,       10.1,        101,       5.05   ,   0.200064
          2,  638,        468,        804,       10.1,        101,       5.05   ,   0.615979
          2,  639,        370,        569,       10.1,        101,       5.05   ,   -1.10602
          2,  640,        727,        357,       10.1,        101,       5.05   ,   0.673238
          2,  641,        964,        435,       10.1,        101,       5.05   ,    1.24882
          2,  642,        380,        847,       10.1,        101,       5.05   ,   0.981603
          2,  643,        170,        629,       10.1,        101,       5.05   ,    1.25782
          2,  644,         43,         48,       10.1,        101,       5.05   ,   0.035056
          2,  645,        731,        328,       10.1,        101,       5.05   ,  -0.615539
          2,  646,         82,        904,       10.1,        101,       5.05   ,   0.724445
          2,  647,        974,        754,       10.1,        101,       5.05   ,   0.122689
          2,  648,        896,         77,       10.1,        101,       5.05   ,  -0.834888
          2,  649,        943,        820,       10.1,        101,       5.05   ,  -0.951864
          2,  650,        645,        341,       10.1,        101,       5.05   ,   0.297374
          2,  651,        634,        165,       10.1,        101,       5.05   ,   0.188718
          2,  652,         96,        544,       10.1,        101,       5.05   ,   0.764003
          2,  653,        491,        719,       10.1,        101,       5.05   ,  0.0593056
          2,  654,        143,        695,       10.1,        101,       5.05   ,    1.06872
          2,  655,        808,        100,       10.1,        101,       5.05   ,   0.809408
          2,  656,        842,         41,       10.1,        101,       5.05   , -0.0311029
          2,  657,        717,        126,       10.1,        101,       5.05   ,   0.794188
          2,  658,        113,        218,       10.1,        101,       5.05   ,   0.293683
          2,  659,        391,        113,       10.1,        101,       5.05   ,  -0.806463
          2,  660,        839,        671,       10.1,        101,       5.05   ,   0.914604
          2,  661,        194,        872,       10.1,        101,       5.05   ,   0.794614
          2,  662,        227,        729,       10.1,        101,       5.05   , 0.00343402
          2,  663,         52,        245,       10.1,        101,       5.05   ,   0.134265
          2,  664,        669,        435,       10.1,        101,       5.05   ,  -0.895093
          2,  665,        601,        940,       10.1,        101,       5.05   ,  -0.262547
          2,  666,         96,        275,       10.1,        101,       5.05   ,  -0.300368
          2,  667,        181,        216,       10.1,        101,       5.05   ,   -1.37815
          2,  668,        809,        856,       10.1,        101,       5.05   ,    1.34047
          2,  669,        859,        860,       10.1,        101,       5.05   ,  -0.813404
          2,  670,        287,         66,       10.1,        101,       5.05   ,  -0.384677
          2,  671,        775,        299,       10.1,        101,       5.05   ,    1.30925
          2,  672,        518,        724,       10.1,        101,       5.05   ,   -0.78269
          2,  673,        799,        626,       10.1,        101,       5.05   ,   -1.20972
          2,  674,        601,        860,       10.1,        101,       5.05   ,   0.462429
          2,  675,        995,        407,       10.1,        101,       5.05   ,  -0.056916
          2,  676,        827,        660,       10.1,        101,       5.05   ,   -0.10036
          2,  677,        424,        324,       10.1,        101,       5.05   , -0.0585177
          2,  678,        116,        726,       10.1,        101,       5.05   ,    -0.8704
------------------------------------------------------------------------------
Component[2] Total Sloped Parallelepiped = 678
Component[2] Real area in [1000x1000]= 0.323816%=
------------------------------------------------------------------------------
