Component 1 maximum area=0.326731 [on 1000x1000]
Component type: Ellipse
---------------------------------------------------------------------------------------
--------------|------- Center-----|----- dimensions---------|----------------------
component| id|    X       |     Y      |  Width/a     | height/b |   hoop   |   Slope   
---------------------------------------------------------------------------------------
          1,    1,        516,        429,       50.5,       50.5,      2.525   ,    1.43221
          1,    2,        214,        161,       50.5,       50.5,      2.525   ,  -0.489786
          1,    3,        731,        903,       50.5,       50.5,      2.525   ,   0.864716
          1,    4,        154,        685,       50.5,       50.5,      2.525   , -0.0432276
          1,    5,        976,        684,       50.5,       50.5,      2.525   ,   0.891161
          1,    6,        234,        121,       50.5,       50.5,      2.525   , -0.0460649
          1,    7,        633,        175,       50.5,       50.5,      2.525   ,   0.558244
          1,    8,        115,        473,       50.5,       50.5,      2.525   ,  -0.440863
          1,    9,        103,        459,       50.5,       50.5,      2.525   ,  -0.263621
          1,   10,        842,        613,       50.5,       50.5,      2.525   ,    1.31486
          1,   11,        336,        425,       50.5,       50.5,      2.525   ,  0.0832086
          1,   12,        510,        134,       50.5,       50.5,      2.525   ,    1.47266
          1,   13,        484,         69,       50.5,       50.5,      2.525   ,   0.557261
          1,   14,        957,        277,       50.5,       50.5,      2.525   ,   -1.55826
          1,   15,        581,        699,       50.5,       50.5,      2.525   ,   0.676172
          1,   16,        452,        755,       50.5,       50.5,      2.525   ,  -0.632098
          1,   17,        115,        635,       50.5,       50.5,      2.525   ,  -0.849249
          1,   18,        795,        337,       50.5,       50.5,      2.525   ,    1.41435
          1,   19,        353,        775,       50.5,       50.5,      2.525   ,   -1.03905
          1,   20,        973,        455,       50.5,       50.5,      2.525   ,   0.414146
          1,   21,        874,        680,       50.5,       50.5,      2.525   ,    1.31179
          1,   22,        308,        401,       50.5,       50.5,      2.525   ,   0.846632
          1,   23,        414,        129,       50.5,       50.5,      2.525   ,   0.509129
          1,   24,        635,        621,       50.5,       50.5,      2.525   ,    1.51229
          1,   25,        285,        968,       50.5,       50.5,      2.525   ,  -0.728327
          1,   26,        196,        362,       50.5,       50.5,      2.525   ,    0.64346
          1,   27,        249,        401,       50.5,       50.5,      2.525   ,    1.49565
          1,   28,        854,        495,       50.5,       50.5,      2.525   ,   -1.04908
          1,   29,          7,        450,       50.5,       50.5,      2.525   ,  -0.802105
          1,   30,         24,        873,       50.5,       50.5,      2.525   ,  -0.111838
          1,   31,        626,        595,       50.5,       50.5,      2.525   ,   0.467034
          1,   32,        903,        287,       50.5,       50.5,      2.525   ,    1.51924
          1,   33,        981,        750,       50.5,       50.5,      2.525   ,   0.870508
          1,   34,        469,        812,       50.5,       50.5,      2.525   ,   -1.47908
          1,   35,        710,        850,       50.5,       50.5,      2.525   ,      1.269
          1,   36,        221,        542,       50.5,       50.5,      2.525   ,   0.243799
          1,   37,        129,        508,       50.5,       50.5,      2.525   ,   -1.13435
          1,   38,        521,        423,       50.5,       50.5,      2.525   ,   0.519414
          1,   39,        905,        494,       50.5,       50.5,      2.525   ,  -0.797616
          1,   40,        805,        944,       50.5,       50.5,      2.525   ,  -0.193288
          1,   41,        753,        190,       50.5,       50.5,      2.525   ,   0.326416
          1,   42,        340,        631,       50.5,       50.5,      2.525   ,   -1.22331
          1,   43,        721,        552,       50.5,       50.5,      2.525   ,    1.09971
          1,   44,        537,        813,       50.5,       50.5,      2.525   ,   -1.41872
          1,   45,        901,        478,       50.5,       50.5,      2.525   ,    1.19254
          1,   46,        950,        859,       50.5,       50.5,      2.525   ,   -1.27777
          1,   47,        874,        293,       50.5,       50.5,      2.525   ,  -0.828025
          1,   48,        121,        328,       50.5,       50.5,      2.525   ,   -1.15421
          1,   49,        496,        833,       50.5,       50.5,      2.525   ,    0.48241
          1,   50,        824,        577,       50.5,       50.5,      2.525   ,   -1.42884
          1,   51,        156,        872,       50.5,       50.5,      2.525   ,   0.646259
          1,   52,        337,         36,       50.5,       50.5,      2.525   ,   -1.56174
          1,   53,          3,        794,       50.5,       50.5,      2.525   ,   0.165298
------------------------------------------------------------------------------
Component[1] Total Ellipsoids = 53