Component 2 maximum area=0.323322 [on 1000x1000]
Component type: Sloped rectangle
---------------------------------------------------------------------------------------
--------------|------- Center-----|----- dimensions---------|----------------------
component| id|    X       |     Y      |  Width/a     | height/b |   hoop   |   Slope   
---------------------------------------------------------------------------------------
          2,    1,        518,        469,       10.1,        101,       5.05   ,   -1.52115
          2,    2,        672,        138,       10.1,        101,       5.05   ,   -1.01294
          2,    3,        589,        227,       10.1,        101,       5.05   ,   0.607603
          2,    4,        381,        622,       10.1,        101,       5.05   ,  -0.318258
          2,    5,        287,         73,       10.1,        101,       5.05   ,  -0.313148
          2,    6,        790,        535,       10.1,        101,       5.05   ,   -0.64007
          2,    7,        365,        969,       10.1,        101,       5.05   ,   -1.55661
          2,    8,        513,        153,       10.1,        101,       5.05   ,   -1.37292
          2,    9,        212,         66,       10.1,        101,       5.05   ,     1.3529
          2,   10,        180,        484,       10.1,        101,       5.05   ,   -1.09915
          2,   11,        228,        571,       10.1,        101,       5.05   ,   0.304791
          2,   12,        616,        793,       10.1,        101,       5.05   ,  -0.348134
          2,   13,        499,        113,       10.1,        101,       5.05   ,  -0.829298
          2,   14,        668,        833,       10.1,        101,       5.05   ,   -1.56292
          2,   15,        310,        721,       10.1,        101,       5.05   ,   0.189172
          2,   16,        128,        251,       10.1,        101,       5.05   ,    1.18347
          2,   17,        730,        109,       10.1,        101,       5.05   ,    1.29093
          2,   18,        481,        584,       10.1,        101,       5.05   ,   0.485591
          2,   19,        529,        711,       10.1,        101,       5.05   ,    1.37961
          2,   20,        775,        372,       10.1,        101,       5.05   ,  -0.012054
          2,   21,        680,        833,       10.1,        101,       5.05   ,    0.71496
          2,   22,        902,        164,       10.1,        101,       5.05   ,   0.588352
          2,   23,        939,         41,       10.1,        101,       5.05   ,    1.39501
          2,   24,        267,        341,       10.1,        101,       5.05   ,  -0.756418
          2,   25,        300,        176,       10.1,        101,       5.05   ,  -0.813631
          2,   26,        687,        124,       10.1,        101,       5.05   ,   0.820203
          2,   27,        586,        554,       10.1,        101,       5.05   ,     1.4597
          2,   28,        236,        275,       10.1,        101,       5.05   ,   -1.50994
          2,   29,        920,        912,       10.1,        101,       5.05   ,  -0.717479
          2,   30,        359,        988,       10.1,        101,       5.05   ,     1.2863
          2,   31,        456,        899,       10.1,        101,       5.05   ,   0.865872
          2,   32,        976,         30,       10.1,        101,       5.05   ,    1.45604
          2,   33,        482,        415,       10.1,        101,       5.05   ,    0.19915
          2,   34,        718,        391,       10.1,        101,       5.05   ,    1.22692
          2,   35,        134,        400,       10.1,        101,       5.05   ,   0.152876
          2,   36,        170,         56,       10.1,        101,       5.05   ,  -0.947665
          2,   37,        852,         76,       10.1,        101,       5.05   ,  -0.403009
          2,   38,        998,         60,       10.1,        101,       5.05   ,   0.591714
          2,   39,        757,         42,       10.1,        101,       5.05   ,  -0.985567
          2,   40,        760,        742,       10.1,        101,       5.05   ,   0.321104
          2,   41,        537,        452,       10.1,        101,       5.05   ,   0.494023
          2,   42,        908,         44,       10.1,        101,       5.05   ,    1.14884
          2,   43,        176,        840,       10.1,        101,       5.05   ,  0.0392073
          2,   44,        415,         36,       10.1,        101,       5.05   ,  0.0518925
          2,   45,        398,        478,       10.1,        101,       5.05   ,   0.732564
          2,   46,        354,        676,       10.1,        101,       5.05   ,   -1.03094
          2,   47,        240,        793,       10.1,        101,       5.05   ,  -0.378676
          2,   48,        324,        845,       10.1,        101,       5.05   ,   -1.38943
          2,   49,        509,        505,       10.1,        101,       5.05   ,    1.18794
          2,   50,        272,         72,       10.1,        101,       5.05   ,    1.02649
          2,   51,        659,        565,       10.1,        101,       5.05   ,   -1.15685
          2,   52,        403,         16,       10.1,        101,       5.05   ,   0.364851
          2,   53,        253,        574,       10.1,        101,       5.05   ,  -0.687736
          2,   54,        282,        378,       10.1,        101,       5.05   ,   0.776175
          2,   55,         50,        584,       10.1,        101,       5.05   ,   0.539728
          2,   56,        732,        646,       10.1,        101,       5.05   ,   0.774607
          2,   57,         33,        587,       10.1,        101,       5.05   ,   -1.06528
          2,   58,         86,        698,       10.1,        101,       5.05   ,    -0.4553
          2,   59,         25,        915,       10.1,        101,       5.05   ,    1.37804
          2,   60,        659,        134,       10.1,        101,       5.05   ,  -0.150943
          2,   61,        431,        728,       10.1,        101,       5.05   ,   0.928278
          2,   62,        584,        500,       10.1,        101,       5.05   ,    0.60088
          2,   63,        124,         90,       10.1,        101,       5.05   ,  -0.339323
          2,   64,        866,        586,       10.1,        101,       5.05   ,   0.461696
          2,   65,        285,        420,       10.1,        101,       5.05   ,   -1.09141
          2,   66,        884,        650,       10.1,        101,       5.05   ,   0.108715
          2,   67,        814,        144,       10.1,        101,       5.05   ,    1.13929
          2,   68,        816,        986,       10.1,        101,       5.05   ,  -0.282044
          2,   69,        919,        412,       10.1,        101,       5.05   ,   -1.34106
          2,   70,        895,        830,       10.1,        101,       5.05   ,  -0.265176
          2,   71,        760,        708,       10.1,        101,       5.05   ,  0.0597272
          2,   72,        398,        921,       10.1,        101,       5.05   ,    1.23859
          2,   73,        867,        937,       10.1,        101,       5.05   ,  0.0134656
          2,   74,        899,        746,       10.1,        101,       5.05   , -0.0251625
          2,   75,        440,        337,       10.1,        101,       5.05   ,   -1.51959
          2,   76,        341,        798,       10.1,        101,       5.05   ,   -1.47825
          2,   77,        990,        887,       10.1,        101,       5.05   ,   0.426943
          2,   78,        679,        773,       10.1,        101,       5.05   ,   0.115995
          2,   79,        823,        518,       10.1,        101,       5.05   ,  -0.285911
          2,   80,        828,        447,       10.1,        101,       5.05   ,   0.338311
          2,   81,        567,        938,       10.1,        101,       5.05   ,  -0.326109
          2,   82,        367,        983,       10.1,        101,       5.05   ,   0.187348
          2,   83,        491,        269,       10.1,        101,       5.05   ,    1.51185
          2,   84,        161,        393,       10.1,        101,       5.05   ,   0.509727
          2,   85,         87,         29,       10.1,        101,       5.05   ,   -1.17424
          2,   86,        654,        677,       10.1,        101,       5.05   ,   -1.03968
          2,   87,        211,        197,       10.1,        101,       5.05   ,   0.742031
          2,   88,        909,        701,       10.1,        101,       5.05   ,   -1.01613
          2,   89,        567,        256,       10.1,        101,       5.05   ,   0.189813
          2,   90,        260,        393,       10.1,        101,       5.05   ,   -1.04281
          2,   91,        173,        744,       10.1,        101,       5.05   ,  0.0282616
          2,   92,        998,        619,       10.1,        101,       5.05   ,     1.2141
          2,   93,          9,        483,       10.1,        101,       5.05   ,    1.11399
          2,   94,        370,        634,       10.1,        101,       5.05   ,    1.15951
          2,   95,        922,         33,       10.1,        101,       5.05   ,   0.536719
          2,   96,        933,        992,       10.1,        101,       5.05   ,   0.412516
          2,   97,        253,         41,       10.1,        101,       5.05   ,      1.544
          2,   98,         20,        288,       10.1,        101,       5.05   ,   0.557439
          2,   99,        293,        295,       10.1,        101,       5.05   ,  -0.150778
          2,  100,        286,        652,       10.1,        101,       5.05   ,    -1.4864
          2,  101,        379,        832,       10.1,        101,       5.05   ,   0.335233
          2,  102,        570,        400,       10.1,        101,       5.05   ,  0.0312258
          2,  103,        151,        953,       10.1,        101,       5.05   ,   0.976101
          2,  104,        947,        953,       10.1,        101,       5.05   ,   0.529391
          2,  105,        953,        888,       10.1,        101,       5.05   ,    1.15682
          2,  106,        541,        327,       10.1,        101,       5.05   ,   0.390293
          2,  107,         25,        537,       10.1,        101,       5.05   ,   0.147165
          2,  108,        433,        498,       10.1,        101,       5.05   ,  -0.829656
          2,  109,        807,        455,       10.1,        101,       5.05   ,  -0.870389
          2,  110,        458,        500,       10.1,        101,       5.05   ,    -1.4407
          2,  111,        327,        953,       10.1,        101,       5.05   ,  -0.502761
          2,  112,        491,        101,       10.1,        101,       5.05   ,   0.902724
          2,  113,        796,        106,       10.1,        101,       5.05   ,  -0.897329
          2,  114,         73,        138,       10.1,        101,       5.05   ,   0.343465
          2,  115,        212,        571,       10.1,        101,       5.05   ,  0.0455006
          2,  116,         95,        328,       10.1,        101,       5.05   ,    1.46249
          2,  117,        133,        442,       10.1,        101,       5.05   ,  -0.307799
          2,  118,        644,        191,       10.1,        101,       5.05   ,  -0.356146
          2,  119,        863,        960,       10.1,        101,       5.05   ,   0.618298
          2,  120,        796,        372,       10.1,        101,       5.05   ,  -0.246409
          2,  121,        923,        308,       10.1,        101,       5.05   ,  -0.615913
          2,  122,        132,        529,       10.1,        101,       5.05   ,  -0.520529
          2,  123,        838,        289,       10.1,        101,       5.05   ,    1.46548
          2,  124,        357,         60,       10.1,        101,       5.05   ,   -0.90331
          2,  125,        569,         28,       10.1,        101,       5.05   ,   -1.40902
          2,  126,        506,        565,       10.1,        101,       5.05   ,    1.43782
          2,  127,        305,        992,       10.1,        101,       5.05   ,  -0.215454
          2,  128,        566,        356,       10.1,        101,       5.05   ,   0.967475
          2,  129,        835,        641,       10.1,        101,       5.05   ,    1.51138
          2,  130,         35,        232,       10.1,        101,       5.05   ,   -1.47524
          2,  131,        308,        738,       10.1,        101,       5.05   ,  -0.323399
          2,  132,        877,        586,       10.1,        101,       5.05   ,     1.2291
          2,  133,        203,        823,       10.1,        101,       5.05   ,   0.340684
          2,  134,        417,        729,       10.1,        101,       5.05   ,  -0.104955
          2,  135,        590,        953,       10.1,        101,       5.05   ,  -0.918639
          2,  136,          9,         20,       10.1,        101,       5.05   ,  -0.524396
          2,  137,        206,        157,       10.1,        101,       5.05   ,  -0.971912
          2,  138,         34,        288,       10.1,        101,       5.05   ,   -1.07079
          2,  139,        343,        948,       10.1,        101,       5.05   , 0.00920488
          2,  140,         33,        160,       10.1,        101,       5.05   ,  -0.964781
          2,  141,        632,        291,       10.1,        101,       5.05   ,    0.52893
          2,  142,        325,        574,       10.1,        101,       5.05   ,   0.275448
          2,  143,        627,        344,       10.1,        101,       5.05   ,   -1.21814
          2,  144,        523,        143,       10.1,        101,       5.05   ,   -1.04976
          2,  145,        946,        956,       10.1,        101,       5.05   ,     1.2864
          2,  146,        430,        569,       10.1,        101,       5.05   ,   0.756267
          2,  147,        451,        360,       10.1,        101,       5.05   ,    1.42172
          2,  148,        414,        222,       10.1,        101,       5.05   , -0.0516219
          2,  149,        325,        590,       10.1,        101,       5.05   ,  -0.128751
          2,  150,        599,        211,       10.1,        101,       5.05   ,   0.744964
          2,  151,        714,        441,       10.1,        101,       5.05   ,   -1.29644
          2,  152,        413,        856,       10.1,        101,       5.05   ,  -0.241646
          2,  153,        681,        340,       10.1,        101,       5.05   ,   0.248683
          2,  154,        272,        529,       10.1,        101,       5.05   ,    1.19454
          2,  155,        315,        631,       10.1,        101,       5.05   ,    1.23317
          2,  156,        243,         45,       10.1,        101,       5.05   ,   -0.13316
          2,  157,        778,        935,       10.1,        101,       5.05   ,    1.42448
          2,  158,        194,        417,       10.1,        101,       5.05   ,    0.77168
          2,  159,        461,        337,       10.1,        101,       5.05   ,    1.33941
          2,  160,        294,        720,       10.1,        101,       5.05   ,   -1.09714
          2,  161,        667,        708,       10.1,        101,       5.05   ,  0.0253089
          2,  162,        977,        283,       10.1,        101,       5.05   ,  -0.316974
          2,  163,        958,        465,       10.1,        101,       5.05   ,   -1.16123
          2,  164,        506,        168,       10.1,        101,       5.05   ,   0.828722
          2,  165,        451,        438,       10.1,        101,       5.05   ,  -0.305112
          2,  166,         51,        247,       10.1,        101,       5.05   ,  -0.256155
          2,  167,        769,        598,       10.1,        101,       5.05   ,    1.39051
          2,  168,        330,        586,       10.1,        101,       5.05   ,    1.05989
          2,  169,        369,        356,       10.1,        101,       5.05   ,   -1.12787
          2,  170,        725,        287,       10.1,        101,       5.05   ,    1.36164
          2,  171,        185,        272,       10.1,        101,       5.05   ,     1.1192
          2,  172,        134,        510,       10.1,        101,       5.05   ,   -1.23426
          2,  173,        492,        705,       10.1,        101,       5.05   ,    -1.1025
          2,  174,        382,        390,       10.1,        101,       5.05   ,   -1.12574
          2,  175,        106,        335,       10.1,        101,       5.05   ,  -0.159039
          2,  176,        618,        485,       10.1,        101,       5.05   ,  -0.447663
          2,  177,        656,         68,       10.1,        101,       5.05   ,    1.47771
          2,  178,        896,        993,       10.1,        101,       5.05   ,    1.03572
          2,  179,        605,        338,       10.1,        101,       5.05   ,   -0.33206
          2,  180,        148,        789,       10.1,        101,       5.05   ,    1.44751
          2,  181,        652,        949,       10.1,        101,       5.05   ,    1.07959
          2,  182,        130,        129,       10.1,        101,       5.05   ,   -1.12698
          2,  183,        165,        634,       10.1,        101,       5.05   ,   -1.17322
          2,  184,        740,        755,       10.1,        101,       5.05   ,   0.515476
          2,  185,        901,        415,       10.1,        101,       5.05   ,  -0.839333
          2,  186,         45,        570,       10.1,        101,       5.05   ,  -0.452014
          2,  187,        124,        854,       10.1,        101,       5.05   ,  -0.177397
          2,  188,        863,        430,       10.1,        101,       5.05   ,    1.31397
          2,  189,        273,        328,       10.1,        101,       5.05   ,    1.26859
          2,  190,        411,         18,       10.1,        101,       5.05   ,    -1.0501
          2,  191,        464,        504,       10.1,        101,       5.05   ,  -0.785478
          2,  192,        862,        360,       10.1,        101,       5.05   ,   -1.34848
          2,  193,        362,        503,       10.1,        101,       5.05   ,   -1.52276
          2,  194,        917,        771,       10.1,        101,       5.05   ,   0.487962
          2,  195,        883,        418,       10.1,        101,       5.05   ,   0.181122
          2,  196,        643,        280,       10.1,        101,       5.05   ,   -1.56033
          2,  197,        473,        121,       10.1,        101,       5.05   ,  -0.974915
          2,  198,        189,        910,       10.1,        101,       5.05   ,  -0.659397
          2,  199,        441,        223,       10.1,        101,       5.05   ,     1.3274
          2,  200,        633,         70,       10.1,        101,       5.05   ,    1.47674
          2,  201,        353,        979,       10.1,        101,       5.05   ,  -0.737453
          2,  202,        407,         58,       10.1,        101,       5.05   ,   0.202186
          2,  203,        382,        327,       10.1,        101,       5.05   ,   0.506219
          2,  204,        151,        886,       10.1,        101,       5.05   ,   0.974307
          2,  205,        407,        267,       10.1,        101,       5.05   ,    1.49679
          2,  206,        172,        762,       10.1,        101,       5.05   ,    1.26992
          2,  207,        514,        163,       10.1,        101,       5.05   ,   -1.37908
          2,  208,        141,        864,       10.1,        101,       5.05   ,  -0.577626
          2,  209,        351,        475,       10.1,        101,       5.05   ,    1.48199
          2,  210,        132,        742,       10.1,        101,       5.05   ,  -0.270758
          2,  211,        629,        867,       10.1,        101,       5.05   ,   0.496018
          2,  212,        150,        104,       10.1,        101,       5.05   ,   -1.49475
          2,  213,        940,        304,       10.1,        101,       5.05   ,    1.09768
          2,  214,         91,        847,       10.1,        101,       5.05   ,   -1.43765
          2,  215,        981,        422,       10.1,        101,       5.05   ,   -1.42485
          2,  216,        206,        638,       10.1,        101,       5.05   ,   -1.50837
          2,  217,        464,         55,       10.1,        101,       5.05   ,  -0.471325
          2,  218,        387,        301,       10.1,        101,       5.05   ,   0.803659
          2,  219,        396,        709,       10.1,        101,       5.05   ,    1.27479
          2,  220,        440,        859,       10.1,        101,       5.05   ,    1.13955
          2,  221,        367,        294,       10.1,        101,       5.05   ,   0.457606
          2,  222,        762,        576,       10.1,        101,       5.05   ,   0.465057
          2,  223,        576,        415,       10.1,        101,       5.05   ,   -1.11037
          2,  224,        302,        980,       10.1,        101,       5.05   ,   0.851269
          2,  225,        700,        840,       10.1,        101,       5.05   ,  -0.127237
          2,  226,        123,        917,       10.1,        101,       5.05   ,    1.07371
          2,  227,         13,        605,       10.1,        101,       5.05   ,   0.555018
          2,  228,        682,         92,       10.1,        101,       5.05   ,  -0.448495
          2,  229,        439,        218,       10.1,        101,       5.05   ,    1.42122
          2,  230,        770,         68,       10.1,        101,       5.05   ,   0.666065
          2,  231,        311,        702,       10.1,        101,       5.05   ,  -0.156557
          2,  232,        550,        695,       10.1,        101,       5.05   ,   0.119073
          2,  233,        682,        354,       10.1,        101,       5.05   ,   0.136924
          2,  234,        936,        564,       10.1,        101,       5.05   ,    1.17721
          2,  235,        170,        936,       10.1,        101,       5.05   ,   -1.52266
          2,  236,        623,        335,       10.1,        101,       5.05   ,  -0.781688
          2,  237,        160,        708,       10.1,        101,       5.05   ,     1.0767
          2,  238,        646,         81,       10.1,        101,       5.05   ,   0.848525
          2,  239,        338,        537,       10.1,        101,       5.05   ,   0.756873
          2,  240,        852,        112,       10.1,        101,       5.05   ,   -1.02813
          2,  241,        683,        658,       10.1,        101,       5.05   ,    1.09966
          2,  242,        365,        304,       10.1,        101,       5.05   ,    1.20008
          2,  243,        713,        500,       10.1,        101,       5.05   ,   0.788813
          2,  244,        273,        355,       10.1,        101,       5.05   ,  -0.114763
          2,  245,        526,        530,       10.1,        101,       5.05   ,   0.376094
          2,  246,        936,        315,       10.1,        101,       5.05   , 0.00638557
          2,  247,        435,         63,       10.1,        101,       5.05   ,     1.0281
          2,  248,        476,        286,       10.1,        101,       5.05   ,     -1.092
          2,  249,        231,        695,       10.1,        101,       5.05   ,   -1.24763
          2,  250,        719,        443,       10.1,        101,       5.05   ,  -0.251091
          2,  251,        100,        840,       10.1,        101,       5.05   ,  -0.516621
          2,  252,         25,        686,       10.1,        101,       5.05   ,  -0.471327
          2,  253,        791,        287,       10.1,        101,       5.05   ,    0.58928
          2,  254,        253,        549,       10.1,        101,       5.05   ,    1.55621
          2,  255,        364,        596,       10.1,        101,       5.05   ,   -1.41853
          2,  256,          5,        763,       10.1,        101,       5.05   ,  -0.704627
          2,  257,        293,        131,       10.1,        101,       5.05   ,   -0.87192
          2,  258,        977,        953,       10.1,        101,       5.05   ,   -1.46974
          2,  259,        891,        322,       10.1,        101,       5.05   ,  -0.280078
          2,  260,        628,        254,       10.1,        101,       5.05   ,   -1.14073
          2,  261,        969,        876,       10.1,        101,       5.05   ,   0.381647
          2,  262,        936,        635,       10.1,        101,       5.05   ,   -1.24345
          2,  263,        245,        535,       10.1,        101,       5.05   ,   0.959985
          2,  264,        410,        455,       10.1,        101,       5.05   ,   0.840927
          2,  265,        900,        293,       10.1,        101,       5.05   ,   -1.17378
          2,  266,        359,         29,       10.1,        101,       5.05   ,   -1.46194
          2,  267,        600,         59,       10.1,        101,       5.05   ,   0.795787
          2,  268,        372,        639,       10.1,        101,       5.05   ,   -1.41125
          2,  269,         56,        344,       10.1,        101,       5.05   ,   0.969577
          2,  270,        164,        859,       10.1,        101,       5.05   ,    -1.2207
          2,  271,        611,        836,       10.1,        101,       5.05   ,   0.432195
          2,  272,        290,        564,       10.1,        101,       5.05   ,   0.405975
          2,  273,        802,        221,       10.1,        101,       5.05   ,    1.28515
          2,  274,        548,        228,       10.1,        101,       5.05   ,    0.59128
          2,  275,         93,        696,       10.1,        101,       5.05   ,  -0.320872
          2,  276,         34,         13,       10.1,        101,       5.05   ,   0.990413
          2,  277,        870,        194,       10.1,        101,       5.05   ,  -0.170622
          2,  278,        803,        399,       10.1,        101,       5.05   ,  -0.757156
          2,  279,         73,        742,       10.1,        101,       5.05   ,  -0.249749
          2,  280,        648,        978,       10.1,        101,       5.05   ,    1.45811
          2,  281,        766,        376,       10.1,        101,       5.05   ,   -1.17082
          2,  282,        348,        252,       10.1,        101,       5.05   ,  -0.141542
          2,  283,        289,        367,       10.1,        101,       5.05   ,  -0.784111
          2,  284,        203,        527,       10.1,        101,       5.05   ,    1.44212
          2,  285,        626,        451,       10.1,        101,       5.05   ,  -0.816144
          2,  286,        569,        944,       10.1,        101,       5.05   ,   -1.46982
          2,  287,        718,         16,       10.1,        101,       5.05   ,  -0.656299
          2,  288,        141,        775,       10.1,        101,       5.05   ,   0.961782
          2,  289,        226,        217,       10.1,        101,       5.05   ,    1.04602
          2,  290,        253,         41,       10.1,        101,       5.05   ,    1.05892
          2,  291,        328,        525,       10.1,        101,       5.05   ,   -1.16596
          2,  292,        948,        648,       10.1,        101,       5.05   ,    1.03183
          2,  293,        462,        358,       10.1,        101,       5.05   ,  -0.801948
          2,  294,        355,        325,       10.1,        101,       5.05   ,   0.995819
          2,  295,        558,        162,       10.1,        101,       5.05   ,  -0.949165
          2,  296,        626,         42,       10.1,        101,       5.05   ,  -0.564495
          2,  297,        934,        306,       10.1,        101,       5.05   ,   0.342902
          2,  298,        921,        893,       10.1,        101,       5.05   ,  -0.386277
          2,  299,        847,        559,       10.1,        101,       5.05   ,   0.297711
          2,  300,        867,         68,       10.1,        101,       5.05   ,  -0.370111
          2,  301,        929,        296,       10.1,        101,       5.05   ,    1.38781
          2,  302,        182,         74,       10.1,        101,       5.05   ,    1.10717
          2,  303,        824,        299,       10.1,        101,       5.05   ,    1.56207
          2,  304,         36,        594,       10.1,        101,       5.05   ,  -0.819552
          2,  305,        374,        219,       10.1,        101,       5.05   ,     1.3363
          2,  306,        114,        311,       10.1,        101,       5.05   ,    1.53202
          2,  307,        944,        728,       10.1,        101,       5.05   ,   0.688873
          2,  308,        157,        366,       10.1,        101,       5.05   , -0.0383749
          2,  309,        294,        854,       10.1,        101,       5.05   ,    1.38673
          2,  310,        926,         78,       10.1,        101,       5.05   ,   -1.54106
          2,  311,        187,        378,       10.1,        101,       5.05   ,   0.120208
          2,  312,        619,        303,       10.1,        101,       5.05   ,   0.256964
          2,  313,        234,        991,       10.1,        101,       5.05   ,  -0.306774
          2,  314,        344,        856,       10.1,        101,       5.05   ,    1.37707
          2,  315,        380,        238,       10.1,        101,       5.05   ,    1.12031
          2,  316,        622,        199,       10.1,        101,       5.05   ,   0.489931
          2,  317,        703,        354,       10.1,        101,       5.05   ,    1.25644
          2,  318,        186,        127,       10.1,        101,       5.05   ,  -0.600755
          2,  319,        484,        749,       10.1,        101,       5.05   ,   0.824163
          2,  320,        915,        474,       10.1,        101,       5.05   ,    1.20733
          2,  321,        695,        418,       10.1,        101,       5.05   ,  -0.273975
          2,  322,        668,        542,       10.1,        101,       5.05   ,  -0.724614
          2,  323,        262,        821,       10.1,        101,       5.05   ,  -0.759753
          2,  324,        805,         91,       10.1,        101,       5.05   ,  -0.470642
          2,  325,         37,        597,       10.1,        101,       5.05   ,   -1.53186
          2,  326,        306,         24,       10.1,        101,       5.05   ,  -0.470279
          2,  327,         14,        977,       10.1,        101,       5.05   ,   -1.04737
          2,  328,        444,        894,       10.1,        101,       5.05   ,   -1.24037
          2,  329,        279,        285,       10.1,        101,       5.05   ,    1.22347
          2,  330,          8,        503,       10.1,        101,       5.05   ,  -0.689361
          2,  331,        968,        341,       10.1,        101,       5.05   ,   0.418419
          2,  332,        201,        450,       10.1,        101,       5.05   ,     1.0968
          2,  333,        122,        989,       10.1,        101,       5.05   ,   0.915987
          2,  334,        352,        411,       10.1,        101,       5.05   ,  -0.453817
          2,  335,        826,        450,       10.1,        101,       5.05   ,   0.970287
          2,  336,        103,        901,       10.1,        101,       5.05   ,   0.319606
          2,  337,         65,        374,       10.1,        101,       5.05   ,  -0.912161
          2,  338,        562,         56,       10.1,        101,       5.05   ,   -1.12415
          2,  339,         50,        414,       10.1,        101,       5.05   ,   0.951133
          2,  340,        483,        605,       10.1,        101,       5.05   ,    1.36899
          2,  341,        736,        335,       10.1,        101,       5.05   ,    0.19618
          2,  342,         70,        341,       10.1,        101,       5.05   ,   0.584384
          2,  343,        245,        432,       10.1,        101,       5.05   ,  -0.618337
          2,  344,        991,        772,       10.1,        101,       5.05   ,   0.790494
          2,  345,        206,        675,       10.1,        101,       5.05   ,   -1.55101
          2,  346,        752,        352,       10.1,        101,       5.05   ,    1.43261
          2,  347,        818,        492,       10.1,        101,       5.05   ,    1.53927
          2,  348,        329,        604,       10.1,        101,       5.05   ,   0.144616
          2,  349,        246,        731,       10.1,        101,       5.05   ,    1.06603
          2,  350,        601,        516,       10.1,        101,       5.05   ,   0.200298
          2,  351,        793,        938,       10.1,        101,       5.05   ,    1.49415
          2,  352,        987,        212,       10.1,        101,       5.05   ,   0.132766
          2,  353,        129,        320,       10.1,        101,       5.05   ,   0.323767
          2,  354,         33,        170,       10.1,        101,       5.05   ,  -0.209875
          2,  355,        505,        641,       10.1,        101,       5.05   ,  -0.903081
          2,  356,        810,        438,       10.1,        101,       5.05   ,   0.372262
          2,  357,        492,        524,       10.1,        101,       5.05   ,  -0.611511
          2,  358,        138,        191,       10.1,        101,       5.05   ,   -1.20881
          2,  359,        886,        850,       10.1,        101,       5.05   ,  -0.596394
          2,  360,        819,        106,       10.1,        101,       5.05   ,   0.809994
          2,  361,        316,        496,       10.1,        101,       5.05   ,   0.653327
          2,  362,        700,        294,       10.1,        101,       5.05   ,   0.435805
          2,  363,        941,        479,       10.1,        101,       5.05   ,   -1.46642
          2,  364,        639,        706,       10.1,        101,       5.05   ,    1.42518
          2,  365,        565,        934,       10.1,        101,       5.05   ,   0.333273
          2,  366,        623,        986,       10.1,        101,       5.05   ,    1.38809
          2,  367,        381,        415,       10.1,        101,       5.05   ,  -0.981697
          2,  368,        184,        861,       10.1,        101,       5.05   ,    1.17635
          2,  369,        778,        359,       10.1,        101,       5.05   ,  -0.199123
          2,  370,         60,        564,       10.1,        101,       5.05   ,  -0.408806
          2,  371,        367,        570,       10.1,        101,       5.05   ,    1.27818
          2,  372,        247,        177,       10.1,        101,       5.05   ,  -0.683155
          2,  373,        189,         17,       10.1,        101,       5.05   ,   -1.24423
          2,  374,        915,        849,       10.1,        101,       5.05   ,-0.00823833
          2,  375,        595,        820,       10.1,        101,       5.05   ,   0.558683
          2,  376,        905,        482,       10.1,        101,       5.05   ,   -1.15844
          2,  377,        644,        624,       10.1,        101,       5.05   ,    1.08623
          2,  378,        808,        778,       10.1,        101,       5.05   ,  -0.460968
          2,  379,        460,        595,       10.1,        101,       5.05   ,   0.733368
          2,  380,        467,        431,       10.1,        101,       5.05   ,  -0.865501
          2,  381,        895,        901,       10.1,        101,       5.05   ,  -0.404864
          2,  382,        938,        584,       10.1,        101,       5.05   ,   0.347599
          2,  383,        838,        695,       10.1,        101,       5.05   ,   -1.25408
          2,  384,        448,        970,       10.1,        101,       5.05   ,  -0.226576
          2,  385,        167,         57,       10.1,        101,       5.05   ,   -1.27333
          2,  386,        443,        900,       10.1,        101,       5.05   ,   0.373025
          2,  387,         74,        668,       10.1,        101,       5.05   ,  -0.392019
          2,  388,        884,         45,       10.1,        101,       5.05   ,    1.07719
          2,  389,        466,        619,       10.1,        101,       5.05   ,  -0.282433
          2,  390,        755,        405,       10.1,        101,       5.05   ,  -0.632056
          2,  391,          5,        359,       10.1,        101,       5.05   ,    1.08836
          2,  392,        322,        796,       10.1,        101,       5.05   ,   0.767584
          2,  393,        396,        729,       10.1,        101,       5.05   ,   -0.38388
          2,  394,        760,        935,       10.1,        101,       5.05   ,   0.534852
          2,  395,         26,        605,       10.1,        101,       5.05   ,   -1.12249
          2,  396,        871,        396,       10.1,        101,       5.05   ,   0.676072
          2,  397,        858,        615,       10.1,        101,       5.05   ,  -0.187593
          2,  398,        820,        254,       10.1,        101,       5.05   ,   0.304574
          2,  399,        665,        923,       10.1,        101,       5.05   ,  -0.319824
          2,  400,         53,        531,       10.1,        101,       5.05   ,   -1.34485
          2,  401,        320,        475,       10.1,        101,       5.05   ,  -0.636196
          2,  402,        516,        547,       10.1,        101,       5.05   ,  -0.733873
          2,  403,        981,        918,       10.1,        101,       5.05   ,  -0.123404
          2,  404,        129,         59,       10.1,        101,       5.05   ,   0.755234
          2,  405,         94,        799,       10.1,        101,       5.05   ,   0.520447
          2,  406,        231,        480,       10.1,        101,       5.05   ,  -0.300717
          2,  407,        661,        728,       10.1,        101,       5.05   ,  -0.724294
          2,  408,        652,        777,       10.1,        101,       5.05   ,   0.345492
          2,  409,         15,        537,       10.1,        101,       5.05   ,  -0.889705
          2,  410,        881,        445,       10.1,        101,       5.05   ,  -0.218682
          2,  411,        767,        796,       10.1,        101,       5.05   ,  -0.545849
          2,  412,        409,        306,       10.1,        101,       5.05   , 0.00688886
          2,  413,        701,         82,       10.1,        101,       5.05   ,    1.44854
          2,  414,        664,        285,       10.1,        101,       5.05   ,   0.464946
          2,  415,        315,         56,       10.1,        101,       5.05   ,   0.576506
          2,  416,        932,        384,       10.1,        101,       5.05   ,  0.0465922
          2,  417,        214,        889,       10.1,        101,       5.05   ,   -1.21288
          2,  418,        889,        765,       10.1,        101,       5.05   ,   0.557466
          2,  419,         64,        515,       10.1,        101,       5.05   ,   -0.74689
          2,  420,        272,        863,       10.1,        101,       5.05   ,  -0.548175
          2,  421,        173,         69,       10.1,        101,       5.05   ,   0.776548
          2,  422,        845,        765,       10.1,        101,       5.05   ,   0.377852
          2,  423,        635,        253,       10.1,        101,       5.05   ,   0.147939
          2,  424,        308,        912,       10.1,        101,       5.05   ,  -0.909086
          2,  425,        244,        294,       10.1,        101,       5.05   ,    1.12923
          2,  426,        989,        160,       10.1,        101,       5.05   ,    0.63011
          2,  427,        713,        692,       10.1,        101,       5.05   ,    1.52538
          2,  428,        698,        837,       10.1,        101,       5.05   ,    1.03483
          2,  429,        616,         17,       10.1,        101,       5.05   ,    1.14204
          2,  430,          2,        905,       10.1,        101,       5.05   ,  -0.977177
          2,  431,        881,        609,       10.1,        101,       5.05   ,   0.863893
          2,  432,        117,        825,       10.1,        101,       5.05   ,   0.938124
          2,  433,        799,        693,       10.1,        101,       5.05   ,    1.49279
          2,  434,        961,        716,       10.1,        101,       5.05   ,   0.960344
          2,  435,        551,         60,       10.1,        101,       5.05   ,    -0.6038
          2,  436,        304,        803,       10.1,        101,       5.05   ,  -0.793633
          2,  437,        811,        802,       10.1,        101,       5.05   ,    1.27853
          2,  438,        879,         63,       10.1,        101,       5.05   ,  -0.421274
          2,  439,        885,        469,       10.1,        101,       5.05   ,   0.435228
          2,  440,         16,        304,       10.1,        101,       5.05   ,   0.834044
          2,  441,         87,        857,       10.1,        101,       5.05   ,   0.506869
          2,  442,        743,         88,       10.1,        101,       5.05   ,   -1.16556
          2,  443,        685,          7,       10.1,        101,       5.05   ,    1.25542
          2,  444,         32,        176,       10.1,        101,       5.05   ,  -0.950209
          2,  445,        391,        949,       10.1,        101,       5.05   ,   0.200513
          2,  446,        564,        655,       10.1,        101,       5.05   ,   0.702222
          2,  447,        292,        812,       10.1,        101,       5.05   ,   0.138769
          2,  448,        830,        150,       10.1,        101,       5.05   ,   0.395831
          2,  449,        650,        602,       10.1,        101,       5.05   ,   -1.01992
          2,  450,        987,        455,       10.1,        101,       5.05   ,     1.1896
          2,  451,        462,        150,       10.1,        101,       5.05   ,   0.915193
          2,  452,        550,         70,       10.1,        101,       5.05   ,   0.967215
          2,  453,         30,        174,       10.1,        101,       5.05   ,   0.224603
          2,  454,        356,         92,       10.1,        101,       5.05   ,    0.23078
          2,  455,        872,        679,       10.1,        101,       5.05   ,   -1.03727
          2,  456,        569,        604,       10.1,        101,       5.05   ,   0.376177
          2,  457,        541,        960,       10.1,        101,       5.05   ,   0.177004
          2,  458,        725,        868,       10.1,        101,       5.05   ,  0.0479579
          2,  459,        952,         53,       10.1,        101,       5.05   ,   -1.48986
          2,  460,         71,        670,       10.1,        101,       5.05   ,   -1.09182
          2,  461,        587,        849,       10.1,        101,       5.05   ,    0.43161
          2,  462,        654,        801,       10.1,        101,       5.05   ,   -0.35515
          2,  463,        464,         83,       10.1,        101,       5.05   ,   -1.00336
          2,  464,        561,        847,       10.1,        101,       5.05   ,   -1.16334
          2,  465,        509,        465,       10.1,        101,       5.05   ,   -0.34036
          2,  466,        777,        286,       10.1,        101,       5.05   ,  -0.786139
          2,  467,        253,        392,       10.1,        101,       5.05   ,    1.56238
          2,  468,        948,        241,       10.1,        101,       5.05   ,  -0.274097
          2,  469,        831,        483,       10.1,        101,       5.05   ,  -0.383819
          2,  470,        589,        504,       10.1,        101,       5.05   ,   -1.32177
          2,  471,        711,        858,       10.1,        101,       5.05   ,   -1.47791
          2,  472,         76,        346,       10.1,        101,       5.05   ,   -1.44564
          2,  473,        147,        117,       10.1,        101,       5.05   ,    1.52334
          2,  474,        871,        829,       10.1,        101,       5.05   ,   0.342269
          2,  475,        634,        156,       10.1,        101,       5.05   ,   0.319031
          2,  476,        511,        906,       10.1,        101,       5.05   ,   -1.29952
          2,  477,        227,        824,       10.1,        101,       5.05   ,   0.541658
          2,  478,        113,        770,       10.1,        101,       5.05   ,   0.316998
          2,  479,        806,        838,       10.1,        101,       5.05   ,   0.986897
          2,  480,        127,         46,       10.1,        101,       5.05   ,    1.12246
          2,  481,        906,        379,       10.1,        101,       5.05   ,  -0.421638
          2,  482,        363,        456,       10.1,        101,       5.05   ,   0.810653
          2,  483,        360,        203,       10.1,        101,       5.05   ,  -0.348244
          2,  484,        180,        623,       10.1,        101,       5.05   ,  0.0962456
          2,  485,        313,        135,       10.1,        101,       5.05   ,  -0.146138
          2,  486,        936,        911,       10.1,        101,       5.05   ,     1.4255
          2,  487,        510,         55,       10.1,        101,       5.05   ,   0.205896
          2,  488,        805,        771,       10.1,        101,       5.05   ,   -1.31941
          2,  489,        691,        848,       10.1,        101,       5.05   ,  -0.198061
          2,  490,        725,        532,       10.1,        101,       5.05   ,      1.485
          2,  491,        156,        883,       10.1,        101,       5.05   ,   -1.56262
          2,  492,        233,        271,       10.1,        101,       5.05   ,   0.236413
          2,  493,        770,        754,       10.1,        101,       5.05   ,   -1.53142
          2,  494,        530,        243,       10.1,        101,       5.05   ,  -0.129578
          2,  495,        425,         21,       10.1,        101,       5.05   ,  -0.142261
          2,  496,        356,        625,       10.1,        101,       5.05   ,   -1.02966
          2,  497,        122,        662,       10.1,        101,       5.05   ,   -1.29438
          2,  498,        780,        308,       10.1,        101,       5.05   ,  -0.758992
          2,  499,        591,        162,       10.1,        101,       5.05   ,  -0.466437
          2,  500,         80,        229,       10.1,        101,       5.05   ,    1.40245
          2,  501,        804,        672,       10.1,        101,       5.05   ,  -0.132036
          2,  502,         73,        791,       10.1,        101,       5.05   , -0.0275872
          2,  503,        870,        288,       10.1,        101,       5.05   ,   0.578976
          2,  504,        568,        705,       10.1,        101,       5.05   ,  -0.142379
          2,  505,        336,        286,       10.1,        101,       5.05   ,   -1.33603
          2,  506,        782,        897,       10.1,        101,       5.05   ,   0.172647
          2,  507,        317,        893,       10.1,        101,       5.05   ,   0.904517
          2,  508,        117,        446,       10.1,        101,       5.05   ,   -1.14347
          2,  509,        816,        936,       10.1,        101,       5.05   ,  -0.872841
          2,  510,        669,        695,       10.1,        101,       5.05   ,  -0.761293
          2,  511,         88,        859,       10.1,        101,       5.05   ,    1.19811
          2,  512,        146,        187,       10.1,        101,       5.05   ,   -0.14558
          2,  513,        508,         20,       10.1,        101,       5.05   ,   0.525256
          2,  514,        313,        658,       10.1,        101,       5.05   ,   0.014793
          2,  515,        847,        244,       10.1,        101,       5.05   ,  -0.506893
          2,  516,        924,        349,       10.1,        101,       5.05   ,  -0.345436
          2,  517,        441,        666,       10.1,        101,       5.05   ,   -1.21537
          2,  518,         71,        715,       10.1,        101,       5.05   ,  -0.953756
          2,  519,        148,        562,       10.1,        101,       5.05   ,    1.49218
          2,  520,        348,        832,       10.1,        101,       5.05   ,    1.01632
          2,  521,        456,        731,       10.1,        101,       5.05   ,  -0.324682
          2,  522,        184,        132,       10.1,        101,       5.05   ,   0.882224
          2,  523,        290,        717,       10.1,        101,       5.05   ,   -1.10178
          2,  524,        623,        109,       10.1,        101,       5.05   ,    1.12829
          2,  525,        738,        358,       10.1,        101,       5.05   , -0.0906622
          2,  526,         13,        253,       10.1,        101,       5.05   ,    0.53633
          2,  527,        357,        976,       10.1,        101,       5.05   ,  -0.638378
          2,  528,        115,        708,       10.1,        101,       5.05   ,    0.86771
          2,  529,        964,        978,       10.1,        101,       5.05   ,  -0.880781
          2,  530,        274,        915,       10.1,        101,       5.05   ,   -1.17603
          2,  531,        887,        486,       10.1,        101,       5.05   ,  -0.132036
          2,  532,        920,         48,       10.1,        101,       5.05   ,   0.699677
          2,  533,         75,        365,       10.1,        101,       5.05   ,   -1.39312
          2,  534,        522,        480,       10.1,        101,       5.05   ,  -0.744212
          2,  535,        687,        784,       10.1,        101,       5.05   ,   0.531302
          2,  536,        845,        882,       10.1,        101,       5.05   ,   0.441583
          2,  537,        406,        449,       10.1,        101,       5.05   ,  -0.171707
          2,  538,        418,        925,       10.1,        101,       5.05   ,  -0.752986
          2,  539,        263,        698,       10.1,        101,       5.05   ,   -1.08012
          2,  540,        599,        573,       10.1,        101,       5.05   ,  -0.283718
          2,  541,        315,         23,       10.1,        101,       5.05   ,    1.39049
          2,  542,         21,        641,       10.1,        101,       5.05   ,  -0.237845
          2,  543,        788,        720,       10.1,        101,       5.05   ,   -0.98567
          2,  544,        309,         13,       10.1,        101,       5.05   ,    1.03394
          2,  545,        322,        528,       10.1,        101,       5.05   ,   0.163966
          2,  546,        862,        122,       10.1,        101,       5.05   ,   0.532987
          2,  547,        468,        691,       10.1,        101,       5.05   ,    1.47032
          2,  548,          7,        944,       10.1,        101,       5.05   ,   0.241759
          2,  549,         45,        161,       10.1,        101,       5.05   ,   0.529133
          2,  550,        973,        930,       10.1,        101,       5.05   ,   -1.44288
          2,  551,        257,        620,       10.1,        101,       5.05   ,   0.411025
          2,  552,        710,        842,       10.1,        101,       5.05   ,   0.506482
          2,  553,        427,        856,       10.1,        101,       5.05   ,   0.324009
          2,  554,        575,        532,       10.1,        101,       5.05   ,   -1.10872
          2,  555,        915,        543,       10.1,        101,       5.05   ,  0.0314792
          2,  556,        510,        453,       10.1,        101,       5.05   ,   0.462611
          2,  557,        864,        631,       10.1,        101,       5.05   ,   -1.36579
          2,  558,        199,        329,       10.1,        101,       5.05   ,    1.29691
          2,  559,        662,        675,       10.1,        101,       5.05   ,   0.033227
          2,  560,        497,        341,       10.1,        101,       5.05   ,  -0.534316
          2,  561,        144,        497,       10.1,        101,       5.05   ,   0.986887
          2,  562,        184,        110,       10.1,        101,       5.05   ,  -0.768122
          2,  563,        288,        501,       10.1,        101,       5.05   ,  -0.339167
          2,  564,        349,        996,       10.1,        101,       5.05   ,   -1.56491
          2,  565,        212,        825,       10.1,        101,       5.05   ,   -1.34627
          2,  566,        871,        202,       10.1,        101,       5.05   ,   0.131951
          2,  567,        293,         31,       10.1,        101,       5.05   ,    1.01759
          2,  568,        689,        517,       10.1,        101,       5.05   ,   -0.45855
          2,  569,        244,         75,       10.1,        101,       5.05   ,   0.779482
          2,  570,         73,        532,       10.1,        101,       5.05   ,  -0.671484
          2,  571,        683,        284,       10.1,        101,       5.05   ,  -0.728536
          2,  572,        822,        198,       10.1,        101,       5.05   ,   0.343809
          2,  573,        433,        342,       10.1,        101,       5.05   ,   0.780244
          2,  574,        744,        650,       10.1,        101,       5.05   ,  -0.864204
          2,  575,        360,        664,       10.1,        101,       5.05   ,    1.41028
          2,  576,         62,        925,       10.1,        101,       5.05   ,    1.42423
          2,  577,        397,         47,       10.1,        101,       5.05   ,    1.16296
          2,  578,        255,        392,       10.1,        101,       5.05   ,   -1.01751
          2,  579,        144,         81,       10.1,        101,       5.05   ,  -0.845663
          2,  580,        923,        851,       10.1,        101,       5.05   ,  -0.479416
          2,  581,        792,        727,       10.1,        101,       5.05   ,   -0.12461
          2,  582,        236,         14,       10.1,        101,       5.05   ,  -0.454979
          2,  583,        311,        648,       10.1,        101,       5.05   ,   -1.17718
          2,  584,         60,        229,       10.1,        101,       5.05   ,  -0.342611
          2,  585,        824,        930,       10.1,        101,       5.05   ,   0.673075
          2,  586,        178,        243,       10.1,        101,       5.05   , -0.0283778
          2,  587,        556,        464,       10.1,        101,       5.05   ,   0.744558
          2,  588,        998,        459,       10.1,        101,       5.05   ,  -0.833813
          2,  589,        194,        397,       10.1,        101,       5.05   ,    1.38455
          2,  590,        381,        193,       10.1,        101,       5.05   ,  -0.111812
          2,  591,        205,        439,       10.1,        101,       5.05   ,   0.568765
          2,  592,        327,        152,       10.1,        101,       5.05   ,   0.773422
          2,  593,        126,        171,       10.1,        101,       5.05   ,    0.80503
          2,  594,        308,        357,       10.1,        101,       5.05   ,    1.54111
          2,  595,        196,        774,       10.1,        101,       5.05   ,    1.32824
          2,  596,        682,        748,       10.1,        101,       5.05   ,    1.50468
          2,  597,         85,        190,       10.1,        101,       5.05   ,   0.765702
          2,  598,        497,        421,       10.1,        101,       5.05   ,   -1.42141
          2,  599,        841,        189,       10.1,        101,       5.05   ,   0.544671
          2,  600,        809,         92,       10.1,        101,       5.05   ,   0.904561
          2,  601,         37,        594,       10.1,        101,       5.05   ,   0.187428
          2,  602,        578,        539,       10.1,        101,       5.05   ,   -1.06967
          2,  603,        425,        526,       10.1,        101,       5.05   ,  -0.261427
          2,  604,        375,        333,       10.1,        101,       5.05   ,    -1.4859
          2,  605,        828,        911,       10.1,        101,       5.05   ,     1.3032
          2,  606,        443,        297,       10.1,        101,       5.05   ,  -0.510669
          2,  607,         85,        256,       10.1,        101,       5.05   ,   -1.45071
          2,  608,        620,        767,       10.1,        101,       5.05   ,     1.2078
          2,  609,        281,        245,       10.1,        101,       5.05   ,   -1.22351
          2,  610,        574,        612,       10.1,        101,       5.05   ,    1.18303
          2,  611,        687,        734,       10.1,        101,       5.05   ,   0.847494
          2,  612,         76,         14,       10.1,        101,       5.05   ,   -1.21336
          2,  613,        477,        752,       10.1,        101,       5.05   ,   -0.36686
          2,  614,        665,        579,       10.1,        101,       5.05   ,    1.38674
          2,  615,        381,        621,       10.1,        101,       5.05   ,   0.120299
          2,  616,        509,        677,       10.1,        101,       5.05   ,   0.586162
          2,  617,        920,        706,       10.1,        101,       5.05   ,  -0.423161
          2,  618,        559,        724,       10.1,        101,       5.05   ,   0.197398
          2,  619,        914,        691,       10.1,        101,       5.05   ,   0.847471
          2,  620,        654,        256,       10.1,        101,       5.05   ,  -0.546268
          2,  621,        499,        532,       10.1,        101,       5.05   ,     1.2242
          2,  622,        760,        795,       10.1,        101,       5.05   ,   -1.25952
          2,  623,        911,        816,       10.1,        101,       5.05   ,  -0.680664
          2,  624,        519,        420,       10.1,        101,       5.05   ,   -1.21842
          2,  625,        302,        995,       10.1,        101,       5.05   ,   -1.46073
          2,  626,        826,        931,       10.1,        101,       5.05   ,   0.596958
          2,  627,        965,        801,       10.1,        101,       5.05   ,   0.760939
          2,  628,        636,        783,       10.1,        101,       5.05   ,   -1.17625
          2,  629,        218,        161,       10.1,        101,       5.05   ,    1.28562
          2,  630,        381,        550,       10.1,        101,       5.05   , -0.0110836
          2,  631,        941,        872,       10.1,        101,       5.05   ,   0.181764
          2,  632,         47,         44,       10.1,        101,       5.05   ,    0.49746
          2,  633,        730,        228,       10.1,        101,       5.05   ,   -1.16028
          2,  634,        413,        565,       10.1,        101,       5.05   ,   -1.34131
          2,  635,        646,        488,       10.1,        101,       5.05   ,  -0.110078
          2,  636,        423,        825,       10.1,        101,       5.05   ,   0.305086
          2,  637,        734,        537,       10.1,        101,       5.05   ,    1.42819
          2,  638,        953,        152,       10.1,        101,       5.05   ,  -0.910226
          2,  639,        258,        187,       10.1,        101,       5.05   ,  -0.415488
          2,  640,        208,        239,       10.1,        101,       5.05   ,   -1.53589
          2,  641,        379,        334,       10.1,        101,       5.05   ,  -0.356026
          2,  642,        229,        828,       10.1,        101,       5.05   ,  -0.946731
          2,  643,        589,        183,       10.1,        101,       5.05   ,   -1.05011
          2,  644,        396,        645,       10.1,        101,       5.05   ,   0.095799
          2,  645,        767,        793,       10.1,        101,       5.05   ,    0.37814
          2,  646,        136,        963,       10.1,        101,       5.05   ,   0.288785
          2,  647,         53,        893,       10.1,        101,       5.05   ,   0.950914
          2,  648,        136,         53,       10.1,        101,       5.05   ,  -0.693916
          2,  649,        832,        704,       10.1,        101,       5.05   ,     1.3179
          2,  650,         90,        816,       10.1,        101,       5.05   ,   0.903951
          2,  651,        555,        738,       10.1,        101,       5.05   ,   0.397945
          2,  652,        721,        604,       10.1,        101,       5.05   ,   -1.56828
          2,  653,        542,        688,       10.1,        101,       5.05   ,  -0.522351
------------------------------------------------------------------------------
Component[2] Total Sloped Parallelepiped = 653