Component 2 maximum area=0.323322 [on 1000x1000]
Component type: Sloped rectangle
---------------------------------------------------------------------------------------
--------------|------- Center-----|----- dimensions---------|----------------------
component| id|    X       |     Y      |  Width/a     | height/b |   hoop   |   Slope   
---------------------------------------------------------------------------------------
          2,    1,        192,        339,       10.1,        101,       5.05   ,  -0.505769
          2,    2,        175,        815,       10.1,        101,       5.05   ,    1.46482
          2,    3,        283,        523,       10.1,        101,       5.05   ,   -1.38967
          2,    4,        639,        554,       10.1,        101,       5.05   ,  -0.901352
          2,    5,        285,        921,       10.1,        101,       5.05   ,  -0.505108
          2,    6,        105,        961,       10.1,        101,       5.05   ,   -1.23731
          2,    7,        796,        949,       10.1,        101,       5.05   ,   -1.10343
          2,    8,        560,        656,       10.1,        101,       5.05   ,  -0.204192
          2,    9,        701,        764,       10.1,        101,       5.05   ,   0.718661
          2,   10,        407,        586,       10.1,        101,       5.05   ,  -0.240128
          2,   11,        462,        906,       10.1,        101,       5.05   ,   -1.02693
          2,   12,        124,        600,       10.1,        101,       5.05   ,  -0.461871
          2,   13,        608,        342,       10.1,        101,       5.05   ,   -1.50492
          2,   14,        526,         49,       10.1,        101,       5.05   ,   -1.54281
          2,   15,         79,        805,       10.1,        101,       5.05   ,  -0.461482
          2,   16,        109,        770,       10.1,        101,       5.05   , -0.0832235
          2,   17,        812,         53,       10.1,        101,       5.05   , -0.0395339
          2,   18,        622,        382,       10.1,        101,       5.05   ,   -1.18436
          2,   19,        327,         70,       10.1,        101,       5.05   ,  -0.721651
          2,   20,        953,        976,       10.1,        101,       5.05   ,    1.24034
          2,   21,        547,        464,       10.1,        101,       5.05   ,  -0.176347
          2,   22,        944,        867,       10.1,        101,       5.05   ,   -1.44944
          2,   23,        602,        787,       10.1,        101,       5.05   ,   0.857153
          2,   24,        497,        131,       10.1,        101,       5.05   ,    0.90717
          2,   25,        355,        662,       10.1,        101,       5.05   ,   0.816542
          2,   26,        984,        965,       10.1,        101,       5.05   ,     1.2473
          2,   27,         23,        455,       10.1,        101,       5.05   ,   0.135125
          2,   28,         87,        730,       10.1,        101,       5.05   ,  0.0149894
          2,   29,        141,        323,       10.1,        101,       5.05   ,      1.449
          2,   30,        612,        131,       10.1,        101,       5.05   ,   0.882035
          2,   31,        165,        540,       10.1,        101,       5.05   ,  -0.757347
          2,   32,        323,        129,       10.1,        101,       5.05   ,  -0.799026
          2,   33,        746,        361,       10.1,        101,       5.05   ,  -0.668347
          2,   34,        415,        813,       10.1,        101,       5.05   ,   -1.10389
          2,   35,        651,        335,       10.1,        101,       5.05   ,   0.237559
          2,   36,        603,        199,       10.1,        101,       5.05   ,   0.326192
          2,   37,        639,        983,       10.1,        101,       5.05   ,    1.36151
          2,   38,        605,        253,       10.1,        101,       5.05   ,    1.39242
          2,   39,         77,        183,       10.1,        101,       5.05   ,  -0.449402
          2,   40,        618,        375,       10.1,        101,       5.05   ,    1.16681
          2,   41,        430,        505,       10.1,        101,       5.05   ,  -0.383579
          2,   42,        529,        705,       10.1,        101,       5.05   ,  -0.953463
          2,   43,        826,        342,       10.1,        101,       5.05   ,   -1.39347
          2,   44,         41,        736,       10.1,        101,       5.05   ,   -1.34828
          2,   45,        861,        335,       10.1,        101,       5.05   ,   -1.13216
          2,   46,        293,        918,       10.1,        101,       5.05   ,   0.357919
          2,   47,        678,        814,       10.1,        101,       5.05   ,  -0.476233
          2,   48,        220,        661,       10.1,        101,       5.05   ,  -0.482336
          2,   49,        342,        480,       10.1,        101,       5.05   ,  -0.570069
          2,   50,        199,        567,       10.1,        101,       5.05   ,   -1.10228
          2,   51,        442,         96,       10.1,        101,       5.05   ,  -0.607013
          2,   52,        346,         40,       10.1,        101,       5.05   ,    0.58637
          2,   53,        816,        137,       10.1,        101,       5.05   , -0.0809137
          2,   54,        515,        761,       10.1,        101,       5.05   ,  -0.743929
          2,   55,         91,        685,       10.1,        101,       5.05   ,  -0.835472
          2,   56,        910,        384,       10.1,        101,       5.05   ,   0.080422
          2,   57,        887,        677,       10.1,        101,       5.05   ,   -1.23062
          2,   58,        330,        978,       10.1,        101,       5.05   ,   0.865492
          2,   59,        766,        349,       10.1,        101,       5.05   ,  0.0144189
          2,   60,        840,        458,       10.1,        101,       5.05   ,   -1.54858
          2,   61,        351,        283,       10.1,        101,       5.05   ,  -0.309411
          2,   62,        275,        548,       10.1,        101,       5.05   ,   -1.13841
          2,   63,        242,        200,       10.1,        101,       5.05   ,   0.394313
          2,   64,        933,        643,       10.1,        101,       5.05   ,   -1.15243
          2,   65,        748,        349,       10.1,        101,       5.05   ,    -0.7569
          2,   66,        617,        137,       10.1,        101,       5.05   ,    1.07452
          2,   67,        547,        169,       10.1,        101,       5.05   ,   0.852008
          2,   68,        671,        857,       10.1,        101,       5.05   ,    1.11859
          2,   69,        839,         26,       10.1,        101,       5.05   ,   -1.55628
          2,   70,        563,        652,       10.1,        101,       5.05   ,  -0.329149
          2,   71,        930,        523,       10.1,        101,       5.05   ,    1.42815
          2,   72,        202,        996,       10.1,        101,       5.05   ,    1.03133
          2,   73,        413,         85,       10.1,        101,       5.05   ,  -0.628103
          2,   74,        837,        749,       10.1,        101,       5.05   ,   0.478311
          2,   75,        296,        283,       10.1,        101,       5.05   ,    -0.6155
          2,   76,        167,        518,       10.1,        101,       5.05   ,  -0.632068
          2,   77,        350,        979,       10.1,        101,       5.05   ,  -0.453862
          2,   78,        911,        465,       10.1,        101,       5.05   ,   0.256595
          2,   79,        585,        295,       10.1,        101,       5.05   ,   -1.27569
          2,   80,        127,        217,       10.1,        101,       5.05   ,   0.351815
          2,   81,         77,        817,       10.1,        101,       5.05   ,   -1.12617
          2,   82,        125,        895,       10.1,        101,       5.05   ,  -0.117779
          2,   83,        741,        849,       10.1,        101,       5.05   ,   0.498999
          2,   84,        361,        858,       10.1,        101,       5.05   ,   0.209111
          2,   85,        832,        765,       10.1,        101,       5.05   ,    0.77061
          2,   86,        598,         23,       10.1,        101,       5.05   ,    0.14626
          2,   87,        233,        634,       10.1,        101,       5.05   ,    1.33609
          2,   88,         14,        560,       10.1,        101,       5.05   ,   0.322933
          2,   89,        529,        688,       10.1,        101,       5.05   ,    1.21717
          2,   90,        425,         51,       10.1,        101,       5.05   ,   -1.21699
          2,   91,        970,        671,       10.1,        101,       5.05   ,   0.668581
          2,   92,         85,        369,       10.1,        101,       5.05   ,   -1.42811
          2,   93,        396,        157,       10.1,        101,       5.05   ,   0.115362
          2,   94,        642,        729,       10.1,        101,       5.05   ,  -0.680408
          2,   95,        619,        372,       10.1,        101,       5.05   ,  -0.895241
          2,   96,        703,        204,       10.1,        101,       5.05   ,   -1.31835
          2,   97,        440,        236,       10.1,        101,       5.05   ,  -0.497886
          2,   98,         97,        429,       10.1,        101,       5.05   ,  -0.426678
          2,   99,        190,        849,       10.1,        101,       5.05   ,   0.864763
          2,  100,        553,        440,       10.1,        101,       5.05   ,    1.56766
          2,  101,        264,         17,       10.1,        101,       5.05   ,    1.50424
          2,  102,        345,        423,       10.1,        101,       5.05   ,    1.41819
          2,  103,         52,        508,       10.1,        101,       5.05   ,  -0.844275
          2,  104,        676,        655,       10.1,        101,       5.05   ,    1.56648
          2,  105,        836,        520,       10.1,        101,       5.05   ,   0.391036
          2,  106,        965,        361,       10.1,        101,       5.05   ,    0.10792
          2,  107,        838,        857,       10.1,        101,       5.05   ,    1.29403
          2,  108,        355,        601,       10.1,        101,       5.05   ,    1.15058
          2,  109,        369,         21,       10.1,        101,       5.05   ,  -0.488141
          2,  110,        329,        855,       10.1,        101,       5.05   ,  -0.681807
          2,  111,        218,        934,       10.1,        101,       5.05   ,  -0.573956
          2,  112,        903,        642,       10.1,        101,       5.05   ,  -0.485863
          2,  113,        769,        114,       10.1,        101,       5.05   ,   0.937173
          2,  114,        890,        805,       10.1,        101,       5.05   ,    1.45739
          2,  115,        427,        248,       10.1,        101,       5.05   ,   0.170411
          2,  116,          9,        823,       10.1,        101,       5.05   ,   -1.02149
          2,  117,        311,        983,       10.1,        101,       5.05   ,   -1.22029
          2,  118,        138,         25,       10.1,        101,       5.05   ,  -0.954611
          2,  119,        705,        727,       10.1,        101,       5.05   ,  -0.141635
          2,  120,        471,         16,       10.1,        101,       5.05   ,   -0.68178
          2,  121,        234,        904,       10.1,        101,       5.05   ,   0.891112
          2,  122,        711,        268,       10.1,        101,       5.05   ,  -0.811044
          2,  123,         21,        187,       10.1,        101,       5.05   , -0.0599648
          2,  124,        791,        610,       10.1,        101,       5.05   ,   -1.55008
          2,  125,        738,        514,       10.1,        101,       5.05   ,   -0.77935
          2,  126,        787,        817,       10.1,        101,       5.05   ,  0.0709115
          2,  127,        211,        706,       10.1,        101,       5.05   ,  0.0299412
          2,  128,        529,        505,       10.1,        101,       5.05   ,   0.403444
          2,  129,        175,        244,       10.1,        101,       5.05   ,    -1.2367
          2,  130,        802,        195,       10.1,        101,       5.05   ,  -0.179235
          2,  131,        685,        329,       10.1,        101,       5.05   ,   -1.47159
          2,  132,        987,        500,       10.1,        101,       5.05   ,    1.34944
          2,  133,        358,        162,       10.1,        101,       5.05   ,   0.182983
          2,  134,        723,        697,       10.1,        101,       5.05   ,   0.829121
          2,  135,        612,         78,       10.1,        101,       5.05   ,    1.03683
          2,  136,        113,        294,       10.1,        101,       5.05   ,   0.853632
          2,  137,        842,        608,       10.1,        101,       5.05   ,   -1.05005
          2,  138,        499,        389,       10.1,        101,       5.05   ,  0.0841617
          2,  139,        809,         38,       10.1,        101,       5.05   ,   -1.38689
          2,  140,         68,        256,       10.1,        101,       5.05   ,  -0.857487
          2,  141,        664,        603,       10.1,        101,       5.05   ,    1.14611
          2,  142,        837,        503,       10.1,        101,       5.05   ,  -0.181067
          2,  143,        438,        850,       10.1,        101,       5.05   ,   -1.31136
          2,  144,        673,        608,       10.1,        101,       5.05   ,  -0.956415
          2,  145,        346,        884,       10.1,        101,       5.05   ,  -0.386276
          2,  146,        819,        796,       10.1,        101,       5.05   ,   0.886154
          2,  147,        895,        317,       10.1,        101,       5.05   ,     0.2404
          2,  148,         11,        250,       10.1,        101,       5.05   ,    1.29609
          2,  149,        539,        749,       10.1,        101,       5.05   , -0.0517461
          2,  150,        147,        183,       10.1,        101,       5.05   ,   0.329561
          2,  151,        478,        978,       10.1,        101,       5.05   ,  -0.300096
          2,  152,        283,        439,       10.1,        101,       5.05   ,    1.32992
          2,  153,        818,        487,       10.1,        101,       5.05   ,   0.297635
          2,  154,        176,          4,       10.1,        101,       5.05   , -0.0758301
          2,  155,        217,        513,       10.1,        101,       5.05   ,    1.32589
          2,  156,        343,        319,       10.1,        101,       5.05   ,    1.49308
          2,  157,        426,        894,       10.1,        101,       5.05   ,  -0.831973
          2,  158,        764,        155,       10.1,        101,       5.05   ,  -0.512191
          2,  159,        318,        765,       10.1,        101,       5.05   ,   0.752025
          2,  160,        279,        547,       10.1,        101,       5.05   ,    1.16073
          2,  161,        415,        944,       10.1,        101,       5.05   ,   -1.52736
          2,  162,        184,        439,       10.1,        101,       5.05   ,  -0.660795
          2,  163,        589,        332,       10.1,        101,       5.05   , -0.0498398
          2,  164,        370,        644,       10.1,        101,       5.05   ,   0.228098
          2,  165,        245,         51,       10.1,        101,       5.05   ,    1.08136
          2,  166,        419,        554,       10.1,        101,       5.05   ,  -0.815372
          2,  167,        721,        384,       10.1,        101,       5.05   ,   0.291797
          2,  168,         44,        165,       10.1,        101,       5.05   ,   0.545086
          2,  169,        412,        145,       10.1,        101,       5.05   ,   0.769092
          2,  170,        448,        137,       10.1,        101,       5.05   ,    1.29853
          2,  171,        125,        728,       10.1,        101,       5.05   ,    1.53492
          2,  172,        500,         76,       10.1,        101,       5.05   ,   0.617707
          2,  173,        679,        792,       10.1,        101,       5.05   ,    1.17936
          2,  174,        823,        949,       10.1,        101,       5.05   , -0.0445512
          2,  175,        316,        301,       10.1,        101,       5.05   ,   -0.51517
          2,  176,        772,        692,       10.1,        101,       5.05   ,   -0.45557
          2,  177,        773,        456,       10.1,        101,       5.05   ,   -1.36804
          2,  178,        528,        153,       10.1,        101,       5.05   , -0.0936134
          2,  179,        658,        844,       10.1,        101,       5.05   ,   -1.11135
          2,  180,        994,        556,       10.1,        101,       5.05   ,  -0.249312
          2,  181,        283,        104,       10.1,        101,       5.05   ,    1.11052
          2,  182,        104,        881,       10.1,        101,       5.05   ,   0.192159
          2,  183,        756,        689,       10.1,        101,       5.05   ,  -0.848437
          2,  184,        513,        582,       10.1,        101,       5.05   ,    -0.8182
          2,  185,        149,        268,       10.1,        101,       5.05   ,  -0.781052
          2,  186,        230,        218,       10.1,        101,       5.05   ,    1.27876
          2,  187,        980,        740,       10.1,        101,       5.05   ,  -0.242201
          2,  188,        655,        174,       10.1,        101,       5.05   ,   0.119169
          2,  189,        797,        656,       10.1,        101,       5.05   ,    0.74009
          2,  190,        578,        827,       10.1,        101,       5.05   ,  -0.660735
          2,  191,        804,        884,       10.1,        101,       5.05   ,   -1.53941
          2,  192,         65,        826,       10.1,        101,       5.05   ,   -1.05744
          2,  193,        378,        820,       10.1,        101,       5.05   ,    -1.2999
          2,  194,        813,        451,       10.1,        101,       5.05   ,   0.381562
          2,  195,        595,        663,       10.1,        101,       5.05   ,    0.81811
          2,  196,        688,        419,       10.1,        101,       5.05   ,-0.00627281
          2,  197,        235,         46,       10.1,        101,       5.05   ,    1.26912
          2,  198,        250,        881,       10.1,        101,       5.05   ,  -0.194915
          2,  199,        833,        381,       10.1,        101,       5.05   ,    -0.2243
          2,  200,        321,        589,       10.1,        101,       5.05   ,  -0.426133
          2,  201,        889,        583,       10.1,        101,       5.05   ,   0.205738
          2,  202,        294,        113,       10.1,        101,       5.05   ,   -1.53968
          2,  203,        218,        391,       10.1,        101,       5.05   ,   0.633047
          2,  204,        263,        324,       10.1,        101,       5.05   ,    1.37916
          2,  205,        762,        301,       10.1,        101,       5.05   ,   0.250548
          2,  206,        749,        325,       10.1,        101,       5.05   ,   0.615523
          2,  207,        491,         45,       10.1,        101,       5.05   ,    -1.2107
          2,  208,        430,        391,       10.1,        101,       5.05   ,    1.25422
          2,  209,        829,        882,       10.1,        101,       5.05   ,   0.782056
          2,  210,        310,        966,       10.1,        101,       5.05   ,  0.0561175
          2,  211,        268,        819,       10.1,        101,       5.05   ,  -0.336031
          2,  212,        195,        229,       10.1,        101,       5.05   ,  -0.814369
          2,  213,        366,        720,       10.1,        101,       5.05   ,  0.0242218
          2,  214,        628,         81,       10.1,        101,       5.05   ,   -1.24521
          2,  215,        797,        357,       10.1,        101,       5.05   , -0.0105575
          2,  216,        664,        575,       10.1,        101,       5.05   ,  -0.512539
          2,  217,        734,        918,       10.1,        101,       5.05   ,   0.446883
          2,  218,        268,        680,       10.1,        101,       5.05   ,  -0.270367
          2,  219,        622,        459,       10.1,        101,       5.05   ,   -1.15932
          2,  220,        275,        884,       10.1,        101,       5.05   ,    1.29295
          2,  221,        996,        493,       10.1,        101,       5.05   ,   -1.18038
          2,  222,        193,        103,       10.1,        101,       5.05   ,   0.944587
          2,  223,        432,        198,       10.1,        101,       5.05   ,   0.718915
          2,  224,        662,        878,       10.1,        101,       5.05   ,    0.25825
          2,  225,        277,        442,       10.1,        101,       5.05   ,    1.39121
          2,  226,        550,        799,       10.1,        101,       5.05   ,  -0.281695
          2,  227,        331,        717,       10.1,        101,       5.05   ,   0.381708
          2,  228,        463,        185,       10.1,        101,       5.05   ,  -0.100924
          2,  229,        178,        169,       10.1,        101,       5.05   ,   -1.44714
          2,  230,        566,        369,       10.1,        101,       5.05   ,    1.28568
          2,  231,        169,        677,       10.1,        101,       5.05   ,  -0.213618
          2,  232,        408,        886,       10.1,        101,       5.05   ,  -0.595059
          2,  233,        130,        274,       10.1,        101,       5.05   ,    1.30073
          2,  234,        289,        863,       10.1,        101,       5.05   ,   0.565636
          2,  235,        365,        755,       10.1,        101,       5.05   ,    1.41683
          2,  236,        412,        668,       10.1,        101,       5.05   ,   -0.49812
          2,  237,        912,        403,       10.1,        101,       5.05   ,    -1.0868
          2,  238,        686,        959,       10.1,        101,       5.05   ,    1.24879
          2,  239,        978,        999,       10.1,        101,       5.05   ,  -0.309955
          2,  240,        838,        754,       10.1,        101,       5.05   ,   -1.13196
          2,  241,        265,        255,       10.1,        101,       5.05   ,   -1.05923
          2,  242,        536,        330,       10.1,        101,       5.05   , -0.0346294
          2,  243,        574,          2,       10.1,        101,       5.05   ,   0.599691
          2,  244,        622,        209,       10.1,        101,       5.05   , -0.0449443
          2,  245,         76,        834,       10.1,        101,       5.05   ,    0.15956
          2,  246,        488,        427,       10.1,        101,       5.05   ,  -0.723164
          2,  247,        350,        594,       10.1,        101,       5.05   ,  -0.731936
          2,  248,        937,        377,       10.1,        101,       5.05   ,   -1.48444
          2,  249,        615,        894,       10.1,        101,       5.05   ,    1.39309
          2,  250,         85,        546,       10.1,        101,       5.05   ,  -0.328807
          2,  251,        582,        279,       10.1,        101,       5.05   ,   0.583229
          2,  252,        344,        362,       10.1,        101,       5.05   ,    0.38998
          2,  253,        269,        643,       10.1,        101,       5.05   ,   -1.52231
          2,  254,        562,         60,       10.1,        101,       5.05   ,   0.445061
          2,  255,         61,        989,       10.1,        101,       5.05   ,   0.033279
          2,  256,        848,        198,       10.1,        101,       5.05   ,   0.643183
          2,  257,        348,        203,       10.1,        101,       5.05   ,   0.994761
          2,  258,        979,        198,       10.1,        101,       5.05   , -0.0374825
          2,  259,        378,        489,       10.1,        101,       5.05   ,    1.56489
          2,  260,        828,        598,       10.1,        101,       5.05   , -0.0582762
          2,  261,        299,        799,       10.1,        101,       5.05   ,    1.11088
          2,  262,        455,        122,       10.1,        101,       5.05   ,   0.706138
          2,  263,        394,        473,       10.1,        101,       5.05   ,   -0.55561
          2,  264,        555,        526,       10.1,        101,       5.05   ,   0.802903
          2,  265,        239,        366,       10.1,        101,       5.05   ,   0.593303
          2,  266,        441,        262,       10.1,        101,       5.05   ,  -0.868525
          2,  267,        543,        841,       10.1,        101,       5.05   ,  -0.893929
          2,  268,        677,        992,       10.1,        101,       5.05   ,   -0.43527
          2,  269,        296,        614,       10.1,        101,       5.05   ,  -0.575645
          2,  270,        543,        649,       10.1,        101,       5.05   ,   0.509724
          2,  271,        930,        590,       10.1,        101,       5.05   ,   0.875421
          2,  272,        824,        354,       10.1,        101,       5.05   ,  -0.849565
          2,  273,        926,        705,       10.1,        101,       5.05   ,    1.51799
          2,  274,        871,        182,       10.1,        101,       5.05   ,  -0.476585
          2,  275,        391,        598,       10.1,        101,       5.05   ,    1.46713
          2,  276,        840,        640,       10.1,        101,       5.05   ,   -1.26059
          2,  277,        185,        647,       10.1,        101,       5.05   ,  -0.798808
          2,  278,        170,        846,       10.1,        101,       5.05   ,     0.9134
          2,  279,        241,        962,       10.1,        101,       5.05   ,    1.41552
          2,  280,         44,        331,       10.1,        101,       5.05   ,   0.578216
          2,  281,        478,         95,       10.1,        101,       5.05   ,  -0.354566
          2,  282,        844,        507,       10.1,        101,       5.05   ,   -1.19798
          2,  283,        327,        322,       10.1,        101,       5.05   ,  -0.966229
          2,  284,        308,        737,       10.1,        101,       5.05   ,  -0.794754
          2,  285,        636,        686,       10.1,        101,       5.05   ,    0.77272
          2,  286,        334,        109,       10.1,        101,       5.05   ,   0.673834
          2,  287,        829,        658,       10.1,        101,       5.05   ,   -1.31674
          2,  288,        272,        271,       10.1,        101,       5.05   ,  -0.114727
          2,  289,        907,        680,       10.1,        101,       5.05   , -0.0911575
          2,  290,        725,        982,       10.1,        101,       5.05   ,   0.731535
          2,  291,        964,        845,       10.1,        101,       5.05   , -0.0802295
          2,  292,        961,        608,       10.1,        101,       5.05   ,   0.133272
          2,  293,        629,        761,       10.1,        101,       5.05   ,   0.673554
          2,  294,        261,        831,       10.1,        101,       5.05   ,    -1.0533
          2,  295,        255,         23,       10.1,        101,       5.05   ,   0.269278
          2,  296,         15,        636,       10.1,        101,       5.05   ,   0.276468
          2,  297,        151,        316,       10.1,        101,       5.05   ,    1.14298
          2,  298,        606,        532,       10.1,        101,       5.05   ,    0.41904
          2,  299,        274,        812,       10.1,        101,       5.05   ,  -0.866852
          2,  300,        139,        168,       10.1,        101,       5.05   ,    1.01441
          2,  301,        175,        214,       10.1,        101,       5.05   ,   -0.35332
          2,  302,        152,        458,       10.1,        101,       5.05   ,   -1.03801
          2,  303,        719,        298,       10.1,        101,       5.05   ,   0.428056
          2,  304,        514,        417,       10.1,        101,       5.05   ,   0.468497
          2,  305,        923,        361,       10.1,        101,       5.05   ,  -0.146238
          2,  306,        499,         69,       10.1,        101,       5.05   ,  -0.136879
          2,  307,        350,        212,       10.1,        101,       5.05   ,    1.08627
          2,  308,        694,        591,       10.1,        101,       5.05   ,     1.2882
          2,  309,        385,        893,       10.1,        101,       5.05   , -0.0472748
          2,  310,        368,        366,       10.1,        101,       5.05   ,  -0.361192
          2,  311,        516,        904,       10.1,        101,       5.05   ,    -1.3347
          2,  312,        391,        809,       10.1,        101,       5.05   ,   -0.84944
          2,  313,        501,        701,       10.1,        101,       5.05   ,   -1.04885
          2,  314,        323,        583,       10.1,        101,       5.05   ,  0.0659143
          2,  315,        343,        827,       10.1,        101,       5.05   ,   0.574168
          2,  316,        992,        594,       10.1,        101,       5.05   ,  -0.173204
          2,  317,        613,        485,       10.1,        101,       5.05   ,   -1.26482
          2,  318,        153,        656,       10.1,        101,       5.05   ,  -0.181832
          2,  319,        560,        548,       10.1,        101,       5.05   ,  -0.541562
          2,  320,         34,        320,       10.1,        101,       5.05   ,    1.47148
          2,  321,        569,        744,       10.1,        101,       5.05   ,  -0.223512
          2,  322,        887,        637,       10.1,        101,       5.05   ,   -1.24238
          2,  323,        747,        422,       10.1,        101,       5.05   ,   0.711658
          2,  324,         44,        748,       10.1,        101,       5.05   ,   0.836317
          2,  325,        771,        802,       10.1,        101,       5.05   ,  -0.799972
          2,  326,        536,        233,       10.1,        101,       5.05   , -0.0162967
          2,  327,        945,        129,       10.1,        101,       5.05   ,   0.568511
          2,  328,        977,        957,       10.1,        101,       5.05   ,  -0.560844
          2,  329,        806,        582,       10.1,        101,       5.05   ,    1.03335
          2,  330,        720,        341,       10.1,        101,       5.05   ,  -0.348537
          2,  331,        977,        749,       10.1,        101,       5.05   ,    1.52041
          2,  332,         37,        618,       10.1,        101,       5.05   ,   -1.14026
          2,  333,        280,        665,       10.1,        101,       5.05   ,   -1.04857
          2,  334,        436,        620,       10.1,        101,       5.05   ,   0.530962
          2,  335,        122,        530,       10.1,        101,       5.05   ,   0.284786
          2,  336,        189,        268,       10.1,        101,       5.05   ,  -0.447356
          2,  337,        962,        298,       10.1,        101,       5.05   ,   -1.07932
          2,  338,        445,        296,       10.1,        101,       5.05   ,  -0.986441
          2,  339,        714,        362,       10.1,        101,       5.05   ,  -0.969108
          2,  340,        562,        447,       10.1,        101,       5.05   ,  -0.487268
          2,  341,         53,        868,       10.1,        101,       5.05   ,   -0.62704
          2,  342,        656,         29,       10.1,        101,       5.05   ,    1.48742
          2,  343,        572,          3,       10.1,        101,       5.05   ,   0.576818
          2,  344,        582,        659,       10.1,        101,       5.05   ,   0.923449
          2,  345,        662,         51,       10.1,        101,       5.05   ,    0.64731
          2,  346,        204,        993,       10.1,        101,       5.05   ,   -0.83567
          2,  347,        138,        429,       10.1,        101,       5.05   , -0.0297104
          2,  348,        353,        301,       10.1,        101,       5.05   ,   0.120688
          2,  349,        645,        826,       10.1,        101,       5.05   ,   0.571938
          2,  350,        315,        790,       10.1,        101,       5.05   ,   -1.02842
          2,  351,        862,        598,       10.1,        101,       5.05   ,   0.624765
          2,  352,        360,        437,       10.1,        101,       5.05   , -0.0202032
          2,  353,          4,        346,       10.1,        101,       5.05   ,  -0.317423
          2,  354,        657,        216,       10.1,        101,       5.05   ,    1.25522
          2,  355,         11,        739,       10.1,        101,       5.05   ,  -0.177591
          2,  356,        259,        869,       10.1,        101,       5.05   ,  -0.818544
          2,  357,        851,        573,       10.1,        101,       5.05   ,   0.510981
          2,  358,        140,        173,       10.1,        101,       5.05   ,  -0.840654
          2,  359,        957,        769,       10.1,        101,       5.05   ,   -0.66369
          2,  360,        461,        103,       10.1,        101,       5.05   ,    1.17766
          2,  361,        377,        211,       10.1,        101,       5.05   ,   0.526677
          2,  362,        270,        953,       10.1,        101,       5.05   , -0.0286209
          2,  363,         69,        494,       10.1,        101,       5.05   ,   0.276646
          2,  364,         44,        161,       10.1,        101,       5.05   ,   -1.24774
          2,  365,        990,        233,       10.1,        101,       5.05   ,   0.794283
          2,  366,        493,        967,       10.1,        101,       5.05   ,   0.587508
          2,  367,        117,         39,       10.1,        101,       5.05   ,  -0.432663
          2,  368,        340,        653,       10.1,        101,       5.05   ,   -1.49791
          2,  369,         98,        616,       10.1,        101,       5.05   ,    1.16613
          2,  370,        207,        229,       10.1,        101,       5.05   ,    -1.4207
          2,  371,        732,         78,       10.1,        101,       5.05   ,    1.40683
          2,  372,        919,        933,       10.1,        101,       5.05   ,   0.927371
          2,  373,        779,        885,       10.1,        101,       5.05   ,  0.0935429
          2,  374,        129,        302,       10.1,        101,       5.05   ,   0.923761
          2,  375,        984,        182,       10.1,        101,       5.05   ,    1.10526
          2,  376,        149,        611,       10.1,        101,       5.05   , -0.0507615
          2,  377,        527,        378,       10.1,        101,       5.05   ,    -1.0947
          2,  378,        196,        786,       10.1,        101,       5.05   ,-0.00305873
          2,  379,         54,        470,       10.1,        101,       5.05   ,   -1.32313
          2,  380,        575,        351,       10.1,        101,       5.05   ,    1.09834
          2,  381,        241,         26,       10.1,        101,       5.05   ,  -0.275611
          2,  382,        661,        790,       10.1,        101,       5.05   ,   -1.09327
          2,  383,        351,        740,       10.1,        101,       5.05   ,   0.157331
          2,  384,        600,        320,       10.1,        101,       5.05   ,   -1.50695
          2,  385,        444,        477,       10.1,        101,       5.05   ,    1.50429
          2,  386,        595,        808,       10.1,        101,       5.05   ,   -1.31379
          2,  387,        285,        745,       10.1,        101,       5.05   ,   0.906604
          2,  388,        182,        155,       10.1,        101,       5.05   ,    0.47952
          2,  389,        998,        619,       10.1,        101,       5.05   ,   0.181292
          2,  390,        531,        871,       10.1,        101,       5.05   ,  -0.710618
          2,  391,        493,         25,       10.1,        101,       5.05   ,   -1.48169
          2,  392,        621,         20,       10.1,        101,       5.05   ,  -0.937223
          2,  393,        427,        574,       10.1,        101,       5.05   ,  -0.126136
          2,  394,        131,        737,       10.1,        101,       5.05   ,    1.27186
          2,  395,         73,        528,       10.1,        101,       5.05   ,   0.563473
          2,  396,        550,        547,       10.1,        101,       5.05   ,   0.208609
          2,  397,        538,        777,       10.1,        101,       5.05   ,  -0.367781
          2,  398,         20,        917,       10.1,        101,       5.05   ,   0.467975
          2,  399,        633,        325,       10.1,        101,       5.05   ,   0.693836
          2,  400,        526,        698,       10.1,        101,       5.05   ,    1.46649
          2,  401,        526,        108,       10.1,        101,       5.05   ,  -0.405775
          2,  402,         85,        492,       10.1,        101,       5.05   ,    -1.4923
          2,  403,         85,        223,       10.1,        101,       5.05   ,   0.482683
          2,  404,        577,        923,       10.1,        101,       5.05   ,   -1.33727
          2,  405,        174,        375,       10.1,        101,       5.05   ,   -1.17862
          2,  406,        929,        867,       10.1,        101,       5.05   ,   -1.01281
          2,  407,        385,        651,       10.1,        101,       5.05   ,   -1.48096
          2,  408,        925,        380,       10.1,        101,       5.05   ,   -1.38824
          2,  409,        607,         27,       10.1,        101,       5.05   ,   -0.14226
          2,  410,        182,        659,       10.1,        101,       5.05   ,    1.32927
          2,  411,        125,        382,       10.1,        101,       5.05   ,    1.23445
          2,  412,        171,        204,       10.1,        101,       5.05   ,   -1.11103
          2,  413,        308,         48,       10.1,        101,       5.05   ,   0.593902
          2,  414,        485,        499,       10.1,        101,       5.05   ,    1.48843
          2,  415,        467,        505,       10.1,        101,       5.05   ,  -0.977046
          2,  416,        773,        372,       10.1,        101,       5.05   ,    1.26454
          2,  417,        996,         88,       10.1,        101,       5.05   ,   0.950113
          2,  418,        250,        673,       10.1,        101,       5.05   ,  -0.761882
          2,  419,        959,         48,       10.1,        101,       5.05   ,   0.834227
          2,  420,        624,         20,       10.1,        101,       5.05   ,    1.06405
          2,  421,        968,        120,       10.1,        101,       5.05   ,   0.922787
          2,  422,          8,        939,       10.1,        101,       5.05   ,   0.418592
          2,  423,        522,        422,       10.1,        101,       5.05   ,  0.0458786
          2,  424,        311,        498,       10.1,        101,       5.05   ,    1.12256
          2,  425,        338,        414,       10.1,        101,       5.05   ,   -0.57915
          2,  426,        913,         21,       10.1,        101,       5.05   ,   0.130134
          2,  427,         63,        884,       10.1,        101,       5.05   ,    -1.0613
          2,  428,         76,        892,       10.1,        101,       5.05   ,  -0.630286
          2,  429,        362,        887,       10.1,        101,       5.05   ,  -0.742995
          2,  430,        553,        901,       10.1,        101,       5.05   ,    1.44047
          2,  431,        871,        388,       10.1,        101,       5.05   ,   -1.04877
          2,  432,         72,         96,       10.1,        101,       5.05   ,  -0.871111
          2,  433,        876,        544,       10.1,        101,       5.05   ,   0.793346
          2,  434,        927,        222,       10.1,        101,       5.05   ,   0.643449
          2,  435,        575,        226,       10.1,        101,       5.05   ,    1.46957
          2,  436,        726,        210,       10.1,        101,       5.05   ,   -1.16184
          2,  437,        823,        975,       10.1,        101,       5.05   ,  -0.182357
          2,  438,         67,        488,       10.1,        101,       5.05   ,  -0.760947
          2,  439,        734,        114,       10.1,        101,       5.05   ,   0.685839
          2,  440,         24,        227,       10.1,        101,       5.05   ,     1.2387
          2,  441,        812,         91,       10.1,        101,       5.05   ,   0.496919
          2,  442,        886,        386,       10.1,        101,       5.05   ,   -1.09008
          2,  443,        845,        719,       10.1,        101,       5.05   ,    1.43179
          2,  444,        541,        159,       10.1,        101,       5.05   ,   -1.13677
          2,  445,        139,        764,       10.1,        101,       5.05   ,   -1.36029
          2,  446,        145,        765,       10.1,        101,       5.05   ,     1.1925
          2,  447,        311,        157,       10.1,        101,       5.05   ,   -1.21842
          2,  448,        699,        909,       10.1,        101,       5.05   ,   0.445247
          2,  449,        583,        254,       10.1,        101,       5.05   , -0.0045147
          2,  450,        737,         70,       10.1,        101,       5.05   ,   0.101133
          2,  451,        282,        519,       10.1,        101,       5.05   ,    1.27585
          2,  452,        346,        218,       10.1,        101,       5.05   ,    1.13462
          2,  453,        479,        422,       10.1,        101,       5.05   ,  -0.806355
          2,  454,        604,        464,       10.1,        101,       5.05   ,   0.905269
          2,  455,        241,        376,       10.1,        101,       5.05   ,  -0.280573
          2,  456,        829,        279,       10.1,        101,       5.05   ,   -0.90285
          2,  457,         83,        436,       10.1,        101,       5.05   ,   -1.31532
          2,  458,        967,        611,       10.1,        101,       5.05   ,   -1.09505
          2,  459,        710,        636,       10.1,        101,       5.05   ,    1.57063
          2,  460,        297,        149,       10.1,        101,       5.05   ,   0.831555
          2,  461,        228,         51,       10.1,        101,       5.05   ,    1.38764
          2,  462,        226,        920,       10.1,        101,       5.05   ,   -1.25672
          2,  463,        558,         65,       10.1,        101,       5.05   ,  -0.112018
          2,  464,        728,        373,       10.1,        101,       5.05   ,   -1.50583
          2,  465,        858,        346,       10.1,        101,       5.05   ,    1.01666
          2,  466,        700,        306,       10.1,        101,       5.05   ,   0.179961
          2,  467,        459,        365,       10.1,        101,       5.05   ,  -0.364761
          2,  468,        983,        982,       10.1,        101,       5.05   ,  -0.225708
          2,  469,         62,        560,       10.1,        101,       5.05   ,   -1.51081
          2,  470,        844,        116,       10.1,        101,       5.05   ,   -1.03359
          2,  471,         28,        218,       10.1,        101,       5.05   ,    1.11902
          2,  472,         54,          9,       10.1,        101,       5.05   ,   -1.56039
          2,  473,        270,        395,       10.1,        101,       5.05   ,  0.0569746
          2,  474,        695,        690,       10.1,        101,       5.05   ,  -0.951403
          2,  475,        449,        700,       10.1,        101,       5.05   ,   0.797735
          2,  476,         40,        409,       10.1,        101,       5.05   ,  -0.719513
          2,  477,        889,        908,       10.1,        101,       5.05   ,  -0.883046
          2,  478,        397,        396,       10.1,        101,       5.05   ,  -0.484929
          2,  479,        134,        870,       10.1,        101,       5.05   ,    1.38689
          2,  480,        270,        301,       10.1,        101,       5.05   ,    1.50803
          2,  481,        450,        261,       10.1,        101,       5.05   ,    1.36217
          2,  482,        113,        526,       10.1,        101,       5.05   ,   0.233338
          2,  483,        342,        185,       10.1,        101,       5.05   ,  -0.812514
          2,  484,        160,        426,       10.1,        101,       5.05   ,   0.327506
          2,  485,        123,        844,       10.1,        101,       5.05   ,    1.47967
          2,  486,         84,        361,       10.1,        101,       5.05   ,   -1.15532
          2,  487,        952,        468,       10.1,        101,       5.05   ,    1.09629
          2,  488,        503,        344,       10.1,        101,       5.05   ,    1.02905
          2,  489,        313,        238,       10.1,        101,       5.05   ,  -0.632257
          2,  490,         81,        792,       10.1,        101,       5.05   ,   0.469528
          2,  491,        979,        957,       10.1,        101,       5.05   ,    1.05329
          2,  492,        111,        689,       10.1,        101,       5.05   ,   0.402092
          2,  493,        906,        974,       10.1,        101,       5.05   ,   0.777349
          2,  494,        273,        797,       10.1,        101,       5.05   ,    1.25447
          2,  495,        866,        404,       10.1,        101,       5.05   ,  -0.169646
          2,  496,        658,        135,       10.1,        101,       5.05   ,  -0.134006
          2,  497,         46,        942,       10.1,        101,       5.05   ,    1.44771
          2,  498,        615,        218,       10.1,        101,       5.05   ,    1.11439
          2,  499,        587,        219,       10.1,        101,       5.05   ,   0.488634
          2,  500,        717,        753,       10.1,        101,       5.05   ,   -0.93187
          2,  501,        988,        475,       10.1,        101,       5.05   ,    1.28084
          2,  502,        303,        223,       10.1,        101,       5.05   ,     1.2364
          2,  503,        138,        697,       10.1,        101,       5.05   ,   0.333545
          2,  504,        274,        792,       10.1,        101,       5.05   ,  -0.025503
          2,  505,        616,        599,       10.1,        101,       5.05   ,  -0.755948
          2,  506,        972,        161,       10.1,        101,       5.05   ,  -0.842238
          2,  507,        198,        728,       10.1,        101,       5.05   ,   0.631385
          2,  508,        746,        200,       10.1,        101,       5.05   ,   0.214498
          2,  509,        615,        291,       10.1,        101,       5.05   ,  -0.370527
          2,  510,        552,        697,       10.1,        101,       5.05   ,   0.474874
          2,  511,        243,        155,       10.1,        101,       5.05   ,   -1.48088
          2,  512,        445,        367,       10.1,        101,       5.05   ,   0.888361
          2,  513,        296,         83,       10.1,        101,       5.05   , -0.0698222
          2,  514,        413,        479,       10.1,        101,       5.05   ,   0.339007
          2,  515,        389,        242,       10.1,        101,       5.05   ,    1.51945
          2,  516,         16,        213,       10.1,        101,       5.05   ,   0.705767
          2,  517,        188,        364,       10.1,        101,       5.05   ,    1.48421
          2,  518,         74,        564,       10.1,        101,       5.05   ,  -0.982135
          2,  519,        681,        694,       10.1,        101,       5.05   ,  -0.693993
          2,  520,        159,        320,       10.1,        101,       5.05   ,    1.06685
          2,  521,        940,        509,       10.1,        101,       5.05   ,    -1.0422
          2,  522,          9,        636,       10.1,        101,       5.05   ,  -0.398738
          2,  523,        948,        229,       10.1,        101,       5.05   ,  -0.561149
          2,  524,        927,        245,       10.1,        101,       5.05   ,   0.692934
          2,  525,        272,        649,       10.1,        101,       5.05   ,  -0.276224
          2,  526,        411,        548,       10.1,        101,       5.05   ,  0.0248879
          2,  527,        590,        301,       10.1,        101,       5.05   ,   -1.12024
          2,  528,        646,        830,       10.1,        101,       5.05   ,  -0.744335
          2,  529,        145,        392,       10.1,        101,       5.05   ,    1.23849
          2,  530,        749,        389,       10.1,        101,       5.05   ,  0.0968027
          2,  531,        793,         45,       10.1,        101,       5.05   ,    1.50692
          2,  532,         73,        531,       10.1,        101,       5.05   ,   0.772731
          2,  533,        975,        344,       10.1,        101,       5.05   ,   0.672782
          2,  534,        164,        699,       10.1,        101,       5.05   ,    1.38431
          2,  535,        957,        305,       10.1,        101,       5.05   ,     1.0882
          2,  536,        394,        872,       10.1,        101,       5.05   ,  -0.404237
          2,  537,        742,        835,       10.1,        101,       5.05   ,   -1.21693
          2,  538,        650,        747,       10.1,        101,       5.05   ,   0.903895
          2,  539,        660,         52,       10.1,        101,       5.05   ,  -0.626485
          2,  540,        915,        553,       10.1,        101,       5.05   , -0.0387626
          2,  541,        397,        982,       10.1,        101,       5.05   ,  -0.321441
          2,  542,        582,        658,       10.1,        101,       5.05   ,     1.4601
          2,  543,        282,        349,       10.1,        101,       5.05   ,  -0.141296
          2,  544,        274,        911,       10.1,        101,       5.05   ,   0.717111
          2,  545,        953,        873,       10.1,        101,       5.05   ,   -1.53693
          2,  546,        251,        494,       10.1,        101,       5.05   ,   -1.29045
          2,  547,        378,         58,       10.1,        101,       5.05   ,   -1.41566
          2,  548,        864,        532,       10.1,        101,       5.05   ,   -1.49015
          2,  549,        411,        755,       10.1,        101,       5.05   ,  -0.604925
          2,  550,        193,        437,       10.1,        101,       5.05   ,   -1.10569
          2,  551,        229,        439,       10.1,        101,       5.05   ,    1.53876
          2,  552,        985,        705,       10.1,        101,       5.05   ,   -1.08315
          2,  553,        561,        803,       10.1,        101,       5.05   ,   -0.39611
          2,  554,        585,        431,       10.1,        101,       5.05   ,  -0.304627
          2,  555,        967,        421,       10.1,        101,       5.05   , -0.0823991
          2,  556,        731,        108,       10.1,        101,       5.05   ,    0.21612
          2,  557,        434,        467,       10.1,        101,       5.05   ,  -0.505801
          2,  558,        276,        782,       10.1,        101,       5.05   ,  -0.815873
          2,  559,        239,        144,       10.1,        101,       5.05   ,   -1.17449
          2,  560,        898,        507,       10.1,        101,       5.05   ,  -0.157722
          2,  561,        450,        370,       10.1,        101,       5.05   ,   -1.21423
          2,  562,        935,         56,       10.1,        101,       5.05   ,  -0.840927
          2,  563,        863,        955,       10.1,        101,       5.05   ,  -0.783736
          2,  564,         54,        402,       10.1,        101,       5.05   ,   -1.53225
          2,  565,        150,        299,       10.1,        101,       5.05   ,  -0.973528
          2,  566,        430,        446,       10.1,        101,       5.05   ,  -0.402376
          2,  567,          9,        909,       10.1,        101,       5.05   ,   -0.30959
          2,  568,        556,        529,       10.1,        101,       5.05   ,  -0.863914
          2,  569,        163,        420,       10.1,        101,       5.05   ,   0.800644
          2,  570,        910,        223,       10.1,        101,       5.05   ,   0.738487
          2,  571,        182,        811,       10.1,        101,       5.05   ,    1.23387
          2,  572,        125,        787,       10.1,        101,       5.05   ,    0.80337
          2,  573,        441,        620,       10.1,        101,       5.05   ,    1.38457
          2,  574,        739,        256,       10.1,        101,       5.05   ,    1.46084
          2,  575,        809,        952,       10.1,        101,       5.05   ,  -0.211696
          2,  576,        505,        923,       10.1,        101,       5.05   ,   0.666334
          2,  577,        250,        256,       10.1,        101,       5.05   ,   -1.48419
          2,  578,        173,        211,       10.1,        101,       5.05   ,   0.610321
          2,  579,        392,        129,       10.1,        101,       5.05   ,     1.5369
          2,  580,        142,        181,       10.1,        101,       5.05   ,   0.837946
          2,  581,        942,        696,       10.1,        101,       5.05   ,   0.593841
          2,  582,        982,        371,       10.1,        101,       5.05   ,  -0.070802
          2,  583,         21,        398,       10.1,        101,       5.05   ,    1.18125
          2,  584,        320,        297,       10.1,        101,       5.05   ,   -0.53317
          2,  585,        535,        481,       10.1,        101,       5.05   ,   -1.00244
          2,  586,        342,        579,       10.1,        101,       5.05   ,   0.974731
          2,  587,        667,        532,       10.1,        101,       5.05   ,  -0.161728
          2,  588,        461,        687,       10.1,        101,       5.05   ,   0.131863
          2,  589,        812,        426,       10.1,        101,       5.05   ,   -1.10339
          2,  590,        726,        784,       10.1,        101,       5.05   , -0.0727661
          2,  591,        822,        947,       10.1,        101,       5.05   ,   0.209796
          2,  592,        124,        352,       10.1,        101,       5.05   ,   0.285697
          2,  593,        722,         43,       10.1,        101,       5.05   ,   0.294923
          2,  594,        513,        428,       10.1,        101,       5.05   ,  -0.637027
          2,  595,        886,        522,       10.1,        101,       5.05   ,   -1.49274
          2,  596,        133,        354,       10.1,        101,       5.05   ,    1.08997
          2,  597,        391,        349,       10.1,        101,       5.05   ,    1.48805
          2,  598,        745,        402,       10.1,        101,       5.05   ,   -1.05317
          2,  599,        139,         57,       10.1,        101,       5.05   ,   0.690024
          2,  600,        499,        578,       10.1,        101,       5.05   ,     1.2487
          2,  601,        145,        652,       10.1,        101,       5.05   ,   -1.02672
          2,  602,        375,        395,       10.1,        101,       5.05   ,   -1.55253
          2,  603,        313,        713,       10.1,        101,       5.05   ,  -0.784074
          2,  604,        540,        603,       10.1,        101,       5.05   ,   -0.22464
          2,  605,        932,        639,       10.1,        101,       5.05   ,  -0.965381
          2,  606,        841,        416,       10.1,        101,       5.05   ,    1.24519
          2,  607,        791,        112,       10.1,        101,       5.05   ,  -0.576676
          2,  608,        962,        212,       10.1,        101,       5.05   ,    1.12867
          2,  609,        266,        824,       10.1,        101,       5.05   ,  -0.983414
          2,  610,        825,        896,       10.1,        101,       5.05   ,    1.22706
          2,  611,        158,        970,       10.1,        101,       5.05   ,   -1.31368
          2,  612,        413,        471,       10.1,        101,       5.05   ,   0.793417
          2,  613,        112,        425,       10.1,        101,       5.05   ,   -1.44597
          2,  614,        542,        401,       10.1,        101,       5.05   ,    1.06589
          2,  615,        809,        455,       10.1,        101,       5.05   ,  -0.162676
          2,  616,        981,        485,       10.1,        101,       5.05   ,    -1.1249
          2,  617,        655,         90,       10.1,        101,       5.05   ,    1.09172
          2,  618,        880,        840,       10.1,        101,       5.05   ,   0.676995
          2,  619,        903,        519,       10.1,        101,       5.05   ,    1.41529
          2,  620,        876,         79,       10.1,        101,       5.05   ,  -0.267165
          2,  621,        504,        326,       10.1,        101,       5.05   ,  -0.794343
          2,  622,        744,        678,       10.1,        101,       5.05   ,  -0.787505
          2,  623,        849,        467,       10.1,        101,       5.05   ,    1.49268
          2,  624,        875,        272,       10.1,        101,       5.05   ,   -1.52401
          2,  625,        720,        608,       10.1,        101,       5.05   ,  -0.329946
          2,  626,        270,        421,       10.1,        101,       5.05   ,   -1.39775
          2,  627,        592,        716,       10.1,        101,       5.05   ,    -1.0587
          2,  628,        869,        226,       10.1,        101,       5.05   ,   -1.04826
          2,  629,        233,        434,       10.1,        101,       5.05   , -0.0777009
          2,  630,        856,        918,       10.1,        101,       5.05   ,     1.0502
          2,  631,          6,        416,       10.1,        101,       5.05   ,   0.417792
          2,  632,        382,        351,       10.1,        101,       5.05   ,  -0.792896
          2,  633,        433,        701,       10.1,        101,       5.05   ,  -0.364376
          2,  634,        987,        262,       10.1,        101,       5.05   ,  -0.829558
          2,  635,        932,        425,       10.1,        101,       5.05   ,  -0.681618
------------------------------------------------------------------------------
Component[2] Total Sloped Parallelepiped = 635