Component 2 maximum area=0.323322 [on 1000x1000]
Component type: Sloped rectangle
---------------------------------------------------------------------------------------
--------------|------- Center-----|----- dimensions---------|----------------------
component| id|    X       |     Y      |  Width/a     | height/b |   hoop   |   Slope   
---------------------------------------------------------------------------------------
          2,    1,        195,        879,       10.1,        101,       5.05   ,    1.15426
          2,    2,        258,        572,       10.1,        101,       5.05   ,  -0.760148
          2,    3,        953,        868,       10.1,        101,       5.05   , -0.0858851
          2,    4,        761,        894,       10.1,        101,       5.05   ,   -1.07898
          2,    5,        405,        360,       10.1,        101,       5.05   ,   -1.33874
          2,    6,        601,        640,       10.1,        101,       5.05   ,    1.08317
          2,    7,        208,        985,       10.1,        101,       5.05   ,  -0.826397
          2,    8,         92,        968,       10.1,        101,       5.05   ,  -0.319964
          2,    9,         95,        513,       10.1,        101,       5.05   ,    1.06587
          2,   10,        145,        964,       10.1,        101,       5.05   ,   0.644676
          2,   11,        333,        605,       10.1,        101,       5.05   ,   -1.32807
          2,   12,        193,        943,       10.1,        101,       5.05   ,     1.0498
          2,   13,        556,        615,       10.1,        101,       5.05   ,    1.53014
          2,   14,        532,        945,       10.1,        101,       5.05   ,    -1.4234
          2,   15,        785,        772,       10.1,        101,       5.05   ,    1.53443
          2,   16,        231,        497,       10.1,        101,       5.05   ,   0.748422
          2,   17,        341,        964,       10.1,        101,       5.05   ,  -0.765314
          2,   18,        415,        659,       10.1,        101,       5.05   ,  -0.713508
          2,   19,         79,        684,       10.1,        101,       5.05   ,  -0.531041
          2,   20,        944,        933,       10.1,        101,       5.05   ,   0.380449
          2,   21,        696,        155,       10.1,        101,       5.05   ,      1.178
          2,   22,         95,        632,       10.1,        101,       5.05   ,   0.203706
          2,   23,        414,        397,       10.1,        101,       5.05   ,   0.183299
          2,   24,        131,        720,       10.1,        101,       5.05   ,  -0.800142
          2,   25,        123,        105,       10.1,        101,       5.05   ,   0.619898
          2,   26,        467,        211,       10.1,        101,       5.05   ,  -0.856649
          2,   27,        481,        581,       10.1,        101,       5.05   ,  0.0317744
          2,   28,        784,        948,       10.1,        101,       5.05   ,   -1.38242
          2,   29,        198,         82,       10.1,        101,       5.05   ,   0.807264
          2,   30,        311,        683,       10.1,        101,       5.05   ,     1.3278
          2,   31,        569,        437,       10.1,        101,       5.05   ,  -0.712267
          2,   32,        278,        213,       10.1,        101,       5.05   ,    1.19314
          2,   33,        503,        532,       10.1,        101,       5.05   ,     1.2402
          2,   34,          1,        460,       10.1,        101,       5.05   ,     1.1741
          2,   35,        692,        241,       10.1,        101,       5.05   ,   0.597276
          2,   36,        524,        279,       10.1,        101,       5.05   ,  -0.475947
          2,   37,        828,        583,       10.1,        101,       5.05   ,   0.695952
          2,   38,        881,        172,       10.1,        101,       5.05   ,    1.38858
          2,   39,        693,        973,       10.1,        101,       5.05   ,  -0.563155
          2,   40,         74,        337,       10.1,        101,       5.05   ,   0.541927
          2,   41,        765,         90,       10.1,        101,       5.05   ,    1.10358
          2,   42,        468,        272,       10.1,        101,       5.05   ,  -0.018983
          2,   43,        262,        742,       10.1,        101,       5.05   ,   0.312368
          2,   44,        621,        733,       10.1,        101,       5.05   ,    1.37334
          2,   45,        203,        258,       10.1,        101,       5.05   ,    1.36799
          2,   46,        333,        836,       10.1,        101,       5.05   ,  -0.992553
          2,   47,        627,        280,       10.1,        101,       5.05   ,   0.655716
          2,   48,        372,        666,       10.1,        101,       5.05   ,   0.530453
          2,   49,        166,        307,       10.1,        101,       5.05   ,   -1.31569
          2,   50,        224,        577,       10.1,        101,       5.05   ,   -1.19429
          2,   51,        958,         74,       10.1,        101,       5.05   ,    1.51845
          2,   52,        774,         79,       10.1,        101,       5.05   ,   -1.05104
          2,   53,        250,        780,       10.1,        101,       5.05   ,  -0.199637
          2,   54,        368,        604,       10.1,        101,       5.05   ,   -0.29497
          2,   55,        307,        401,       10.1,        101,       5.05   ,   -1.47502
          2,   56,        402,        730,       10.1,        101,       5.05   ,   0.267973
          2,   57,        597,        313,       10.1,        101,       5.05   , -0.0566655
          2,   58,        943,        837,       10.1,        101,       5.05   ,     1.3509
          2,   59,        803,         53,       10.1,        101,       5.05   ,   0.308276
          2,   60,        396,        567,       10.1,        101,       5.05   ,    1.41192
          2,   61,         40,        749,       10.1,        101,       5.05   ,     1.0539
          2,   62,        167,        127,       10.1,        101,       5.05   ,   0.161866
          2,   63,        483,        242,       10.1,        101,       5.05   ,  -0.503101
          2,   64,        410,        831,       10.1,        101,       5.05   ,    1.45915
          2,   65,        392,        187,       10.1,        101,       5.05   ,  -0.778138
          2,   66,        315,         99,       10.1,        101,       5.05   ,  -0.664713
          2,   67,        851,        289,       10.1,        101,       5.05   ,    1.32509
          2,   68,        479,        624,       10.1,        101,       5.05   ,  -0.998859
          2,   69,        510,        743,       10.1,        101,       5.05   ,    1.40819
          2,   70,        226,        237,       10.1,        101,       5.05   ,  -0.437568
          2,   71,        654,        457,       10.1,        101,       5.05   ,   -1.07191
          2,   72,        664,        128,       10.1,        101,       5.05   ,    1.35645
          2,   73,        894,        307,       10.1,        101,       5.05   ,   0.172426
          2,   74,        135,        311,       10.1,        101,       5.05   ,   0.131653
          2,   75,        837,        805,       10.1,        101,       5.05   ,   -1.38073
          2,   76,        714,        643,       10.1,        101,       5.05   ,    -1.0446
          2,   77,        501,        990,       10.1,        101,       5.05   ,    0.51209
          2,   78,        863,        336,       10.1,        101,       5.05   ,  -0.252772
          2,   79,        563,        784,       10.1,        101,       5.05   ,  -0.261458
          2,   80,        396,        485,       10.1,        101,       5.05   ,    0.46502
          2,   81,         63,        752,       10.1,        101,       5.05   ,    1.02364
          2,   82,        476,        364,       10.1,        101,       5.05   ,   -1.55132
          2,   83,        621,        674,       10.1,        101,       5.05   ,   0.504876
          2,   84,        614,        937,       10.1,        101,       5.05   ,  -0.170382
          2,   85,        556,        291,       10.1,        101,       5.05   ,    1.40193
          2,   86,        577,        147,       10.1,        101,       5.05   ,  -0.952077
          2,   87,         81,        314,       10.1,        101,       5.05   ,   -0.59303
          2,   88,        270,        984,       10.1,        101,       5.05   ,   -1.45482
          2,   89,        252,        332,       10.1,        101,       5.05   ,   -0.10044
          2,   90,        139,         92,       10.1,        101,       5.05   ,   0.446508
          2,   91,         91,        385,       10.1,        101,       5.05   ,  -0.945741
          2,   92,        849,        496,       10.1,        101,       5.05   ,    1.43957
          2,   93,        815,         51,       10.1,        101,       5.05   ,  -0.746448
          2,   94,        238,        812,       10.1,        101,       5.05   ,    1.08998
          2,   95,        577,        125,       10.1,        101,       5.05   ,   0.759244
          2,   96,        349,        176,       10.1,        101,       5.05   ,   0.646046
          2,   97,        335,        867,       10.1,        101,       5.05   ,   0.152946
          2,   98,        826,        900,       10.1,        101,       5.05   ,   0.494546
          2,   99,        263,        887,       10.1,        101,       5.05   ,   -1.28494
          2,  100,        687,        580,       10.1,        101,       5.05   ,  -0.489339
          2,  101,        298,        252,       10.1,        101,       5.05   ,    0.35513
          2,  102,        849,        831,       10.1,        101,       5.05   ,   -1.18695
          2,  103,        829,        538,       10.1,        101,       5.05   ,  -0.944746
          2,  104,        551,        500,       10.1,        101,       5.05   ,   0.890921
          2,  105,        158,        579,       10.1,        101,       5.05   ,   -1.06668
          2,  106,        180,        973,       10.1,        101,       5.05   ,   0.750453
          2,  107,        322,        447,       10.1,        101,       5.05   ,   -1.08673
          2,  108,        477,        389,       10.1,        101,       5.05   ,  -0.279634
          2,  109,        149,        757,       10.1,        101,       5.05   ,   -1.51895
          2,  110,        103,          2,       10.1,        101,       5.05   ,   0.135372
          2,  111,        336,         67,       10.1,        101,       5.05   ,     1.0159
          2,  112,        352,        913,       10.1,        101,       5.05   ,  -0.214705
          2,  113,        866,        267,       10.1,        101,       5.05   ,    1.39146
          2,  114,        647,        185,       10.1,        101,       5.05   ,   0.998851
          2,  115,        630,        172,       10.1,        101,       5.05   ,    1.36061
          2,  116,         54,        952,       10.1,        101,       5.05   ,   0.312373
          2,  117,        684,        547,       10.1,        101,       5.05   ,    0.15989
          2,  118,        389,         23,       10.1,        101,       5.05   ,   0.511505
          2,  119,        439,        833,       10.1,        101,       5.05   ,   0.884915
          2,  120,         47,        745,       10.1,        101,       5.05   ,   -1.02376
          2,  121,        623,        113,       10.1,        101,       5.05   ,   0.420454
          2,  122,        926,        240,       10.1,        101,       5.05   ,  -0.316525
          2,  123,        529,        114,       10.1,        101,       5.05   ,   0.550118
          2,  124,        983,        730,       10.1,        101,       5.05   ,   0.200812
          2,  125,        336,        910,       10.1,        101,       5.05   ,   0.306444
          2,  126,        808,         54,       10.1,        101,       5.05   ,  0.0075816
          2,  127,        230,        219,       10.1,        101,       5.05   ,   0.159154
          2,  128,        447,        607,       10.1,        101,       5.05   ,   0.475504
          2,  129,        124,        258,       10.1,        101,       5.05   ,  -0.841879
          2,  130,        951,        271,       10.1,        101,       5.05   ,   0.725926
          2,  131,        526,        398,       10.1,        101,       5.05   ,    1.18488
          2,  132,        578,        343,       10.1,        101,       5.05   ,   0.536928
          2,  133,        722,        783,       10.1,        101,       5.05   ,    1.20939
          2,  134,        847,        576,       10.1,        101,       5.05   ,  -0.865929
          2,  135,         66,        298,       10.1,        101,       5.05   ,  -0.671061
          2,  136,        836,         66,       10.1,        101,       5.05   ,    1.41476
          2,  137,        955,        868,       10.1,        101,       5.05   ,  -0.383306
          2,  138,        730,        432,       10.1,        101,       5.05   ,   -1.53724
          2,  139,        500,        997,       10.1,        101,       5.05   ,    0.77006
          2,  140,        169,        114,       10.1,        101,       5.05   ,   -1.02202
          2,  141,        380,        571,       10.1,        101,       5.05   ,    1.47886
          2,  142,        572,        328,       10.1,        101,       5.05   ,   -1.21201
          2,  143,        506,        187,       10.1,        101,       5.05   ,   0.786275
          2,  144,        847,        833,       10.1,        101,       5.05   ,   0.925091
          2,  145,        226,        769,       10.1,        101,       5.05   ,    1.46444
          2,  146,        197,        231,       10.1,        101,       5.05   ,  -0.184685
          2,  147,        237,        772,       10.1,        101,       5.05   ,    1.12643
          2,  148,        865,        772,       10.1,        101,       5.05   ,   -0.19991
          2,  149,         90,         96,       10.1,        101,       5.05   ,  -0.227494
          2,  150,        542,        531,       10.1,        101,       5.05   ,  -0.381515
          2,  151,        355,        866,       10.1,        101,       5.05   ,    -1.2685
          2,  152,        940,        390,       10.1,        101,       5.05   ,  -0.818985
          2,  153,        579,         59,       10.1,        101,       5.05   ,    -1.4322
          2,  154,        493,        733,       10.1,        101,       5.05   ,   0.927094
          2,  155,        772,        274,       10.1,        101,       5.05   ,   0.224763
          2,  156,        602,        151,       10.1,        101,       5.05   ,    1.35013
          2,  157,        716,        749,       10.1,        101,       5.05   ,   0.130753
          2,  158,        834,        154,       10.1,        101,       5.05   ,   0.391254
          2,  159,        741,         68,       10.1,        101,       5.05   ,    1.13364
          2,  160,        812,        878,       10.1,        101,       5.05   ,   -0.45484
          2,  161,         63,        770,       10.1,        101,       5.05   ,    1.39377
          2,  162,        149,        565,       10.1,        101,       5.05   ,   0.286742
          2,  163,        174,        225,       10.1,        101,       5.05   ,    1.05848
          2,  164,        427,        704,       10.1,        101,       5.05   ,   -1.02446
          2,  165,        280,        809,       10.1,        101,       5.05   ,   -1.25919
          2,  166,        293,        474,       10.1,        101,       5.05   ,    1.24538
          2,  167,         59,         84,       10.1,        101,       5.05   ,    1.56259
          2,  168,        471,         68,       10.1,        101,       5.05   ,  -0.729761
          2,  169,        926,        625,       10.1,        101,       5.05   ,  -0.954941
          2,  170,        306,        928,       10.1,        101,       5.05   ,  -0.578801
          2,  171,        984,         52,       10.1,        101,       5.05   ,  -0.165114
          2,  172,         57,        816,       10.1,        101,       5.05   ,  -0.898014
          2,  173,        379,         73,       10.1,        101,       5.05   ,    1.09675
          2,  174,        800,        417,       10.1,        101,       5.05   ,   0.572091
          2,  175,        114,        926,       10.1,        101,       5.05   ,   0.841956
          2,  176,        224,        422,       10.1,        101,       5.05   ,  -0.763134
          2,  177,         94,         70,       10.1,        101,       5.05   ,   -0.77601
          2,  178,        631,        618,       10.1,        101,       5.05   ,   0.620456
          2,  179,        134,        436,       10.1,        101,       5.05   ,    1.00111
          2,  180,        650,        991,       10.1,        101,       5.05   ,    -1.1092
          2,  181,         36,        266,       10.1,        101,       5.05   ,    1.47545
          2,  182,        228,        316,       10.1,        101,       5.05   , -0.0197974
          2,  183,        539,        861,       10.1,        101,       5.05   ,     0.6684
          2,  184,        980,        638,       10.1,        101,       5.05   ,    1.53007
          2,  185,        554,        710,       10.1,        101,       5.05   ,  -0.522453
          2,  186,        973,        248,       10.1,        101,       5.05   ,   -1.17969
          2,  187,        123,         86,       10.1,        101,       5.05   ,   0.898393
          2,  188,        288,        364,       10.1,        101,       5.05   ,   -1.19973
          2,  189,        459,        498,       10.1,        101,       5.05   ,  -0.365934
          2,  190,        279,         46,       10.1,        101,       5.05   ,   -1.40363
          2,  191,        898,         61,       10.1,        101,       5.05   ,   0.107126
          2,  192,        386,        446,       10.1,        101,       5.05   ,   0.650159
          2,  193,        374,        767,       10.1,        101,       5.05   ,       1.21
          2,  194,        976,        633,       10.1,        101,       5.05   ,   -0.24769
          2,  195,        796,        949,       10.1,        101,       5.05   ,   -1.35896
          2,  196,        759,        187,       10.1,        101,       5.05   , -0.0399041
          2,  197,        529,        652,       10.1,        101,       5.05   ,  -0.660814
          2,  198,         57,        359,       10.1,        101,       5.05   ,  -0.370976
          2,  199,        528,        125,       10.1,        101,       5.05   ,   0.806309
          2,  200,        662,         39,       10.1,        101,       5.05   ,  -0.633979
          2,  201,        106,        231,       10.1,        101,       5.05   ,   -1.24861
          2,  202,        178,        683,       10.1,        101,       5.05   ,  -0.764294
          2,  203,        675,        642,       10.1,        101,       5.05   ,    1.18583
          2,  204,        709,        906,       10.1,        101,       5.05   ,   -1.55219
          2,  205,        919,         41,       10.1,        101,       5.05   ,  -0.309033
          2,  206,        548,        779,       10.1,        101,       5.05   ,   0.699254
          2,  207,        820,        243,       10.1,        101,       5.05   ,  -0.394274
          2,  208,        935,        806,       10.1,        101,       5.05   ,   -1.22781
          2,  209,        500,        921,       10.1,        101,       5.05   ,   -1.42524
          2,  210,        548,        523,       10.1,        101,       5.05   ,  -0.613144
          2,  211,         14,        975,       10.1,        101,       5.05   ,  0.0456597
          2,  212,        447,        317,       10.1,        101,       5.05   ,   0.528707
          2,  213,        918,        525,       10.1,        101,       5.05   ,   0.743746
          2,  214,         65,        529,       10.1,        101,       5.05   ,    1.34401
          2,  215,        939,        832,       10.1,        101,       5.05   ,    1.00502
          2,  216,        239,        345,       10.1,        101,       5.05   ,   -1.21412
          2,  217,        705,        296,       10.1,        101,       5.05   ,    -1.2227
          2,  218,        957,        402,       10.1,        101,       5.05   ,  -0.323639
          2,  219,        903,        144,       10.1,        101,       5.05   ,   0.249801
          2,  220,        538,        759,       10.1,        101,       5.05   ,   0.181749
          2,  221,        346,        490,       10.1,        101,       5.05   ,   -1.22934
          2,  222,        459,        530,       10.1,        101,       5.05   ,    1.56893
          2,  223,        526,        798,       10.1,        101,       5.05   ,   -1.47267
          2,  224,        519,        821,       10.1,        101,       5.05   ,   0.074603
          2,  225,        973,        866,       10.1,        101,       5.05   ,  0.0654683
          2,  226,         10,        680,       10.1,        101,       5.05   ,  -0.139425
          2,  227,        262,         37,       10.1,        101,       5.05   ,   -1.57068
          2,  228,        610,        266,       10.1,        101,       5.05   ,  -0.252556
          2,  229,        924,        132,       10.1,        101,       5.05   ,   0.537085
          2,  230,        912,         26,       10.1,        101,       5.05   ,   0.550527
          2,  231,        893,        925,       10.1,        101,       5.05   ,   -1.17325
          2,  232,        419,        486,       10.1,        101,       5.05   ,   0.875594
          2,  233,        165,         25,       10.1,        101,       5.05   ,   0.300462
          2,  234,        206,        824,       10.1,        101,       5.05   ,   0.621101
          2,  235,        647,        716,       10.1,        101,       5.05   ,   0.183148
          2,  236,        208,        258,       10.1,        101,       5.05   ,    1.40473
          2,  237,        623,        201,       10.1,        101,       5.05   ,  -0.379586
          2,  238,        875,        903,       10.1,        101,       5.05   ,   0.397039
          2,  239,        662,        441,       10.1,        101,       5.05   ,  -0.229212
          2,  240,         96,        741,       10.1,        101,       5.05   ,  -0.230367
          2,  241,        937,        422,       10.1,        101,       5.05   ,  -0.118908
          2,  242,        402,        417,       10.1,        101,       5.05   ,  -0.803304
          2,  243,        183,        705,       10.1,        101,       5.05   ,     1.0353
          2,  244,        200,        287,       10.1,        101,       5.05   ,    1.31236
          2,  245,        817,        639,       10.1,        101,       5.05   ,  -0.390703
          2,  246,        663,        650,       10.1,        101,       5.05   ,  -0.609284
          2,  247,        383,        255,       10.1,        101,       5.05   ,  -0.540963
          2,  248,        951,        876,       10.1,        101,       5.05   ,     -1.038
          2,  249,        897,        777,       10.1,        101,       5.05   ,   -1.37381
          2,  250,         14,        573,       10.1,        101,       5.05   ,  -0.960752
          2,  251,        596,        647,       10.1,        101,       5.05   ,  -0.393289
          2,  252,        333,        922,       10.1,        101,       5.05   ,    -1.3363
          2,  253,        123,        705,       10.1,        101,       5.05   ,   -1.04549
          2,  254,        189,        730,       10.1,        101,       5.05   ,    0.69425
          2,  255,        949,        146,       10.1,        101,       5.05   ,   0.656575
          2,  256,        940,        848,       10.1,        101,       5.05   ,  -0.104963
          2,  257,        738,        702,       10.1,        101,       5.05   ,     1.5465
          2,  258,        955,        207,       10.1,        101,       5.05   ,  -0.361113
          2,  259,        585,        491,       10.1,        101,       5.05   ,  -0.621758
          2,  260,        773,        513,       10.1,        101,       5.05   ,   0.703299
          2,  261,        203,        884,       10.1,        101,       5.05   ,  -0.329657
          2,  262,        494,        565,       10.1,        101,       5.05   ,   -1.37243
          2,  263,        274,        768,       10.1,        101,       5.05   ,    0.90881
          2,  264,        807,        585,       10.1,        101,       5.05   ,  -0.114411
          2,  265,        925,        530,       10.1,        101,       5.05   ,  -0.729157
          2,  266,        674,        581,       10.1,        101,       5.05   ,   0.424344
          2,  267,        205,        585,       10.1,        101,       5.05   , 0.00667267
          2,  268,        323,        201,       10.1,        101,       5.05   ,    1.51789
          2,  269,        320,        450,       10.1,        101,       5.05   ,   0.998249
          2,  270,        103,        393,       10.1,        101,       5.05   ,  -0.117124
          2,  271,        373,        478,       10.1,        101,       5.05   ,   0.382931
          2,  272,        965,        610,       10.1,        101,       5.05   ,   -1.41654
          2,  273,        900,        842,       10.1,        101,       5.05   ,  -0.335193
          2,  274,        934,        160,       10.1,        101,       5.05   ,   0.166813
          2,  275,        941,        787,       10.1,        101,       5.05   ,    1.38508
          2,  276,        339,        300,       10.1,        101,       5.05   , -0.0470182
          2,  277,         76,        722,       10.1,        101,       5.05   ,  -0.897274
          2,  278,        177,        356,       10.1,        101,       5.05   ,   0.748363
          2,  279,        664,        249,       10.1,        101,       5.05   ,  -0.792314
          2,  280,        537,        532,       10.1,        101,       5.05   ,     -1.025
          2,  281,        222,        113,       10.1,        101,       5.05   ,  -0.861985
          2,  282,        217,        452,       10.1,        101,       5.05   ,  0.0959068
          2,  283,        730,        288,       10.1,        101,       5.05   ,  -0.355381
          2,  284,        679,        442,       10.1,        101,       5.05   ,  -0.684372
          2,  285,         45,        958,       10.1,        101,       5.05   ,   0.734732
          2,  286,        123,        734,       10.1,        101,       5.05   ,    1.44037
          2,  287,        305,        241,       10.1,        101,       5.05   ,   0.196659
          2,  288,        713,        669,       10.1,        101,       5.05   ,   -1.47551
          2,  289,        449,         73,       10.1,        101,       5.05   ,    0.67584
          2,  290,        254,        968,       10.1,        101,       5.05   ,   0.834152
          2,  291,        767,        581,       10.1,        101,       5.05   ,  -0.290289
          2,  292,        644,        891,       10.1,        101,       5.05   ,   0.127804
          2,  293,        769,        953,       10.1,        101,       5.05   ,   0.932244
          2,  294,        777,        406,       10.1,        101,       5.05   ,   -0.82327
          2,  295,        175,        556,       10.1,        101,       5.05   ,    1.28537
          2,  296,         81,        200,       10.1,        101,       5.05   ,   -1.10035
          2,  297,         84,        498,       10.1,        101,       5.05   ,   0.749328
          2,  298,         21,        452,       10.1,        101,       5.05   ,  -0.263754
          2,  299,        562,        191,       10.1,        101,       5.05   ,   -0.58318
          2,  300,        973,        492,       10.1,        101,       5.05   ,  -0.966584
          2,  301,        835,         92,       10.1,        101,       5.05   ,   -1.05131
          2,  302,        465,         26,       10.1,        101,       5.05   ,  -0.269739
          2,  303,        639,        634,       10.1,        101,       5.05   ,    1.15788
          2,  304,        418,        747,       10.1,        101,       5.05   ,  -0.215718
          2,  305,        912,        536,       10.1,        101,       5.05   ,  -0.380544
          2,  306,        652,        612,       10.1,        101,       5.05   ,   -1.31978
          2,  307,        305,        631,       10.1,        101,       5.05   ,   -1.07704
          2,  308,         46,        411,       10.1,        101,       5.05   ,    0.87665
          2,  309,        592,         22,       10.1,        101,       5.05   ,    1.50438
          2,  310,        228,        713,       10.1,        101,       5.05   ,    1.08763
          2,  311,          9,        997,       10.1,        101,       5.05   ,   -1.14417
          2,  312,        234,        406,       10.1,        101,       5.05   , -0.0862278
          2,  313,        564,          4,       10.1,        101,       5.05   ,     1.1629
          2,  314,        788,        397,       10.1,        101,       5.05   ,    1.08684
          2,  315,        157,         72,       10.1,        101,       5.05   ,  -0.485411
          2,  316,        964,        486,       10.1,        101,       5.05   ,    1.06023
          2,  317,        228,        124,       10.1,        101,       5.05   ,  -0.212788
          2,  318,        399,        346,       10.1,        101,       5.05   ,   0.385356
          2,  319,        543,        243,       10.1,        101,       5.05   ,   0.728896
          2,  320,        236,        539,       10.1,        101,       5.05   ,   0.937929
          2,  321,        176,        451,       10.1,        101,       5.05   ,  -0.265401
          2,  322,        598,        841,       10.1,        101,       5.05   ,    1.53358
          2,  323,        517,        107,       10.1,        101,       5.05   ,  0.0148111
          2,  324,        205,        880,       10.1,        101,       5.05   ,  -0.288119
          2,  325,        768,        846,       10.1,        101,       5.05   ,    1.36419
          2,  326,        608,         58,       10.1,        101,       5.05   ,   -1.57068
          2,  327,        446,        304,       10.1,        101,       5.05   ,   -0.83889
          2,  328,          1,        163,       10.1,        101,       5.05   ,  -0.664267
          2,  329,        128,        330,       10.1,        101,       5.05   ,  -0.527363
          2,  330,        724,        743,       10.1,        101,       5.05   ,  -0.754682
          2,  331,        542,        819,       10.1,        101,       5.05   ,   -1.03893
          2,  332,        138,        134,       10.1,        101,       5.05   ,    1.31483
          2,  333,        396,        691,       10.1,        101,       5.05   ,    1.47685
          2,  334,        578,         31,       10.1,        101,       5.05   ,   0.994488
          2,  335,        342,        421,       10.1,        101,       5.05   ,    1.31073
          2,  336,        472,        320,       10.1,        101,       5.05   ,   0.674947
          2,  337,        181,        260,       10.1,        101,       5.05   ,    1.10514
          2,  338,        742,        492,       10.1,        101,       5.05   ,  -0.113535
          2,  339,         30,        506,       10.1,        101,       5.05   ,    1.21316
          2,  340,        323,        219,       10.1,        101,       5.05   ,   0.737321
          2,  341,        467,        737,       10.1,        101,       5.05   , -0.0411247
          2,  342,        712,        231,       10.1,        101,       5.05   ,   -1.48533
          2,  343,        915,        789,       10.1,        101,       5.05   ,   0.247517
          2,  344,        732,          6,       10.1,        101,       5.05   ,   -1.46645
          2,  345,        877,        489,       10.1,        101,       5.05   ,    0.53826
          2,  346,        256,         41,       10.1,        101,       5.05   ,    1.49197
          2,  347,        588,        261,       10.1,        101,       5.05   ,    1.29202
          2,  348,        769,        117,       10.1,        101,       5.05   ,  -0.163842
          2,  349,        839,        780,       10.1,        101,       5.05   ,   -1.34467
          2,  350,        541,        841,       10.1,        101,       5.05   ,    1.28132
          2,  351,        445,        295,       10.1,        101,       5.05   ,    1.48809
          2,  352,        603,        114,       10.1,        101,       5.05   ,  -0.801728
          2,  353,        977,         18,       10.1,        101,       5.05   ,    -1.5053
          2,  354,        251,        877,       10.1,        101,       5.05   ,   -1.02517
          2,  355,        731,        383,       10.1,        101,       5.05   ,  -0.859865
          2,  356,        216,        234,       10.1,        101,       5.05   ,  -0.691036
          2,  357,        520,        808,       10.1,        101,       5.05   ,    1.25757
          2,  358,        223,        269,       10.1,        101,       5.05   , -0.0140484
          2,  359,        658,        766,       10.1,        101,       5.05   ,     -1.464
          2,  360,        540,        714,       10.1,        101,       5.05   ,  -0.733025
          2,  361,        706,        802,       10.1,        101,       5.05   ,  0.0702452
          2,  362,        475,        140,       10.1,        101,       5.05   ,    -0.7826
          2,  363,        499,        312,       10.1,        101,       5.05   ,    1.05221
          2,  364,        566,         89,       10.1,        101,       5.05   ,   -1.51913
          2,  365,        896,        736,       10.1,        101,       5.05   ,   0.949689
          2,  366,        632,        232,       10.1,        101,       5.05   ,    1.35427
          2,  367,        223,         84,       10.1,        101,       5.05   , -0.0696032
          2,  368,        200,        881,       10.1,        101,       5.05   ,-0.00562821
          2,  369,        297,        877,       10.1,        101,       5.05   ,   0.319756
          2,  370,        902,        477,       10.1,        101,       5.05   ,    1.48444
          2,  371,          2,        728,       10.1,        101,       5.05   ,   0.186482
          2,  372,        791,        491,       10.1,        101,       5.05   , -0.0358784
          2,  373,        833,        683,       10.1,        101,       5.05   ,   -1.13368
          2,  374,        252,        518,       10.1,        101,       5.05   ,   -0.36749
          2,  375,        919,        979,       10.1,        101,       5.05   ,    1.07198
          2,  376,        606,        760,       10.1,        101,       5.05   ,    1.05516
          2,  377,        115,        347,       10.1,        101,       5.05   ,   -1.01295
          2,  378,        244,        197,       10.1,        101,       5.05   ,  -0.155424
          2,  379,        486,        752,       10.1,        101,       5.05   ,     0.5376
          2,  380,        395,        148,       10.1,        101,       5.05   ,  -0.109424
          2,  381,        672,        323,       10.1,        101,       5.05   ,  -0.542771
          2,  382,        671,        641,       10.1,        101,       5.05   ,   -1.39488
          2,  383,        982,        353,       10.1,        101,       5.05   ,   -0.10365
          2,  384,        903,        210,       10.1,        101,       5.05   ,   0.743318
          2,  385,        507,        664,       10.1,        101,       5.05   ,  -0.516264
          2,  386,        408,        279,       10.1,        101,       5.05   ,  -0.592882
          2,  387,         75,        946,       10.1,        101,       5.05   ,   -1.43896
          2,  388,        652,        582,       10.1,        101,       5.05   ,   0.919803
          2,  389,        914,        620,       10.1,        101,       5.05   ,   -1.41687
          2,  390,        848,        853,       10.1,        101,       5.05   ,    -1.1924
          2,  391,        953,        785,       10.1,        101,       5.05   ,   -1.15001
          2,  392,        235,        957,       10.1,        101,       5.05   ,  -0.652282
          2,  393,         18,        886,       10.1,        101,       5.05   ,   -1.37621
          2,  394,        628,        395,       10.1,        101,       5.05   ,  -0.992444
          2,  395,        938,        487,       10.1,        101,       5.05   ,   -1.38844
          2,  396,        293,        287,       10.1,        101,       5.05   ,   -1.21681
          2,  397,        472,         71,       10.1,        101,       5.05   ,   -1.51769
          2,  398,        963,        756,       10.1,        101,       5.05   ,   -1.37336
          2,  399,        856,        338,       10.1,        101,       5.05   ,  -0.200605
          2,  400,        969,        960,       10.1,        101,       5.05   ,  -0.892801
          2,  401,        755,        625,       10.1,        101,       5.05   ,   0.334679
          2,  402,        759,        422,       10.1,        101,       5.05   ,    1.11567
          2,  403,        785,         70,       10.1,        101,       5.05   ,   -1.49596
          2,  404,        721,        487,       10.1,        101,       5.05   , -0.0188054
          2,  405,        801,        798,       10.1,        101,       5.05   ,   0.204276
          2,  406,        959,        635,       10.1,        101,       5.05   ,  -0.089508
          2,  407,        777,        920,       10.1,        101,       5.05   ,    0.39661
          2,  408,        332,        211,       10.1,        101,       5.05   ,    1.14475
          2,  409,        411,        344,       10.1,        101,       5.05   ,   -1.48635
          2,  410,        734,        303,       10.1,        101,       5.05   ,  -0.375118
          2,  411,        110,          3,       10.1,        101,       5.05   ,  0.0629302
          2,  412,        347,         15,       10.1,        101,       5.05   ,   0.899047
          2,  413,        870,        884,       10.1,        101,       5.05   ,    1.20636
          2,  414,        404,        690,       10.1,        101,       5.05   ,   -0.56668
          2,  415,        778,        845,       10.1,        101,       5.05   ,   0.570501
          2,  416,        970,        855,       10.1,        101,       5.05   ,    1.01688
          2,  417,        264,        633,       10.1,        101,       5.05   ,   -1.39223
          2,  418,        823,        795,       10.1,        101,       5.05   ,    1.51471
          2,  419,        362,        239,       10.1,        101,       5.05   ,   0.788698
          2,  420,        822,        971,       10.1,        101,       5.05   ,  -0.287082
          2,  421,        831,        282,       10.1,        101,       5.05   ,  -0.690612
          2,  422,        119,        250,       10.1,        101,       5.05   ,    1.46848
          2,  423,        282,        251,       10.1,        101,       5.05   ,   0.296885
          2,  424,        455,        721,       10.1,        101,       5.05   ,    -1.2121
          2,  425,        211,        756,       10.1,        101,       5.05   ,    1.48195
          2,  426,         31,         49,       10.1,        101,       5.05   ,    1.34228
          2,  427,        680,        413,       10.1,        101,       5.05   ,  -0.135554
          2,  428,        703,        341,       10.1,        101,       5.05   ,   0.125766
          2,  429,        950,        717,       10.1,        101,       5.05   ,  -0.705193
          2,  430,        525,        850,       10.1,        101,       5.05   ,   -1.35423
          2,  431,        924,        813,       10.1,        101,       5.05   ,    1.01799
          2,  432,        720,        799,       10.1,        101,       5.05   ,   0.300805
          2,  433,        940,        195,       10.1,        101,       5.05   ,   -0.41987
          2,  434,        302,        249,       10.1,        101,       5.05   ,    1.13513
          2,  435,        288,        322,       10.1,        101,       5.05   ,   -1.22627
          2,  436,        864,        863,       10.1,        101,       5.05   ,  -0.191626
          2,  437,        694,        951,       10.1,        101,       5.05   ,  -0.544991
          2,  438,        935,        960,       10.1,        101,       5.05   ,    1.40044
          2,  439,        724,        369,       10.1,        101,       5.05   , -0.0891364
          2,  440,        552,        635,       10.1,        101,       5.05   ,   0.964948
          2,  441,        489,        216,       10.1,        101,       5.05   ,  -0.686707
          2,  442,        129,        446,       10.1,        101,       5.05   ,   0.856998
          2,  443,        138,        586,       10.1,        101,       5.05   ,  -0.693762
          2,  444,        752,        517,       10.1,        101,       5.05   ,  -0.709861
          2,  445,        792,        563,       10.1,        101,       5.05   ,  -0.515714
          2,  446,        666,         54,       10.1,        101,       5.05   ,    1.44023
          2,  447,        731,         27,       10.1,        101,       5.05   ,  -0.430899
          2,  448,        971,         62,       10.1,        101,       5.05   ,    0.84862
          2,  449,         23,         87,       10.1,        101,       5.05   ,  -0.580672
          2,  450,        115,        749,       10.1,        101,       5.05   ,  -0.243581
          2,  451,        314,        141,       10.1,        101,       5.05   ,  -0.543732
          2,  452,        555,        565,       10.1,        101,       5.05   ,  -0.134131
          2,  453,        483,        723,       10.1,        101,       5.05   ,    1.04086
          2,  454,        804,        956,       10.1,        101,       5.05   ,   -1.38545
          2,  455,        613,        681,       10.1,        101,       5.05   ,   0.731841
          2,  456,        235,        517,       10.1,        101,       5.05   ,    1.13154
          2,  457,        155,        823,       10.1,        101,       5.05   ,  -0.801762
          2,  458,        423,        837,       10.1,        101,       5.05   ,   0.787857
          2,  459,        311,        505,       10.1,        101,       5.05   ,   -1.55881
          2,  460,        170,        169,       10.1,        101,       5.05   ,   0.678814
          2,  461,        930,        383,       10.1,        101,       5.05   ,   0.129502
          2,  462,        994,        786,       10.1,        101,       5.05   ,    -1.5001
          2,  463,        331,        517,       10.1,        101,       5.05   ,   0.992523
          2,  464,        727,        281,       10.1,        101,       5.05   ,    0.88411
          2,  465,        247,        723,       10.1,        101,       5.05   ,  -0.510126
          2,  466,        563,        919,       10.1,        101,       5.05   ,    1.37086
          2,  467,        604,        209,       10.1,        101,       5.05   ,  -0.634277
          2,  468,        720,        166,       10.1,        101,       5.05   ,   0.222143
          2,  469,        379,        650,       10.1,        101,       5.05   ,  -0.505815
          2,  470,        487,        618,       10.1,        101,       5.05   ,    1.22801
          2,  471,        338,        869,       10.1,        101,       5.05   ,    1.11441
          2,  472,        234,         82,       10.1,        101,       5.05   ,  -0.199614
          2,  473,        167,        401,       10.1,        101,       5.05   ,   0.235112
          2,  474,        259,        760,       10.1,        101,       5.05   ,  -0.816249
          2,  475,        981,        550,       10.1,        101,       5.05   ,   0.846464
          2,  476,        635,        251,       10.1,        101,       5.05   ,  -0.559027
          2,  477,        470,        211,       10.1,        101,       5.05   ,   0.966374
          2,  478,        326,        870,       10.1,        101,       5.05   ,   0.509462
          2,  479,        182,        123,       10.1,        101,       5.05   ,  -0.363282
          2,  480,        605,        228,       10.1,        101,       5.05   ,   0.512252
          2,  481,        429,        129,       10.1,        101,       5.05   ,    1.27753
          2,  482,        569,        854,       10.1,        101,       5.05   ,  -0.199287
          2,  483,        793,        728,       10.1,        101,       5.05   ,   0.389075
          2,  484,        698,        342,       10.1,        101,       5.05   ,  -0.423416
          2,  485,        712,        841,       10.1,        101,       5.05   ,  -0.465106
          2,  486,        733,        123,       10.1,        101,       5.05   ,  -0.408592
          2,  487,        500,        612,       10.1,        101,       5.05   ,  0.0979426
          2,  488,         50,        156,       10.1,        101,       5.05   ,  0.0833469
          2,  489,        785,        678,       10.1,        101,       5.05   ,   0.253491
          2,  490,        849,        617,       10.1,        101,       5.05   ,   0.799267
          2,  491,        146,        391,       10.1,        101,       5.05   ,   -1.52546
          2,  492,        992,        828,       10.1,        101,       5.05   ,   0.969964
          2,  493,        497,        928,       10.1,        101,       5.05   ,  -0.885566
          2,  494,        925,        381,       10.1,        101,       5.05   ,   0.183157
          2,  495,        609,        449,       10.1,        101,       5.05   ,    0.21596
          2,  496,        954,        171,       10.1,        101,       5.05   ,  -0.818723
          2,  497,        350,        812,       10.1,        101,       5.05   ,   0.609081
          2,  498,        419,        105,       10.1,        101,       5.05   ,     1.5292
          2,  499,        348,        270,       10.1,        101,       5.05   ,   -1.12352
          2,  500,        996,        103,       10.1,        101,       5.05   ,  -0.772197
          2,  501,        883,        374,       10.1,        101,       5.05   ,  -0.474226
          2,  502,        954,        711,       10.1,        101,       5.05   ,    1.42983
          2,  503,        314,        453,       10.1,        101,       5.05   ,  -0.285492
          2,  504,        648,        127,       10.1,        101,       5.05   ,  -0.259548
          2,  505,        885,         83,       10.1,        101,       5.05   ,  -0.954887
          2,  506,        252,        245,       10.1,        101,       5.05   ,    0.44701
          2,  507,        670,        420,       10.1,        101,       5.05   ,   0.797782
          2,  508,        935,        591,       10.1,        101,       5.05   ,   -1.49149
          2,  509,        910,         39,       10.1,        101,       5.05   ,   0.700861
          2,  510,        831,        186,       10.1,        101,       5.05   ,   0.932994
          2,  511,        817,         95,       10.1,        101,       5.05   ,    1.04078
          2,  512,        260,        686,       10.1,        101,       5.05   ,    1.01475
          2,  513,        292,        452,       10.1,        101,       5.05   ,    1.15603
          2,  514,         17,         95,       10.1,        101,       5.05   ,    1.08756
          2,  515,        919,        135,       10.1,        101,       5.05   ,  -0.435468
          2,  516,        890,        271,       10.1,        101,       5.05   ,   0.591309
          2,  517,        897,         17,       10.1,        101,       5.05   ,   -1.15861
          2,  518,        244,        783,       10.1,        101,       5.05   ,  -0.207665
          2,  519,        966,        462,       10.1,        101,       5.05   ,    -1.0398
          2,  520,        533,        942,       10.1,        101,       5.05   ,    1.29664
          2,  521,        940,        359,       10.1,        101,       5.05   ,   -0.14951
          2,  522,        120,        460,       10.1,        101,       5.05   ,  -0.492728
          2,  523,        847,        183,       10.1,        101,       5.05   ,   -0.24183
          2,  524,        826,        687,       10.1,        101,       5.05   ,    1.48746
          2,  525,        837,        723,       10.1,        101,       5.05   ,   -1.33049
          2,  526,        950,         57,       10.1,        101,       5.05   ,   -1.48927
          2,  527,        930,        648,       10.1,        101,       5.05   ,   0.303516
          2,  528,        591,        625,       10.1,        101,       5.05   ,    1.08134
          2,  529,        207,        108,       10.1,        101,       5.05   ,  -0.542422
          2,  530,        652,        477,       10.1,        101,       5.05   ,   0.810607
          2,  531,        354,        427,       10.1,        101,       5.05   ,   0.218339
          2,  532,         69,        297,       10.1,        101,       5.05   ,  -0.867366
          2,  533,        988,        886,       10.1,        101,       5.05   ,  -0.822352
          2,  534,        104,        568,       10.1,        101,       5.05   ,   0.148346
          2,  535,        672,        259,       10.1,        101,       5.05   ,    1.56969
          2,  536,         52,        253,       10.1,        101,       5.05   ,   0.804138
          2,  537,        748,        111,       10.1,        101,       5.05   ,  -0.850134
          2,  538,        125,        625,       10.1,        101,       5.05   ,  -0.628882
          2,  539,        434,        698,       10.1,        101,       5.05   ,   -0.27719
          2,  540,        820,        734,       10.1,        101,       5.05   ,   0.198309
          2,  541,        151,        810,       10.1,        101,       5.05   ,  -0.443981
          2,  542,         76,        864,       10.1,        101,       5.05   ,   -1.21492
          2,  543,         12,        973,       10.1,        101,       5.05   ,   -1.47943
          2,  544,        793,        640,       10.1,        101,       5.05   ,   0.408069
          2,  545,        797,        523,       10.1,        101,       5.05   ,  0.0365483
          2,  546,        406,        363,       10.1,        101,       5.05   ,   -1.23874
          2,  547,        742,         22,       10.1,        101,       5.05   ,    1.18322
          2,  548,        675,        225,       10.1,        101,       5.05   ,   0.087392
          2,  549,        930,        899,       10.1,        101,       5.05   ,  -0.384342
          2,  550,        714,        138,       10.1,        101,       5.05   ,   -1.44849
          2,  551,        338,        988,       10.1,        101,       5.05   ,   0.493785
          2,  552,         56,        805,       10.1,        101,       5.05   ,    1.20665
          2,  553,        188,        732,       10.1,        101,       5.05   ,  -0.597669
          2,  554,        885,        904,       10.1,        101,       5.05   ,     -1.276
          2,  555,        585,        277,       10.1,        101,       5.05   ,  -0.834614
          2,  556,        554,          3,       10.1,        101,       5.05   ,   0.347395
          2,  557,        186,        887,       10.1,        101,       5.05   ,   0.553313
          2,  558,        192,        400,       10.1,        101,       5.05   ,  -0.634652
          2,  559,         26,         85,       10.1,        101,       5.05   ,   0.807815
          2,  560,        935,        969,       10.1,        101,       5.05   ,   -1.10134
          2,  561,        840,        148,       10.1,        101,       5.05   ,   0.794715
          2,  562,        601,        632,       10.1,        101,       5.05   ,   0.603452
          2,  563,        349,        433,       10.1,        101,       5.05   ,  0.0399513
          2,  564,        509,        930,       10.1,        101,       5.05   ,   -1.35344
          2,  565,        605,        119,       10.1,        101,       5.05   ,   0.933032
          2,  566,        107,        440,       10.1,        101,       5.05   ,   0.765388
          2,  567,        124,        908,       10.1,        101,       5.05   ,   0.367953
          2,  568,        741,        728,       10.1,        101,       5.05   ,     1.5347
          2,  569,        192,         39,       10.1,        101,       5.05   ,  -0.307626
          2,  570,        543,        399,       10.1,        101,       5.05   ,   -1.19531
          2,  571,        907,        279,       10.1,        101,       5.05   ,   0.502267
          2,  572,        620,        242,       10.1,        101,       5.05   ,   -0.07596
          2,  573,        972,         29,       10.1,        101,       5.05   ,    1.28948
          2,  574,         30,        619,       10.1,        101,       5.05   ,    1.55883
          2,  575,        344,        586,       10.1,        101,       5.05   ,  -0.944703
          2,  576,        215,        667,       10.1,        101,       5.05   ,   -1.54481
          2,  577,        799,          4,       10.1,        101,       5.05   ,      1.476
          2,  578,        227,        825,       10.1,        101,       5.05   ,   0.382423
          2,  579,        177,        639,       10.1,        101,       5.05   ,   -1.16371
          2,  580,        283,        985,       10.1,        101,       5.05   ,    1.05248
          2,  581,        836,        633,       10.1,        101,       5.05   ,  -0.268247
          2,  582,        665,        534,       10.1,        101,       5.05   ,   0.813579
          2,  583,        693,        758,       10.1,        101,       5.05   ,    -1.4739
          2,  584,        192,        795,       10.1,        101,       5.05   ,    1.07803
          2,  585,        202,        283,       10.1,        101,       5.05   ,   0.242252
          2,  586,        657,        354,       10.1,        101,       5.05   ,  -0.438505
          2,  587,        142,        969,       10.1,        101,       5.05   ,   -1.39885
          2,  588,        397,        426,       10.1,        101,       5.05   , -0.0381607
          2,  589,        343,        134,       10.1,        101,       5.05   ,  -0.648962
          2,  590,        864,        932,       10.1,        101,       5.05   ,  -0.422335
          2,  591,        290,        800,       10.1,        101,       5.05   ,  -0.305141
          2,  592,        287,        722,       10.1,        101,       5.05   ,   0.103626
          2,  593,        664,        467,       10.1,        101,       5.05   ,    1.06374
          2,  594,        499,        315,       10.1,        101,       5.05   ,   -1.08632
          2,  595,        744,        245,       10.1,        101,       5.05   ,    1.33473
          2,  596,        404,        371,       10.1,        101,       5.05   ,   -1.12226
          2,  597,        255,        482,       10.1,        101,       5.05   ,  -0.702983
          2,  598,        167,        525,       10.1,        101,       5.05   ,    1.56592
          2,  599,         80,        213,       10.1,        101,       5.05   ,   0.447302
          2,  600,        876,        668,       10.1,        101,       5.05   , -0.0220822
          2,  601,        224,        267,       10.1,        101,       5.05   ,   0.661973
          2,  602,        411,        700,       10.1,        101,       5.05   ,  -0.222965
          2,  603,        633,        664,       10.1,        101,       5.05   ,   -1.19169
          2,  604,        473,        988,       10.1,        101,       5.05   ,  -0.764885
          2,  605,        687,        190,       10.1,        101,       5.05   ,   0.214537
          2,  606,        400,        544,       10.1,        101,       5.05   ,  -0.435518
          2,  607,        641,         40,       10.1,        101,       5.05   ,    1.51517
          2,  608,        533,        858,       10.1,        101,       5.05   , -0.0302808
          2,  609,        100,        464,       10.1,        101,       5.05   ,  -0.262835
          2,  610,        911,        824,       10.1,        101,       5.05   ,  -0.869415
          2,  611,        726,        422,       10.1,        101,       5.05   ,   -1.42439
          2,  612,        652,        688,       10.1,        101,       5.05   ,   0.138888
          2,  613,        574,        173,       10.1,        101,       5.05   ,    1.32537
          2,  614,        484,        882,       10.1,        101,       5.05   ,    1.49345
          2,  615,        413,        494,       10.1,        101,       5.05   ,   0.286507
          2,  616,        459,        192,       10.1,        101,       5.05   ,  -0.584833
          2,  617,          8,        116,       10.1,        101,       5.05   ,  -0.214237
          2,  618,         34,        635,       10.1,        101,       5.05   ,    1.49196
          2,  619,        450,        434,       10.1,        101,       5.05   ,   -1.39445
          2,  620,        130,        889,       10.1,        101,       5.05   ,  -0.112395
          2,  621,        341,        955,       10.1,        101,       5.05   ,    1.46925
          2,  622,        613,        503,       10.1,        101,       5.05   ,     -1.325
          2,  623,        862,        244,       10.1,        101,       5.05   ,  -0.489111
          2,  624,        507,        109,       10.1,        101,       5.05   ,   0.189351
          2,  625,        420,        203,       10.1,        101,       5.05   ,  -0.767697
          2,  626,        734,         45,       10.1,        101,       5.05   , -0.0470695
          2,  627,        584,        368,       10.1,        101,       5.05   ,    1.26257
          2,  628,        639,        109,       10.1,        101,       5.05   ,   0.493194
          2,  629,        504,        959,       10.1,        101,       5.05   ,    1.06075
          2,  630,        114,        723,       10.1,        101,       5.05   ,    1.36409
          2,  631,        446,        116,       10.1,        101,       5.05   ,   -1.11987
          2,  632,        519,        271,       10.1,        101,       5.05   ,   -1.49268
          2,  633,        220,        794,       10.1,        101,       5.05   ,  -0.245698
          2,  634,        478,        470,       10.1,        101,       5.05   ,   -1.11937
          2,  635,        271,        339,       10.1,        101,       5.05   ,  -0.369201
          2,  636,        970,        789,       10.1,        101,       5.05   ,   -1.18081
          2,  637,         90,        219,       10.1,        101,       5.05   ,  -0.141381
          2,  638,        801,        123,       10.1,        101,       5.05   ,   -1.25246
          2,  639,         23,        657,       10.1,        101,       5.05   ,  -0.860257
          2,  640,        488,        424,       10.1,        101,       5.05   ,     1.2899
          2,  641,        217,         15,       10.1,        101,       5.05   ,    1.31327
          2,  642,        563,        586,       10.1,        101,       5.05   ,  -0.153193
------------------------------------------------------------------------------
Component[2] Total Sloped Parallelepiped = 642