Component 1 maximum area=0.326731 [on 1000x1000]
Component type: Ellipse
---------------------------------------------------------------------------------------
--------------|------- Center-----|----- dimensions---------|----------------------
component| id|    X       |     Y      |  Width/a     | height/b |   hoop   |   Slope   
---------------------------------------------------------------------------------------
          1,    1,        401,        281,       50.5,       50.5,      2.525   ,   0.994776
          1,    2,        654,        966,       50.5,       50.5,      2.525   ,  -0.223128
          1,    3,        731,        820,       50.5,       50.5,      2.525   ,   0.090356
          1,    4,        359,        373,       50.5,       50.5,      2.525   ,  -0.723193
          1,    5,        672,        565,       50.5,       50.5,      2.525   ,   0.224732
          1,    6,        848,        391,       50.5,       50.5,      2.525   ,   0.404206
          1,    7,        289,        938,       50.5,       50.5,      2.525   ,   0.853805
          1,    8,        752,        141,       50.5,       50.5,      2.525   ,   0.525227
          1,    9,        495,        433,       50.5,       50.5,      2.525   ,   0.282764
          1,   10,        454,        343,       50.5,       50.5,      2.525   ,   0.254412
          1,   11,        704,        368,       50.5,       50.5,      2.525   ,   0.634263
          1,   12,         84,        294,       50.5,       50.5,      2.525   ,   0.458931
          1,   13,        546,        804,       50.5,       50.5,      2.525   ,   0.294903
          1,   14,        345,        648,       50.5,       50.5,      2.525   ,   0.952031
          1,   15,        409,        812,       50.5,       50.5,      2.525   ,  -0.647312
          1,   16,        180,        260,       50.5,       50.5,      2.525   ,  -0.370837
          1,   17,        435,        219,       50.5,       50.5,      2.525   ,   0.457995
          1,   18,        876,        301,       50.5,       50.5,      2.525   ,  -0.563285
          1,   19,        294,        267,       50.5,       50.5,      2.525   ,   -1.54737
          1,   20,        279,        679,       50.5,       50.5,      2.525   ,   -1.48936
          1,   21,        236,        131,       50.5,       50.5,      2.525   ,   -0.95897
          1,   22,        956,        732,       50.5,       50.5,      2.525   ,    1.41225
          1,   23,        277,        337,       50.5,       50.5,      2.525   ,   0.966326
          1,   24,        888,        323,       50.5,       50.5,      2.525   ,    1.44054
          1,   25,        779,        146,       50.5,       50.5,      2.525   ,    0.81231
          1,   26,        367,        728,       50.5,       50.5,      2.525   ,    1.03427
          1,   27,        289,        834,       50.5,       50.5,      2.525   ,  -0.750169
          1,   28,        998,        759,       50.5,       50.5,      2.525   ,  -0.418332
          1,   29,        111,        315,       50.5,       50.5,      2.525   ,   -1.09565
          1,   30,        689,        921,       50.5,       50.5,      2.525   ,  -0.996201
          1,   31,        719,        850,       50.5,       50.5,      2.525   ,    1.28722
          1,   32,        739,        770,       50.5,       50.5,      2.525   ,  -0.872686
          1,   33,        389,        134,       50.5,       50.5,      2.525   ,    1.10919
          1,   34,        744,        417,       50.5,       50.5,      2.525   ,    1.17771
          1,   35,         94,        816,       50.5,       50.5,      2.525   ,    1.03774
          1,   36,         88,        905,       50.5,       50.5,      2.525   ,    1.22429
          1,   37,        943,        556,       50.5,       50.5,      2.525   ,   -1.46457
          1,   38,        432,        434,       50.5,       50.5,      2.525   ,    1.43974
          1,   39,         37,        342,       50.5,       50.5,      2.525   ,  -0.215868
          1,   40,        800,        264,       50.5,       50.5,      2.525   ,   -1.17951
          1,   41,        898,        962,       50.5,       50.5,      2.525   ,   -1.47468
          1,   42,          7,        318,       50.5,       50.5,      2.525   ,   -0.83066
          1,   43,        570,        682,       50.5,       50.5,      2.525   ,  -0.212377
          1,   44,        286,        990,       50.5,       50.5,      2.525   ,   -1.35847
          1,   45,        496,        756,       50.5,       50.5,      2.525   ,    1.28902
          1,   46,         12,        249,       50.5,       50.5,      2.525   ,  -0.262963
          1,   47,         83,        852,       50.5,       50.5,      2.525   ,  -0.308249
          1,   48,        137,         60,       50.5,       50.5,      2.525   ,   -1.16666
          1,   49,        995,        903,       50.5,       50.5,      2.525   , -0.0522847
          1,   50,        735,        922,       50.5,       50.5,      2.525   ,   -1.07367
          1,   51,        172,        674,       50.5,       50.5,      2.525   ,   -1.24213
          1,   52,        996,        588,       50.5,       50.5,      2.525   ,  -0.775107
------------------------------------------------------------------------------
Component[1] Total Ellipsoids = 52