Component 2 maximum area=0.323322 [on 1000x1000]
Component type: Sloped rectangle
---------------------------------------------------------------------------------------
--------------|------- Center-----|----- dimensions---------|----------------------
component| id|    X       |     Y      |  Width/a     | height/b |   hoop   |   Slope   
---------------------------------------------------------------------------------------
          2,    1,         35,        837,       10.1,        101,       5.05   ,    1.20251
          2,    2,        825,        937,       10.1,        101,       5.05   ,    1.23924
          2,    3,        398,        271,       10.1,        101,       5.05   ,  -0.110384
          2,    4,         24,        132,       10.1,        101,       5.05   ,  -0.955366
          2,    5,        422,        801,       10.1,        101,       5.05   ,   0.619288
          2,    6,        667,        753,       10.1,        101,       5.05   ,  -0.261408
          2,    7,        204,        374,       10.1,        101,       5.05   ,    1.25136
          2,    8,        465,        455,       10.1,        101,       5.05   ,  -0.735434
          2,    9,        179,        787,       10.1,        101,       5.05   ,     1.2811
          2,   10,        171,        995,       10.1,        101,       5.05   ,  -0.731962
          2,   11,        973,        710,       10.1,        101,       5.05   ,  -0.155117
          2,   12,        673,        532,       10.1,        101,       5.05   ,  -0.747308
          2,   13,        169,        496,       10.1,        101,       5.05   ,    1.18295
          2,   14,         90,         83,       10.1,        101,       5.05   ,   -1.33175
          2,   15,        398,        939,       10.1,        101,       5.05   ,   -1.41488
          2,   16,        342,        984,       10.1,        101,       5.05   ,   -0.56057
          2,   17,        784,        773,       10.1,        101,       5.05   ,   0.235233
          2,   18,        525,        761,       10.1,        101,       5.05   ,    1.31498
          2,   19,        488,        560,       10.1,        101,       5.05   ,   0.195265
          2,   20,        558,        119,       10.1,        101,       5.05   ,    1.10156
          2,   21,        136,        729,       10.1,        101,       5.05   ,   0.641861
          2,   22,         71,         98,       10.1,        101,       5.05   ,   0.655603
          2,   23,        237,        659,       10.1,        101,       5.05   ,   0.808278
          2,   24,        358,        545,       10.1,        101,       5.05   ,   -1.05394
          2,   25,        494,        740,       10.1,        101,       5.05   ,   -1.28765
          2,   26,        349,        674,       10.1,        101,       5.05   ,    -1.3527
          2,   27,        413,        320,       10.1,        101,       5.05   ,   0.167044
          2,   28,        401,        959,       10.1,        101,       5.05   ,    0.32651
          2,   29,        334,        322,       10.1,        101,       5.05   ,   0.497373
          2,   30,        497,        993,       10.1,        101,       5.05   ,   0.979317
          2,   31,        939,        379,       10.1,        101,       5.05   ,    1.46381
          2,   32,        298,        291,       10.1,        101,       5.05   ,   -1.22662
          2,   33,        988,        228,       10.1,        101,       5.05   ,  -0.408217
          2,   34,        448,        100,       10.1,        101,       5.05   ,  -0.270582
          2,   35,        213,        626,       10.1,        101,       5.05   ,  -0.211238
          2,   36,        596,        354,       10.1,        101,       5.05   ,   0.672489
          2,   37,        108,        958,       10.1,        101,       5.05   ,  -0.798074
          2,   38,        749,        243,       10.1,        101,       5.05   ,    1.00973
          2,   39,        899,        687,       10.1,        101,       5.05   ,     1.1422
          2,   40,        375,         41,       10.1,        101,       5.05   ,   -1.02324
          2,   41,        803,        168,       10.1,        101,       5.05   ,    1.49346
          2,   42,        773,        401,       10.1,        101,       5.05   ,   -1.04829
          2,   43,        249,        290,       10.1,        101,       5.05   ,     0.8195
          2,   44,        372,        632,       10.1,        101,       5.05   ,  -0.631319
          2,   45,        900,        554,       10.1,        101,       5.05   ,  -0.431314
          2,   46,         44,        356,       10.1,        101,       5.05   ,  -0.536331
          2,   47,        341,        139,       10.1,        101,       5.05   ,  -0.957771
          2,   48,        792,        960,       10.1,        101,       5.05   ,  -0.163255
          2,   49,        316,        461,       10.1,        101,       5.05   ,    1.07372
          2,   50,        677,        192,       10.1,        101,       5.05   ,  -0.774101
          2,   51,        429,        780,       10.1,        101,       5.05   ,   -1.22073
          2,   52,        898,        808,       10.1,        101,       5.05   ,   -1.41787
          2,   53,        145,        201,       10.1,        101,       5.05   , -0.0352312
          2,   54,        872,        129,       10.1,        101,       5.05   ,   -1.48055
          2,   55,        732,        761,       10.1,        101,       5.05   ,   0.813316
          2,   56,        772,        322,       10.1,        101,       5.05   ,    0.80153
          2,   57,        357,        702,       10.1,        101,       5.05   ,  -0.688713
          2,   58,        452,        606,       10.1,        101,       5.05   ,    1.31503
          2,   59,        756,        822,       10.1,        101,       5.05   ,   0.314825
          2,   60,        611,        668,       10.1,        101,       5.05   ,   0.467069
          2,   61,        611,        549,       10.1,        101,       5.05   ,   0.457709
          2,   62,        390,        984,       10.1,        101,       5.05   ,   0.338511
          2,   63,        175,        767,       10.1,        101,       5.05   ,  -0.446362
          2,   64,        763,        709,       10.1,        101,       5.05   ,  -0.683848
          2,   65,        546,        604,       10.1,        101,       5.05   ,    1.31522
          2,   66,        255,        773,       10.1,        101,       5.05   ,   0.387001
          2,   67,        641,        720,       10.1,        101,       5.05   ,    1.21749
          2,   68,        974,        755,       10.1,        101,       5.05   ,   -1.03715
          2,   69,        623,         99,       10.1,        101,       5.05   ,   0.838117
          2,   70,        394,        447,       10.1,        101,       5.05   ,    1.02714
          2,   71,        842,        249,       10.1,        101,       5.05   ,   0.910737
          2,   72,        836,        314,       10.1,        101,       5.05   ,  -0.586549
          2,   73,        991,        594,       10.1,        101,       5.05   ,    1.00491
          2,   74,        447,        553,       10.1,        101,       5.05   ,    0.85682
          2,   75,          9,        175,       10.1,        101,       5.05   ,    1.03262
          2,   76,        416,        405,       10.1,        101,       5.05   ,  -0.634665
          2,   77,        432,        180,       10.1,        101,       5.05   ,   0.482003
          2,   78,        465,        673,       10.1,        101,       5.05   ,   -0.46946
          2,   79,        486,        499,       10.1,        101,       5.05   ,   0.451413
          2,   80,        767,        783,       10.1,        101,       5.05   ,   0.819216
          2,   81,        454,        371,       10.1,        101,       5.05   ,  -0.648435
          2,   82,        313,        550,       10.1,        101,       5.05   ,   -1.11136
          2,   83,         55,        405,       10.1,        101,       5.05   ,   -1.45541
          2,   84,        357,        404,       10.1,        101,       5.05   ,  -0.656179
          2,   85,        104,        402,       10.1,        101,       5.05   ,  -0.976641
          2,   86,        179,        473,       10.1,        101,       5.05   ,   -1.02428
          2,   87,        374,        291,       10.1,        101,       5.05   ,   0.917851
          2,   88,         77,        612,       10.1,        101,       5.05   ,   -0.60863
          2,   89,        934,        798,       10.1,        101,       5.05   ,   0.936886
          2,   90,        124,        657,       10.1,        101,       5.05   ,   -1.02574
          2,   91,        651,        791,       10.1,        101,       5.05   ,   -1.09361
          2,   92,        466,         91,       10.1,        101,       5.05   ,   -1.36579
          2,   93,        782,        570,       10.1,        101,       5.05   ,    1.19027
          2,   94,        333,        815,       10.1,        101,       5.05   ,   -1.27688
          2,   95,        847,        105,       10.1,        101,       5.05   ,   0.452825
          2,   96,        761,        535,       10.1,        101,       5.05   ,   -1.32511
          2,   97,        869,         64,       10.1,        101,       5.05   , -0.0496323
          2,   98,        422,        786,       10.1,        101,       5.05   ,    1.40261
          2,   99,        676,        567,       10.1,        101,       5.05   ,  -0.873275
          2,  100,        332,        630,       10.1,        101,       5.05   ,  -0.679655
          2,  101,        846,        206,       10.1,        101,       5.05   ,   0.214945
          2,  102,        294,         57,       10.1,        101,       5.05   ,  -0.648222
          2,  103,        579,        136,       10.1,        101,       5.05   ,   0.853532
          2,  104,        152,        284,       10.1,        101,       5.05   ,  -0.218455
          2,  105,        928,        902,       10.1,        101,       5.05   ,   -1.01961
          2,  106,        269,        212,       10.1,        101,       5.05   ,    1.52351
          2,  107,        530,        994,       10.1,        101,       5.05   ,    -1.5486
          2,  108,        582,        934,       10.1,        101,       5.05   ,    1.31876
          2,  109,        791,         76,       10.1,        101,       5.05   ,   0.666402
          2,  110,        494,        463,       10.1,        101,       5.05   ,   -1.12203
          2,  111,        795,        650,       10.1,        101,       5.05   ,  -0.791521
          2,  112,         75,        518,       10.1,        101,       5.05   ,   -1.45826
          2,  113,        750,        407,       10.1,        101,       5.05   ,   0.343354
          2,  114,        364,        106,       10.1,        101,       5.05   ,  -0.921347
          2,  115,        423,        455,       10.1,        101,       5.05   ,   0.305405
          2,  116,        277,        217,       10.1,        101,       5.05   ,  -0.123096
          2,  117,        732,        625,       10.1,        101,       5.05   ,   -1.07485
          2,  118,        359,        573,       10.1,        101,       5.05   ,   0.390342
          2,  119,        897,        110,       10.1,        101,       5.05   ,   -1.37664
          2,  120,        623,        455,       10.1,        101,       5.05   ,   0.307204
          2,  121,        936,        559,       10.1,        101,       5.05   ,   -1.46656
          2,  122,        434,         76,       10.1,        101,       5.05   , -0.0170763
          2,  123,        437,        364,       10.1,        101,       5.05   ,   0.139686
          2,  124,         29,        968,       10.1,        101,       5.05   ,   -1.07754
          2,  125,        721,        919,       10.1,        101,       5.05   ,  -0.287338
          2,  126,        189,        490,       10.1,        101,       5.05   ,   0.630496
          2,  127,         37,        260,       10.1,        101,       5.05   , -0.0191003
          2,  128,        338,         84,       10.1,        101,       5.05   ,   -1.34692
          2,  129,        911,        161,       10.1,        101,       5.05   ,    -1.2903
          2,  130,        295,        679,       10.1,        101,       5.05   ,  -0.508277
          2,  131,        226,        912,       10.1,        101,       5.05   ,  -0.531984
          2,  132,        274,         91,       10.1,        101,       5.05   ,     1.5295
          2,  133,         32,        947,       10.1,        101,       5.05   ,  -0.300465
          2,  134,        622,        243,       10.1,        101,       5.05   ,    1.38521
          2,  135,        194,        628,       10.1,        101,       5.05   ,  -0.780848
          2,  136,        122,         34,       10.1,        101,       5.05   ,   0.234607
          2,  137,        485,        664,       10.1,        101,       5.05   ,   0.705204
          2,  138,        645,          6,       10.1,        101,       5.05   ,  -0.397385
          2,  139,        677,        700,       10.1,        101,       5.05   ,    1.10642
          2,  140,        408,        740,       10.1,        101,       5.05   ,    1.31468
          2,  141,        520,        320,       10.1,        101,       5.05   ,    1.56902
          2,  142,        518,          8,       10.1,        101,       5.05   ,    1.02854
          2,  143,        858,        770,       10.1,        101,       5.05   ,  -0.113994
          2,  144,        842,        765,       10.1,        101,       5.05   ,    1.33545
          2,  145,        322,        101,       10.1,        101,       5.05   ,   0.887536
          2,  146,        773,         18,       10.1,        101,       5.05   ,  -0.889254
          2,  147,        899,        234,       10.1,        101,       5.05   , -0.0455206
          2,  148,         90,        540,       10.1,        101,       5.05   ,   0.178217
          2,  149,        824,        401,       10.1,        101,       5.05   ,    1.20084
          2,  150,        340,        326,       10.1,        101,       5.05   ,  -0.344236
          2,  151,        709,        896,       10.1,        101,       5.05   ,    0.97897
          2,  152,        793,        521,       10.1,        101,       5.05   ,  -0.390089
          2,  153,        925,        724,       10.1,        101,       5.05   ,    1.12945
          2,  154,        492,         44,       10.1,        101,       5.05   ,  -0.438038
          2,  155,         78,        450,       10.1,        101,       5.05   ,  -0.341661
          2,  156,         32,        258,       10.1,        101,       5.05   ,  -0.376536
          2,  157,        284,        770,       10.1,        101,       5.05   ,    0.23729
          2,  158,        169,        104,       10.1,        101,       5.05   ,   0.834457
          2,  159,        141,        435,       10.1,        101,       5.05   ,    1.02279
          2,  160,        233,        589,       10.1,        101,       5.05   ,  -0.513667
          2,  161,        275,        155,       10.1,        101,       5.05   ,  -0.293629
          2,  162,        499,        865,       10.1,        101,       5.05   ,   -1.06829
          2,  163,        483,        475,       10.1,        101,       5.05   ,    1.31523
          2,  164,        526,         29,       10.1,        101,       5.05   ,    1.05011
          2,  165,        657,        725,       10.1,        101,       5.05   ,  -0.658445
          2,  166,        979,        451,       10.1,        101,       5.05   ,   0.187136
          2,  167,        180,        668,       10.1,        101,       5.05   ,   0.621363
          2,  168,        605,        400,       10.1,        101,       5.05   ,   -0.42555
          2,  169,        727,        715,       10.1,        101,       5.05   ,   -1.50966
          2,  170,        919,        765,       10.1,        101,       5.05   ,    1.29236
          2,  171,         83,        147,       10.1,        101,       5.05   ,   0.175471
          2,  172,        637,        597,       10.1,        101,       5.05   ,    1.30178
          2,  173,        640,         72,       10.1,        101,       5.05   ,   0.277341
          2,  174,        223,        798,       10.1,        101,       5.05   ,   0.676965
          2,  175,        575,        211,       10.1,        101,       5.05   ,  -0.605484
          2,  176,         56,        207,       10.1,        101,       5.05   ,  -0.205983
          2,  177,        794,        567,       10.1,        101,       5.05   ,  -0.450954
          2,  178,        303,        158,       10.1,        101,       5.05   ,  0.0484168
          2,  179,        307,          5,       10.1,        101,       5.05   ,   0.105501
          2,  180,        548,        480,       10.1,        101,       5.05   ,   0.945361
          2,  181,        189,        468,       10.1,        101,       5.05   ,    1.40714
          2,  182,        615,        746,       10.1,        101,       5.05   ,  -0.548521
          2,  183,         66,        395,       10.1,        101,       5.05   ,   0.633905
          2,  184,        502,        515,       10.1,        101,       5.05   ,   0.751053
          2,  185,        678,        344,       10.1,        101,       5.05   ,   0.292546
          2,  186,        613,        751,       10.1,        101,       5.05   ,   -1.54595
          2,  187,        240,        972,       10.1,        101,       5.05   ,    1.35454
          2,  188,        413,        439,       10.1,        101,       5.05   ,  -0.952914
          2,  189,        144,        233,       10.1,        101,       5.05   ,  -0.274771
          2,  190,        614,        894,       10.1,        101,       5.05   ,   0.384724
          2,  191,        153,        358,       10.1,        101,       5.05   ,     1.3497
          2,  192,        397,        716,       10.1,        101,       5.05   ,   0.434141
          2,  193,        737,        644,       10.1,        101,       5.05   ,   0.396519
          2,  194,        727,        142,       10.1,        101,       5.05   ,   0.682562
          2,  195,         50,        132,       10.1,        101,       5.05   ,   0.429015
          2,  196,        739,        351,       10.1,        101,       5.05   ,   0.901429
          2,  197,        287,        329,       10.1,        101,       5.05   ,   0.163621
          2,  198,        103,        741,       10.1,        101,       5.05   ,  -0.967346
          2,  199,        461,        963,       10.1,        101,       5.05   ,  -0.688792
          2,  200,        178,        853,       10.1,        101,       5.05   ,  -0.589864
          2,  201,        549,        483,       10.1,        101,       5.05   ,   -1.45254
          2,  202,        504,        685,       10.1,        101,       5.05   ,   0.144864
          2,  203,        140,        901,       10.1,        101,       5.05   ,    1.04712
          2,  204,        352,        449,       10.1,        101,       5.05   ,  -0.398902
          2,  205,        238,        640,       10.1,        101,       5.05   ,   0.952611
          2,  206,        458,        739,       10.1,        101,       5.05   ,   0.818002
          2,  207,        596,        511,       10.1,        101,       5.05   ,   -1.29669
          2,  208,        948,        967,       10.1,        101,       5.05   ,   -1.51096
          2,  209,        637,        330,       10.1,        101,       5.05   ,   0.674409
          2,  210,        384,        183,       10.1,        101,       5.05   ,     1.5659
          2,  211,         60,        851,       10.1,        101,       5.05   ,    1.49293
          2,  212,        392,         31,       10.1,        101,       5.05   ,   -1.32358
          2,  213,        372,        452,       10.1,        101,       5.05   ,  -0.783857
          2,  214,        977,        576,       10.1,        101,       5.05   ,    0.68469
          2,  215,        169,         10,       10.1,        101,       5.05   ,    1.39138
          2,  216,        954,        649,       10.1,        101,       5.05   ,   -1.07789
          2,  217,        420,         41,       10.1,        101,       5.05   ,  0.0481629
          2,  218,        287,        171,       10.1,        101,       5.05   ,   -1.36391
          2,  219,        477,        226,       10.1,        101,       5.05   ,  -0.353621
          2,  220,        788,        547,       10.1,        101,       5.05   , -0.0544257
          2,  221,        301,        384,       10.1,        101,       5.05   ,   0.840867
          2,  222,        190,        899,       10.1,        101,       5.05   ,   0.650361
          2,  223,        344,        782,       10.1,        101,       5.05   ,   -1.29328
          2,  224,        257,        771,       10.1,        101,       5.05   ,  -0.646395
          2,  225,        123,        617,       10.1,        101,       5.05   ,  -0.319687
          2,  226,        939,        477,       10.1,        101,       5.05   ,   0.706937
          2,  227,        426,        638,       10.1,        101,       5.05   ,    1.04456
          2,  228,         55,        205,       10.1,        101,       5.05   ,   -0.63879
          2,  229,        512,        438,       10.1,        101,       5.05   ,    0.21058
          2,  230,        536,        559,       10.1,        101,       5.05   ,   -1.44625
          2,  231,        592,        500,       10.1,        101,       5.05   ,  -0.873553
          2,  232,        834,        693,       10.1,        101,       5.05   ,   0.950696
          2,  233,        401,        226,       10.1,        101,       5.05   ,    1.15872
          2,  234,        456,        374,       10.1,        101,       5.05   ,   0.477005
          2,  235,         28,        545,       10.1,        101,       5.05   ,    1.39506
          2,  236,        875,        137,       10.1,        101,       5.05   ,    1.18421
          2,  237,        465,         81,       10.1,        101,       5.05   ,   0.952314
          2,  238,        800,        966,       10.1,        101,       5.05   ,     1.2011
          2,  239,        456,        588,       10.1,        101,       5.05   ,  -0.730043
          2,  240,          0,        929,       10.1,        101,       5.05   ,  -0.070202
          2,  241,        603,        945,       10.1,        101,       5.05   ,   0.332734
          2,  242,         30,        909,       10.1,        101,       5.05   ,    1.16829
          2,  243,        445,        192,       10.1,        101,       5.05   ,   0.903511
          2,  244,        522,        147,       10.1,        101,       5.05   ,     1.2774
          2,  245,        598,        353,       10.1,        101,       5.05   ,    0.58076
          2,  246,        971,        254,       10.1,        101,       5.05   ,   0.952061
          2,  247,        795,        872,       10.1,        101,       5.05   ,   -1.03205
          2,  248,        120,        940,       10.1,        101,       5.05   ,   0.894941
          2,  249,        541,        653,       10.1,        101,       5.05   ,  -0.653419
          2,  250,        515,        858,       10.1,        101,       5.05   ,    -1.1497
          2,  251,        188,        297,       10.1,        101,       5.05   ,   -1.34849
          2,  252,        645,        933,       10.1,        101,       5.05   ,   -1.20517
          2,  253,        450,        127,       10.1,        101,       5.05   ,   -1.00905
          2,  254,        368,        827,       10.1,        101,       5.05   ,   0.509586
          2,  255,        211,        594,       10.1,        101,       5.05   ,  -0.598967
          2,  256,        543,        471,       10.1,        101,       5.05   ,   -1.21066
          2,  257,        550,        292,       10.1,        101,       5.05   ,  -0.657342
          2,  258,        908,        916,       10.1,        101,       5.05   ,  -0.600038
          2,  259,        116,        513,       10.1,        101,       5.05   ,   -1.18346
          2,  260,        603,        317,       10.1,        101,       5.05   ,   -1.41466
          2,  261,         69,        832,       10.1,        101,       5.05   ,   0.384657
          2,  262,        824,        571,       10.1,        101,       5.05   ,   0.858015
          2,  263,        995,        405,       10.1,        101,       5.05   ,   -1.13727
          2,  264,         93,        401,       10.1,        101,       5.05   ,  0.0831599
          2,  265,        609,        401,       10.1,        101,       5.05   ,  0.0961919
          2,  266,        935,        170,       10.1,        101,       5.05   ,    1.43706
          2,  267,        406,        232,       10.1,        101,       5.05   ,   -1.49779
          2,  268,        959,        857,       10.1,        101,       5.05   ,   -1.34288
          2,  269,        557,        287,       10.1,        101,       5.05   ,  0.0788015
          2,  270,         23,        410,       10.1,        101,       5.05   ,   -1.27383
          2,  271,        748,        888,       10.1,        101,       5.05   ,    1.30963
          2,  272,        883,        221,       10.1,        101,       5.05   ,  -0.714644
          2,  273,        792,         47,       10.1,        101,       5.05   ,   0.759618
          2,  274,        997,        468,       10.1,        101,       5.05   ,   0.424299
          2,  275,        577,        607,       10.1,        101,       5.05   ,   0.112245
          2,  276,        578,        216,       10.1,        101,       5.05   ,   -1.51491
          2,  277,        860,        556,       10.1,        101,       5.05   ,    1.22756
          2,  278,        932,         74,       10.1,        101,       5.05   ,  -0.374431
          2,  279,         97,        556,       10.1,        101,       5.05   ,   0.896774
          2,  280,         88,        711,       10.1,        101,       5.05   ,    1.50828
          2,  281,        218,        866,       10.1,        101,       5.05   ,  -0.322975
          2,  282,        399,        658,       10.1,        101,       5.05   ,    1.26121
          2,  283,        383,        143,       10.1,        101,       5.05   ,   0.976931
          2,  284,        609,        697,       10.1,        101,       5.05   ,   0.140232
          2,  285,        410,        470,       10.1,        101,       5.05   ,   0.302517
          2,  286,        226,        380,       10.1,        101,       5.05   ,   0.703547
          2,  287,        141,        699,       10.1,        101,       5.05   , -0.0979902
          2,  288,        322,        291,       10.1,        101,       5.05   ,     1.4736
          2,  289,        883,        220,       10.1,        101,       5.05   ,   0.941023
          2,  290,         76,        694,       10.1,        101,       5.05   ,  -0.925582
          2,  291,         11,        396,       10.1,        101,       5.05   ,   0.788151
          2,  292,        502,        386,       10.1,        101,       5.05   ,    1.02502
          2,  293,        622,        395,       10.1,        101,       5.05   ,   -1.48892
          2,  294,        405,         86,       10.1,        101,       5.05   ,  0.0324329
          2,  295,        883,        355,       10.1,        101,       5.05   ,   0.833047
          2,  296,        335,         99,       10.1,        101,       5.05   ,  -0.166372
          2,  297,          4,        124,       10.1,        101,       5.05   ,    -1.5233
          2,  298,        611,        263,       10.1,        101,       5.05   ,   0.366862
          2,  299,        375,        140,       10.1,        101,       5.05   ,    0.80091
          2,  300,        622,        431,       10.1,        101,       5.05   ,   0.951947
          2,  301,        820,        892,       10.1,        101,       5.05   ,  -0.198309
          2,  302,        359,        289,       10.1,        101,       5.05   ,   -1.35342
          2,  303,        140,        388,       10.1,        101,       5.05   ,  -0.483325
          2,  304,        496,        546,       10.1,        101,       5.05   ,   -1.44722
          2,  305,        574,        757,       10.1,        101,       5.05   ,   -1.25609
          2,  306,        238,        370,       10.1,        101,       5.05   ,   -1.05093
          2,  307,        223,        898,       10.1,        101,       5.05   ,    1.48124
          2,  308,        155,         90,       10.1,        101,       5.05   ,   -1.40129
          2,  309,        208,        566,       10.1,        101,       5.05   ,  -0.276059
          2,  310,        617,        381,       10.1,        101,       5.05   ,    1.07293
          2,  311,        235,        700,       10.1,        101,       5.05   ,   0.974183
          2,  312,         12,        663,       10.1,        101,       5.05   ,   0.101024
          2,  313,        436,         48,       10.1,        101,       5.05   ,  -0.261439
          2,  314,        693,        455,       10.1,        101,       5.05   , 0.00219896
          2,  315,         93,         28,       10.1,        101,       5.05   ,    1.15407
          2,  316,        813,        394,       10.1,        101,       5.05   ,    0.79876
          2,  317,        918,        903,       10.1,        101,       5.05   ,  0.0570268
          2,  318,        126,        890,       10.1,        101,       5.05   ,   -1.28608
          2,  319,        949,        516,       10.1,        101,       5.05   ,    1.48482
          2,  320,        148,         97,       10.1,        101,       5.05   ,   0.642029
          2,  321,        571,        327,       10.1,        101,       5.05   ,   0.615515
          2,  322,        127,        355,       10.1,        101,       5.05   ,    1.44578
          2,  323,        235,        495,       10.1,        101,       5.05   ,   0.533233
          2,  324,        276,        442,       10.1,        101,       5.05   ,   0.236432
          2,  325,        701,        326,       10.1,        101,       5.05   ,   -1.50933
          2,  326,        863,         15,       10.1,        101,       5.05   ,  -0.494814
          2,  327,        817,        791,       10.1,        101,       5.05   ,   0.188879
          2,  328,        124,        734,       10.1,        101,       5.05   ,  -0.801465
          2,  329,        987,        549,       10.1,        101,       5.05   ,   -1.07849
          2,  330,        109,         18,       10.1,        101,       5.05   ,  -0.921603
          2,  331,        793,        316,       10.1,        101,       5.05   ,   -1.25705
          2,  332,        762,         50,       10.1,        101,       5.05   ,    1.49828
          2,  333,        989,        565,       10.1,        101,       5.05   ,    1.55706
          2,  334,        642,        831,       10.1,        101,       5.05   ,    0.38677
          2,  335,        126,        411,       10.1,        101,       5.05   ,  -0.120854
          2,  336,        312,         36,       10.1,        101,       5.05   ,   0.508354
          2,  337,        993,        609,       10.1,        101,       5.05   ,  -0.609097
          2,  338,        534,        543,       10.1,        101,       5.05   ,    1.36382
          2,  339,        136,        144,       10.1,        101,       5.05   ,  -0.113318
          2,  340,        652,        177,       10.1,        101,       5.05   ,   0.578128
          2,  341,        850,        355,       10.1,        101,       5.05   ,    1.31215
          2,  342,        633,         79,       10.1,        101,       5.05   ,   -1.55045
          2,  343,        333,        137,       10.1,        101,       5.05   ,    1.41357
          2,  344,        869,        336,       10.1,        101,       5.05   ,   -1.10619
          2,  345,        659,        123,       10.1,        101,       5.05   ,  -0.516556
          2,  346,        420,         23,       10.1,        101,       5.05   ,     1.3064
          2,  347,        507,        336,       10.1,        101,       5.05   ,   -1.20859
          2,  348,        760,        527,       10.1,        101,       5.05   ,    1.49486
          2,  349,        397,        325,       10.1,        101,       5.05   ,  -0.326089
          2,  350,        634,        952,       10.1,        101,       5.05   ,   -0.51098
          2,  351,        748,        772,       10.1,        101,       5.05   ,   0.884838
          2,  352,        915,        365,       10.1,        101,       5.05   ,   0.164072
          2,  353,        878,         23,       10.1,        101,       5.05   ,   0.691956
          2,  354,        348,        276,       10.1,        101,       5.05   ,   0.554439
          2,  355,        937,        719,       10.1,        101,       5.05   ,   -1.54834
          2,  356,        378,        464,       10.1,        101,       5.05   ,  -0.847374
          2,  357,        303,        589,       10.1,        101,       5.05   ,    0.61036
          2,  358,        700,        369,       10.1,        101,       5.05   ,   -1.12055
          2,  359,        653,        262,       10.1,        101,       5.05   ,    -1.5408
          2,  360,        439,        333,       10.1,        101,       5.05   ,   0.263098
          2,  361,        524,         37,       10.1,        101,       5.05   ,    1.38267
          2,  362,        956,        488,       10.1,        101,       5.05   ,   0.745399
          2,  363,        796,        144,       10.1,        101,       5.05   ,   0.469513
          2,  364,        302,        237,       10.1,        101,       5.05   ,    1.38414
          2,  365,        180,        721,       10.1,        101,       5.05   ,  0.0687324
          2,  366,        240,        247,       10.1,        101,       5.05   ,  -0.732224
          2,  367,        102,        199,       10.1,        101,       5.05   ,   -1.55151
          2,  368,        539,        314,       10.1,        101,       5.05   ,  -0.338634
          2,  369,        658,        817,       10.1,        101,       5.05   ,   -1.35869
          2,  370,        785,        231,       10.1,        101,       5.05   ,   -1.33805
          2,  371,        154,        450,       10.1,        101,       5.05   ,  -0.298888
          2,  372,         56,        653,       10.1,        101,       5.05   ,    1.07632
          2,  373,          8,         82,       10.1,        101,       5.05   ,  -0.721237
          2,  374,        443,        230,       10.1,        101,       5.05   ,   0.350075
          2,  375,        763,         45,       10.1,        101,       5.05   ,    1.10668
          2,  376,        866,        948,       10.1,        101,       5.05   ,    0.94283
          2,  377,        892,        487,       10.1,        101,       5.05   ,     1.2397
          2,  378,        141,        994,       10.1,        101,       5.05   ,    1.21224
          2,  379,        870,        515,       10.1,        101,       5.05   ,  -0.628323
          2,  380,        661,        210,       10.1,        101,       5.05   ,    1.05267
          2,  381,        411,        355,       10.1,        101,       5.05   ,    1.52707
          2,  382,        312,        876,       10.1,        101,       5.05   ,   0.196872
          2,  383,        725,        646,       10.1,        101,       5.05   ,    1.38337
          2,  384,         78,        288,       10.1,        101,       5.05   ,  -0.347013
          2,  385,        456,        809,       10.1,        101,       5.05   ,   -0.85465
          2,  386,        967,        839,       10.1,        101,       5.05   ,  -0.339197
          2,  387,        745,        379,       10.1,        101,       5.05   ,    0.50275
          2,  388,        688,         94,       10.1,        101,       5.05   ,  -0.178476
          2,  389,        728,        527,       10.1,        101,       5.05   ,     1.0987
          2,  390,        321,        900,       10.1,        101,       5.05   ,    1.08817
          2,  391,        434,        565,       10.1,        101,       5.05   ,  -0.802163
          2,  392,        167,        665,       10.1,        101,       5.05   ,   0.640139
          2,  393,         97,         43,       10.1,        101,       5.05   ,    1.27891
          2,  394,        857,        863,       10.1,        101,       5.05   ,   -1.53056
          2,  395,        447,        393,       10.1,        101,       5.05   ,  -0.870273
          2,  396,        421,        152,       10.1,        101,       5.05   ,    1.08925
          2,  397,        372,        865,       10.1,        101,       5.05   ,  -0.836488
          2,  398,         35,        359,       10.1,        101,       5.05   ,    0.13739
          2,  399,        669,        755,       10.1,        101,       5.05   ,   0.452909
          2,  400,         16,        642,       10.1,        101,       5.05   ,    1.36453
          2,  401,        990,        838,       10.1,        101,       5.05   ,   -1.38728
          2,  402,        375,        640,       10.1,        101,       5.05   ,    0.79607
          2,  403,         41,        997,       10.1,        101,       5.05   ,   0.773068
          2,  404,        670,        366,       10.1,        101,       5.05   ,  -0.814981
          2,  405,          2,        199,       10.1,        101,       5.05   ,    1.00426
          2,  406,         20,        420,       10.1,        101,       5.05   ,   0.260436
          2,  407,        652,         84,       10.1,        101,       5.05   ,   0.528692
          2,  408,        838,        274,       10.1,        101,       5.05   ,  -0.270456
          2,  409,        775,        100,       10.1,        101,       5.05   ,   -0.45128
          2,  410,        175,        912,       10.1,        101,       5.05   ,  -0.577412
          2,  411,        632,        985,       10.1,        101,       5.05   ,     1.0569
          2,  412,        313,        757,       10.1,        101,       5.05   ,  -0.519687
          2,  413,        219,        903,       10.1,        101,       5.05   ,   -1.24062
          2,  414,        743,        922,       10.1,        101,       5.05   ,   0.544292
          2,  415,        150,        913,       10.1,        101,       5.05   ,   -1.36512
          2,  416,        414,        103,       10.1,        101,       5.05   ,   -1.08605
          2,  417,        310,        215,       10.1,        101,       5.05   ,   0.821366
          2,  418,        638,        445,       10.1,        101,       5.05   , -0.0612371
          2,  419,        637,        556,       10.1,        101,       5.05   ,   0.316338
          2,  420,        283,        857,       10.1,        101,       5.05   , -0.0701518
          2,  421,        457,        349,       10.1,        101,       5.05   ,   -1.31739
          2,  422,        263,        404,       10.1,        101,       5.05   ,    1.11605
          2,  423,        148,        803,       10.1,        101,       5.05   ,  -0.585921
          2,  424,        776,        770,       10.1,        101,       5.05   ,   -1.39993
          2,  425,        828,        823,       10.1,        101,       5.05   ,   0.918961
          2,  426,        778,        562,       10.1,        101,       5.05   ,   0.126005
          2,  427,        134,        483,       10.1,        101,       5.05   ,   0.336722
          2,  428,        820,        895,       10.1,        101,       5.05   ,   -1.51513
          2,  429,        662,        768,       10.1,        101,       5.05   ,    1.12996
          2,  430,        661,        164,       10.1,        101,       5.05   ,  -0.612663
          2,  431,        977,        883,       10.1,        101,       5.05   ,    1.19406
          2,  432,        643,        476,       10.1,        101,       5.05   ,    1.20218
          2,  433,        927,         37,       10.1,        101,       5.05   ,   0.657457
          2,  434,        897,         11,       10.1,        101,       5.05   ,    1.34714
          2,  435,        236,        422,       10.1,        101,       5.05   ,   -1.23921
          2,  436,        381,        684,       10.1,        101,       5.05   ,   -1.38419
          2,  437,        847,        750,       10.1,        101,       5.05   ,  -0.164244
          2,  438,        360,         82,       10.1,        101,       5.05   ,   0.749789
          2,  439,        799,        310,       10.1,        101,       5.05   ,   0.883606
          2,  440,        756,        137,       10.1,        101,       5.05   ,  -0.202144
          2,  441,        493,        628,       10.1,        101,       5.05   ,   0.588539
          2,  442,        650,        218,       10.1,        101,       5.05   ,   0.795438
          2,  443,        998,         91,       10.1,        101,       5.05   ,   0.829585
          2,  444,        988,        600,       10.1,        101,       5.05   ,     1.4521
          2,  445,        590,        284,       10.1,        101,       5.05   ,    1.39207
          2,  446,        791,        950,       10.1,        101,       5.05   ,   -1.32761
          2,  447,        775,        969,       10.1,        101,       5.05   ,    1.16463
          2,  448,        360,         22,       10.1,        101,       5.05   ,    1.50618
          2,  449,        905,        331,       10.1,        101,       5.05   ,   0.626148
          2,  450,        466,        954,       10.1,        101,       5.05   ,   0.845433
          2,  451,         15,        926,       10.1,        101,       5.05   ,   0.125994
          2,  452,        909,        983,       10.1,        101,       5.05   ,  -0.816947
          2,  453,        637,        198,       10.1,        101,       5.05   ,   0.401548
          2,  454,         26,        793,       10.1,        101,       5.05   ,   -0.94282
          2,  455,        449,        769,       10.1,        101,       5.05   ,    1.26606
          2,  456,         30,        872,       10.1,        101,       5.05   ,    1.56929
          2,  457,        919,        537,       10.1,        101,       5.05   ,    1.01374
          2,  458,        842,        945,       10.1,        101,       5.05   ,    0.64665
          2,  459,        730,         48,       10.1,        101,       5.05   ,   0.823398
          2,  460,        475,        181,       10.1,        101,       5.05   ,  -0.827381
          2,  461,        967,        472,       10.1,        101,       5.05   ,   0.395148
          2,  462,        246,        117,       10.1,        101,       5.05   ,   -1.38119
          2,  463,        323,        607,       10.1,        101,       5.05   ,   0.209771
          2,  464,        894,         58,       10.1,        101,       5.05   ,  -0.885056
          2,  465,        888,        214,       10.1,        101,       5.05   ,  0.0381188
          2,  466,        504,        472,       10.1,        101,       5.05   ,   -1.31707
          2,  467,        842,        153,       10.1,        101,       5.05   ,   -1.53546
          2,  468,        889,        562,       10.1,        101,       5.05   ,    1.15656
          2,  469,        941,        103,       10.1,        101,       5.05   ,   0.899416
          2,  470,        381,        723,       10.1,        101,       5.05   ,   0.877264
          2,  471,        908,        905,       10.1,        101,       5.05   ,  -0.971845
          2,  472,        905,         12,       10.1,        101,       5.05   ,   0.953558
          2,  473,        993,        455,       10.1,        101,       5.05   ,   0.976466
          2,  474,         40,         18,       10.1,        101,       5.05   ,   -1.01855
          2,  475,        495,        471,       10.1,        101,       5.05   ,    1.46798
          2,  476,        658,        827,       10.1,        101,       5.05   ,  -0.980301
          2,  477,        842,        573,       10.1,        101,       5.05   ,   0.145813
          2,  478,        744,        413,       10.1,        101,       5.05   ,    1.08091
          2,  479,        357,         89,       10.1,        101,       5.05   ,   0.867502
          2,  480,        694,        367,       10.1,        101,       5.05   ,    0.92405
          2,  481,        962,         43,       10.1,        101,       5.05   ,    1.01236
          2,  482,        877,        670,       10.1,        101,       5.05   ,  -0.721658
          2,  483,        799,        320,       10.1,        101,       5.05   ,    1.48694
          2,  484,        907,        153,       10.1,        101,       5.05   ,   0.104115
          2,  485,        624,        154,       10.1,        101,       5.05   ,    -1.1187
          2,  486,        491,        972,       10.1,        101,       5.05   ,   0.102094
          2,  487,        668,        507,       10.1,        101,       5.05   ,  -0.717105
          2,  488,        110,        574,       10.1,        101,       5.05   ,  -0.824853
          2,  489,        551,        568,       10.1,        101,       5.05   ,  -0.579538
          2,  490,        985,        650,       10.1,        101,       5.05   ,   -0.63358
          2,  491,        644,          6,       10.1,        101,       5.05   ,    1.19476
          2,  492,         68,        340,       10.1,        101,       5.05   ,   0.142589
          2,  493,        375,        212,       10.1,        101,       5.05   ,   -1.01929
          2,  494,        412,        205,       10.1,        101,       5.05   ,   0.588836
          2,  495,         42,        867,       10.1,        101,       5.05   ,   0.462379
          2,  496,        283,        208,       10.1,        101,       5.05   ,   -0.34051
          2,  497,        980,         19,       10.1,        101,       5.05   ,   0.171293
          2,  498,        265,        880,       10.1,        101,       5.05   ,  -0.452564
          2,  499,        622,        864,       10.1,        101,       5.05   ,   0.854333
          2,  500,        471,        429,       10.1,        101,       5.05   ,    0.34921
          2,  501,        984,        842,       10.1,        101,       5.05   ,    1.43082
          2,  502,        782,        769,       10.1,        101,       5.05   ,   0.646723
          2,  503,        160,        521,       10.1,        101,       5.05   ,    1.20828
          2,  504,        391,        657,       10.1,        101,       5.05   ,   -1.31912
          2,  505,        253,        873,       10.1,        101,       5.05   ,  -0.447809
          2,  506,        407,        564,       10.1,        101,       5.05   ,   -1.50472
          2,  507,        376,        694,       10.1,        101,       5.05   ,   0.948906
          2,  508,        992,        154,       10.1,        101,       5.05   ,   -1.40375
          2,  509,        286,        306,       10.1,        101,       5.05   ,  -0.604646
          2,  510,        954,        494,       10.1,        101,       5.05   ,   0.996194
          2,  511,        103,        572,       10.1,        101,       5.05   ,  -0.491821
          2,  512,        284,        128,       10.1,        101,       5.05   ,    1.56227
          2,  513,        296,        161,       10.1,        101,       5.05   ,  -0.323245
          2,  514,        648,        405,       10.1,        101,       5.05   ,  -0.398816
          2,  515,        222,        371,       10.1,        101,       5.05   ,   0.366963
          2,  516,        383,        698,       10.1,        101,       5.05   ,   0.720942
          2,  517,        232,        427,       10.1,        101,       5.05   ,    0.62863
          2,  518,        540,        191,       10.1,        101,       5.05   ,   -1.14546
          2,  519,        261,        611,       10.1,        101,       5.05   ,  -0.318667
          2,  520,        456,        169,       10.1,        101,       5.05   ,   -1.36043
          2,  521,         22,        860,       10.1,        101,       5.05   ,     1.2201
          2,  522,        950,        312,       10.1,        101,       5.05   ,  -0.696409
          2,  523,        310,        716,       10.1,        101,       5.05   ,   0.470946
          2,  524,        973,        426,       10.1,        101,       5.05   ,   -1.55682
          2,  525,        675,        988,       10.1,        101,       5.05   ,  -0.708537
          2,  526,        777,        550,       10.1,        101,       5.05   ,   -1.30337
          2,  527,        621,        568,       10.1,        101,       5.05   ,   -0.58403
          2,  528,        180,         99,       10.1,        101,       5.05   ,   0.892276
          2,  529,        992,        339,       10.1,        101,       5.05   ,    1.32398
          2,  530,        830,        479,       10.1,        101,       5.05   ,  -0.844867
          2,  531,        287,         71,       10.1,        101,       5.05   ,   0.471018
          2,  532,        191,        640,       10.1,        101,       5.05   ,  -0.788021
          2,  533,        205,        699,       10.1,        101,       5.05   ,    1.26672
          2,  534,        719,        754,       10.1,        101,       5.05   ,   0.121493
          2,  535,        157,        150,       10.1,        101,       5.05   , -0.0408528
          2,  536,        349,         88,       10.1,        101,       5.05   ,    0.68642
          2,  537,        341,        203,       10.1,        101,       5.05   ,  -0.162522
          2,  538,        390,        963,       10.1,        101,       5.05   ,  -0.186389
          2,  539,         13,         21,       10.1,        101,       5.05   ,    1.41292
          2,  540,        404,        840,       10.1,        101,       5.05   ,   0.893075
          2,  541,        107,        491,       10.1,        101,       5.05   ,    0.75818
          2,  542,        250,        499,       10.1,        101,       5.05   ,   -1.35926
          2,  543,        988,        113,       10.1,        101,       5.05   ,   -1.21191
          2,  544,        729,        988,       10.1,        101,       5.05   ,   -1.16232
          2,  545,        415,        995,       10.1,        101,       5.05   ,   0.219034
          2,  546,        237,        193,       10.1,        101,       5.05   ,  -0.529629
          2,  547,        876,        217,       10.1,        101,       5.05   ,  -0.684032
          2,  548,        514,        173,       10.1,        101,       5.05   ,   0.538752
          2,  549,        860,        358,       10.1,        101,       5.05   ,    1.32908
          2,  550,        247,        400,       10.1,        101,       5.05   ,    1.27581
          2,  551,        940,        482,       10.1,        101,       5.05   ,    1.25824
          2,  552,        814,         74,       10.1,        101,       5.05   ,   0.263841
          2,  553,        191,        872,       10.1,        101,       5.05   ,   0.768867
          2,  554,        548,         30,       10.1,        101,       5.05   ,  -0.614638
          2,  555,        798,        163,       10.1,        101,       5.05   ,  -0.795486
          2,  556,        750,         69,       10.1,        101,       5.05   ,  -0.489618
          2,  557,        509,        607,       10.1,        101,       5.05   ,  -0.957538
          2,  558,        399,        546,       10.1,        101,       5.05   ,    1.44507
          2,  559,        846,        326,       10.1,        101,       5.05   ,   0.143523
          2,  560,        459,        121,       10.1,        101,       5.05   ,   -0.36882
          2,  561,        512,        779,       10.1,        101,       5.05   ,   0.157729
          2,  562,        271,        860,       10.1,        101,       5.05   ,  -0.535579
          2,  563,        901,         75,       10.1,        101,       5.05   ,    1.37626
          2,  564,        986,         27,       10.1,        101,       5.05   ,   -1.07937
          2,  565,        651,         29,       10.1,        101,       5.05   ,   -1.01157
          2,  566,        648,        958,       10.1,        101,       5.05   ,  -0.701712
          2,  567,        235,        657,       10.1,        101,       5.05   ,  -0.868315
          2,  568,        975,        968,       10.1,        101,       5.05   , -0.0810133
          2,  569,        925,        196,       10.1,        101,       5.05   ,   0.520437
          2,  570,        956,        948,       10.1,        101,       5.05   , -0.0936561
          2,  571,        412,        115,       10.1,        101,       5.05   ,  -0.361432
          2,  572,        682,        106,       10.1,        101,       5.05   ,   0.754117
          2,  573,        560,        857,       10.1,        101,       5.05   ,    1.07442
          2,  574,        902,        429,       10.1,        101,       5.05   ,   -1.51131
          2,  575,        924,        166,       10.1,        101,       5.05   ,   -1.30021
          2,  576,        933,        214,       10.1,        101,       5.05   ,   0.373693
          2,  577,        167,         75,       10.1,        101,       5.05   ,    1.50848
          2,  578,        717,        976,       10.1,        101,       5.05   , -0.0330146
          2,  579,        438,        835,       10.1,        101,       5.05   ,  -0.895697
          2,  580,        857,        384,       10.1,        101,       5.05   ,   -1.21729
          2,  581,        536,        821,       10.1,        101,       5.05   ,    1.23596
          2,  582,        945,        434,       10.1,        101,       5.05   ,   -1.22773
          2,  583,        153,        519,       10.1,        101,       5.05   ,   -1.27293
          2,  584,        742,        832,       10.1,        101,       5.05   ,   0.510007
          2,  585,        203,        765,       10.1,        101,       5.05   ,  -0.320677
          2,  586,        475,         36,       10.1,        101,       5.05   ,  -0.437244
          2,  587,         30,        338,       10.1,        101,       5.05   ,    1.38785
          2,  588,        414,        129,       10.1,        101,       5.05   ,   0.462454
          2,  589,        808,        312,       10.1,        101,       5.05   ,  -0.589262
          2,  590,        807,        966,       10.1,        101,       5.05   ,  -0.968354
          2,  591,        627,         62,       10.1,        101,       5.05   ,    1.34532
          2,  592,        343,        922,       10.1,        101,       5.05   ,   -1.10857
          2,  593,         37,        908,       10.1,        101,       5.05   ,   -1.26459
          2,  594,        846,        701,       10.1,        101,       5.05   ,     1.0827
          2,  595,        258,        225,       10.1,        101,       5.05   ,  -0.767672
          2,  596,        451,        559,       10.1,        101,       5.05   ,   0.803466
          2,  597,        531,        804,       10.1,        101,       5.05   ,  -0.749355
          2,  598,        907,          9,       10.1,        101,       5.05   ,   0.551472
          2,  599,        293,        800,       10.1,        101,       5.05   ,  -0.438217
          2,  600,         52,        392,       10.1,        101,       5.05   ,   0.861068
          2,  601,        196,        504,       10.1,        101,       5.05   ,  -0.544319
          2,  602,        955,        560,       10.1,        101,       5.05   ,    1.08037
          2,  603,        803,        715,       10.1,        101,       5.05   ,  -0.132387
          2,  604,        499,        553,       10.1,        101,       5.05   ,   0.359357
          2,  605,        203,        473,       10.1,        101,       5.05   ,   -1.44589
          2,  606,        624,        267,       10.1,        101,       5.05   ,   0.442796
          2,  607,        930,         39,       10.1,        101,       5.05   ,   -1.14002
          2,  608,        628,        612,       10.1,        101,       5.05   ,   0.853596
          2,  609,        141,        536,       10.1,        101,       5.05   ,   0.695689
          2,  610,        153,        602,       10.1,        101,       5.05   ,    1.28479
          2,  611,        455,        217,       10.1,        101,       5.05   ,   0.200792
          2,  612,        939,        727,       10.1,        101,       5.05   ,   -1.01803
          2,  613,        889,        284,       10.1,        101,       5.05   ,   0.971301
          2,  614,        608,        982,       10.1,        101,       5.05   ,  -0.394281
          2,  615,        848,        256,       10.1,        101,       5.05   ,    1.32573
          2,  616,        850,        822,       10.1,        101,       5.05   ,    0.35567
          2,  617,        447,        910,       10.1,        101,       5.05   ,    1.32247
          2,  618,        156,        438,       10.1,        101,       5.05   ,    1.08469
          2,  619,        758,        108,       10.1,        101,       5.05   ,   0.459044
          2,  620,        763,        109,       10.1,        101,       5.05   ,   -1.37959
          2,  621,        391,        928,       10.1,        101,       5.05   ,   -1.46745
          2,  622,        613,        548,       10.1,        101,       5.05   ,   -1.10054
          2,  623,        604,        762,       10.1,        101,       5.05   ,    1.01401
          2,  624,        945,        313,       10.1,        101,       5.05   ,   -1.10482
          2,  625,        102,        539,       10.1,        101,       5.05   ,   0.748838
          2,  626,        606,        572,       10.1,        101,       5.05   ,   -1.55678
          2,  627,        880,        216,       10.1,        101,       5.05   ,  -0.959529
          2,  628,        717,        884,       10.1,        101,       5.05   ,  -0.843081
          2,  629,        698,        268,       10.1,        101,       5.05   ,   0.164529
          2,  630,        854,        142,       10.1,        101,       5.05   ,    1.41053
          2,  631,        809,        370,       10.1,        101,       5.05   ,     0.1206
          2,  632,        872,        959,       10.1,        101,       5.05   ,   -1.33786
          2,  633,        205,        499,       10.1,        101,       5.05   ,  -0.228284
          2,  634,        463,        928,       10.1,        101,       5.05   ,   -0.79309
          2,  635,        678,        209,       10.1,        101,       5.05   ,  -0.480813
          2,  636,        394,        131,       10.1,        101,       5.05   ,    1.11005
          2,  637,        610,        352,       10.1,        101,       5.05   ,   0.901117
          2,  638,        168,        864,       10.1,        101,       5.05   ,  -0.844887
          2,  639,        737,        534,       10.1,        101,       5.05   ,   0.400052
          2,  640,        414,        969,       10.1,        101,       5.05   ,  -0.207333
          2,  641,        957,        692,       10.1,        101,       5.05   ,   -1.37375
          2,  642,        535,        974,       10.1,        101,       5.05   ,   -1.16573
          2,  643,        795,        967,       10.1,        101,       5.05   ,  -0.108409
          2,  644,        859,        947,       10.1,        101,       5.05   ,   -1.09021
          2,  645,         90,        429,       10.1,        101,       5.05   ,   0.725792
          2,  646,        996,        715,       10.1,        101,       5.05   ,   -0.23361
          2,  647,        857,        912,       10.1,        101,       5.05   ,   0.248164
          2,  648,        639,        514,       10.1,        101,       5.05   ,    1.20572
          2,  649,        907,        102,       10.1,        101,       5.05   ,      1.519
          2,  650,        124,        181,       10.1,        101,       5.05   ,    1.53961
          2,  651,         78,        699,       10.1,        101,       5.05   ,   -1.12646
          2,  652,        461,        986,       10.1,        101,       5.05   , -0.0633321
          2,  653,        688,        408,       10.1,        101,       5.05   ,  -0.763238
          2,  654,         20,        547,       10.1,        101,       5.05   ,    -0.9818
          2,  655,        667,        757,       10.1,        101,       5.05   ,  -0.479726
          2,  656,          5,         99,       10.1,        101,       5.05   ,   -1.57064
          2,  657,        561,        574,       10.1,        101,       5.05   ,   -0.10202
          2,  658,        504,        318,       10.1,        101,       5.05   ,     1.0611
          2,  659,        998,        545,       10.1,        101,       5.05   ,  -0.720504
          2,  660,        924,        601,       10.1,        101,       5.05   ,    1.46693
          2,  661,        338,        718,       10.1,        101,       5.05   ,    1.42689
          2,  662,         42,        104,       10.1,        101,       5.05   ,   -1.07049
          2,  663,         27,         52,       10.1,        101,       5.05   ,    1.03668
          2,  664,         52,        265,       10.1,        101,       5.05   , -0.0108865
          2,  665,        441,        863,       10.1,        101,       5.05   ,  -0.568841
          2,  666,        467,         18,       10.1,        101,       5.05   ,   0.523428
          2,  667,        201,        996,       10.1,        101,       5.05   ,  -0.740878
          2,  668,        667,        870,       10.1,        101,       5.05   ,   -1.04082
          2,  669,        821,        561,       10.1,        101,       5.05   ,   -1.23389
          2,  670,        194,        504,       10.1,        101,       5.05   ,   -0.90008
          2,  671,        376,        978,       10.1,        101,       5.05   ,   -1.52872
          2,  672,        837,        860,       10.1,        101,       5.05   ,  -0.143345
          2,  673,        665,        840,       10.1,        101,       5.05   ,  -0.813424
          2,  674,         14,        430,       10.1,        101,       5.05   ,   -1.41421
          2,  675,        500,        727,       10.1,        101,       5.05   ,    -1.3562
          2,  676,        730,        636,       10.1,        101,       5.05   ,   0.169724
          2,  677,        871,        963,       10.1,        101,       5.05   ,    0.75817
          2,  678,        345,         61,       10.1,        101,       5.05   ,    1.50129
          2,  679,        237,         16,       10.1,        101,       5.05   ,  -0.857379
          2,  680,        132,        390,       10.1,        101,       5.05   ,  -0.214394
          2,  681,        290,        253,       10.1,        101,       5.05   ,  -0.433502
          2,  682,         82,        224,       10.1,        101,       5.05   ,    1.43994
          2,  683,        480,        601,       10.1,        101,       5.05   ,   -1.52212
          2,  684,        272,        186,       10.1,        101,       5.05   ,    1.18461
          2,  685,        632,         41,       10.1,        101,       5.05   ,    0.75229
          2,  686,        906,        997,       10.1,        101,       5.05   ,   -0.56816
          2,  687,        972,        291,       10.1,        101,       5.05   ,   -0.93044
          2,  688,        463,        584,       10.1,        101,       5.05   ,   0.177729
          2,  689,        266,        281,       10.1,        101,       5.05   ,   -1.15456
------------------------------------------------------------------------------
Component[2] Total Sloped Parallelepiped = 689