Component 1 maximum area=0.326731 [on 1000x1000]
Component type: Ellipse
---------------------------------------------------------------------------------------
--------------|------- Center-----|----- dimensions---------|----------------------
component| id|    X       |     Y      |  Width/a     | height/b |   hoop   |   Slope   
---------------------------------------------------------------------------------------
          1,    1,        982,        965,       50.5,       50.5,      2.525   ,    1.26784
          1,    2,        181,         74,       50.5,       50.5,      2.525   , -0.0398108
          1,    3,        383,        869,       50.5,       50.5,      2.525   ,  -0.199203
          1,    4,        709,        102,       50.5,       50.5,      2.525   ,   0.176118
          1,    5,         91,        449,       50.5,       50.5,      2.525   ,  -0.879074
          1,    6,        649,        440,       50.5,       50.5,      2.525   ,   -0.17589
          1,    7,        625,        139,       50.5,       50.5,      2.525   ,   0.957987
          1,    8,        141,        809,       50.5,       50.5,      2.525   ,  -0.281252
          1,    9,        743,        480,       50.5,       50.5,      2.525   , -0.0357234
          1,   10,        243,        977,       50.5,       50.5,      2.525   ,    1.36714
          1,   11,        520,        511,       50.5,       50.5,      2.525   ,  -0.815719
          1,   12,        276,         71,       50.5,       50.5,      2.525   ,-0.00393976
          1,   13,        981,        186,       50.5,       50.5,      2.525   ,   -1.53404
          1,   14,        733,        334,       50.5,       50.5,      2.525   ,    1.14148
          1,   15,        468,        235,       50.5,       50.5,      2.525   ,  -0.842047
          1,   16,        246,        170,       50.5,       50.5,      2.525   ,   0.596333
          1,   17,        342,        453,       50.5,       50.5,      2.525   , -0.0710508
          1,   18,         47,        125,       50.5,       50.5,      2.525   ,    1.38045
          1,   19,        927,        898,       50.5,       50.5,      2.525   ,    1.53211
          1,   20,        482,        767,       50.5,       50.5,      2.525   ,  -0.163269
          1,   21,        119,         48,       50.5,       50.5,      2.525   ,   0.804832
          1,   22,          7,        459,       50.5,       50.5,      2.525   , -0.0262501
          1,   23,        289,        338,       50.5,       50.5,      2.525   ,   0.157304
          1,   24,        915,        907,       50.5,       50.5,      2.525   ,    1.03052
          1,   25,        575,        542,       50.5,       50.5,      2.525   ,   -1.18524
          1,   26,        734,         32,       50.5,       50.5,      2.525   ,   0.723393
          1,   27,        824,        384,       50.5,       50.5,      2.525   ,     1.0232
          1,   28,        621,        660,       50.5,       50.5,      2.525   ,   0.917399
          1,   29,        362,        131,       50.5,       50.5,      2.525   ,   -1.54725
          1,   30,        463,        329,       50.5,       50.5,      2.525   ,    1.29973
          1,   31,        564,        632,       50.5,       50.5,      2.525   ,  0.0758729
          1,   32,        584,        579,       50.5,       50.5,      2.525   ,  -0.181354
          1,   33,        650,        813,       50.5,       50.5,      2.525   ,   0.454685
          1,   34,        324,         65,       50.5,       50.5,      2.525   ,    1.35139
          1,   35,        112,        437,       50.5,       50.5,      2.525   ,    1.18682
          1,   36,        380,        828,       50.5,       50.5,      2.525   ,   -0.99206
          1,   37,        773,         29,       50.5,       50.5,      2.525   ,    0.39735
          1,   38,        323,        863,       50.5,       50.5,      2.525   ,    -1.1697
          1,   39,        955,        951,       50.5,       50.5,      2.525   ,    1.02196
          1,   40,        609,        320,       50.5,       50.5,      2.525   ,   0.428726
          1,   41,        802,        628,       50.5,       50.5,      2.525   ,  -0.961423
          1,   42,        713,        872,       50.5,       50.5,      2.525   ,   0.236978
          1,   43,        168,        683,       50.5,       50.5,      2.525   ,   0.327926
          1,   44,        676,        268,       50.5,       50.5,      2.525   ,   0.101726
          1,   45,        197,         68,       50.5,       50.5,      2.525   ,  -0.210679
          1,   46,        477,        514,       50.5,       50.5,      2.525   ,   0.679294
          1,   47,        891,        942,       50.5,       50.5,      2.525   ,    -1.4056
          1,   48,        825,         29,       50.5,       50.5,      2.525   ,  0.0232596
          1,   49,        390,        457,       50.5,       50.5,      2.525   ,   0.582038
          1,   50,         91,        719,       50.5,       50.5,      2.525   ,  -0.195517
          1,   51,        370,        196,       50.5,       50.5,      2.525   ,   0.950706
          1,   52,        644,        287,       50.5,       50.5,      2.525   ,   0.833571
          1,   53,        483,        619,       50.5,       50.5,      2.525   ,     1.3101
------------------------------------------------------------------------------
Component[1] Total Ellipsoids = 53