Component 1 maximum area=0.326731 [on 1000x1000]
Component type: Ellipse
---------------------------------------------------------------------------------------
--------------|------- Center-----|----- dimensions---------|----------------------
component| id|    X       |     Y      |  Width/a     | height/b |   hoop   |   Slope   
---------------------------------------------------------------------------------------
          1,    1,        225,        686,       50.5,       50.5,      2.525   ,  -0.452601
          1,    2,        834,        940,       50.5,       50.5,      2.525   ,    1.45808
          1,    3,        752,        762,       50.5,       50.5,      2.525   ,   -1.12732
          1,    4,        292,        825,       50.5,       50.5,      2.525   ,    1.42264
          1,    5,         84,         69,       50.5,       50.5,      2.525   ,   -1.23704
          1,    6,        227,        662,       50.5,       50.5,      2.525   ,  -0.928254
          1,    7,        345,        367,       50.5,       50.5,      2.525   ,    1.25042
          1,    8,        844,        128,       50.5,       50.5,      2.525   ,   0.839448
          1,    9,        242,        477,       50.5,       50.5,      2.525   ,    0.21213
          1,   10,         85,        658,       50.5,       50.5,      2.525   ,  -0.750961
          1,   11,        906,        914,       50.5,       50.5,      2.525   ,    1.43946
          1,   12,        836,        387,       50.5,       50.5,      2.525   ,    1.05175
          1,   13,        610,        682,       50.5,       50.5,      2.525   ,    1.20834
          1,   14,        539,         84,       50.5,       50.5,      2.525   ,  -0.268457
          1,   15,        549,        389,       50.5,       50.5,      2.525   ,     0.8303
          1,   16,        278,         96,       50.5,       50.5,      2.525   ,  -0.772235
          1,   17,        730,        948,       50.5,       50.5,      2.525   ,     0.9977
          1,   18,        356,        179,       50.5,       50.5,      2.525   ,  0.0172419
          1,   19,        841,        109,       50.5,       50.5,      2.525   ,   -1.39937
          1,   20,        301,        676,       50.5,       50.5,      2.525   ,   -0.91521
          1,   21,         74,        506,       50.5,       50.5,      2.525   ,   0.104176
          1,   22,        435,        186,       50.5,       50.5,      2.525   ,  -0.996223
          1,   23,        182,        206,       50.5,       50.5,      2.525   ,   0.478183
          1,   24,         15,        612,       50.5,       50.5,      2.525   ,  -0.365728
          1,   25,        717,        866,       50.5,       50.5,      2.525   ,  0.0991175
          1,   26,        455,        836,       50.5,       50.5,      2.525   ,   0.635755
          1,   27,        279,         62,       50.5,       50.5,      2.525   ,  -0.876845
          1,   28,        527,        315,       50.5,       50.5,      2.525   ,   0.126783
          1,   29,        992,        906,       50.5,       50.5,      2.525   ,    1.16795
          1,   30,        307,        798,       50.5,       50.5,      2.525   ,   0.495579
          1,   31,        226,        890,       50.5,       50.5,      2.525   ,    1.46991
          1,   32,        100,         21,       50.5,       50.5,      2.525   ,  -0.942383
          1,   33,        829,        527,       50.5,       50.5,      2.525   ,   -1.18675
          1,   34,        210,        521,       50.5,       50.5,      2.525   ,   -1.54148
          1,   35,         85,        427,       50.5,       50.5,      2.525   ,   0.243469
          1,   36,        979,         42,       50.5,       50.5,      2.525   ,    1.27991
          1,   37,        374,         68,       50.5,       50.5,      2.525   ,   -1.27859
          1,   38,        447,        970,       50.5,       50.5,      2.525   ,   -1.50735
          1,   39,        785,        686,       50.5,       50.5,      2.525   ,   0.835561
          1,   40,        651,        840,       50.5,       50.5,      2.525   ,  -0.642154
          1,   41,        916,        645,       50.5,       50.5,      2.525   ,   -0.24952
          1,   42,        871,        735,       50.5,       50.5,      2.525   , -0.0986151
          1,   43,        586,        242,       50.5,       50.5,      2.525   ,   0.737398
          1,   44,        673,        380,       50.5,       50.5,      2.525   ,   -1.07036
          1,   45,        164,        610,       50.5,       50.5,      2.525   ,    0.20871
          1,   46,        929,        216,       50.5,       50.5,      2.525   ,  -0.924085
          1,   47,         66,        461,       50.5,       50.5,      2.525   ,    1.37015
          1,   48,        700,        630,       50.5,       50.5,      2.525   ,    1.42944
------------------------------------------------------------------------------
Component[1] Total Ellipsoids = 48