Component 2 maximum area=0.323322 [on 1000x1000]
Component type: Sloped rectangle
---------------------------------------------------------------------------------------
--------------|------- Center-----|----- dimensions---------|----------------------
component| id|    X       |     Y      |  Width/a     | height/b |   hoop   |   Slope   
---------------------------------------------------------------------------------------
          2,    1,         86,        317,       10.1,        101,       5.05   ,   0.805068
          2,    2,        917,        548,       10.1,        101,       5.05   ,   -1.39624
          2,    3,         96,        252,       10.1,        101,       5.05   ,    0.93877
          2,    4,        486,        943,       10.1,        101,       5.05   ,   -1.29062
          2,    5,        431,        332,       10.1,        101,       5.05   ,   0.707643
          2,    6,        421,        378,       10.1,        101,       5.05   ,    1.18027
          2,    7,        599,        745,       10.1,        101,       5.05   ,    1.44166
          2,    8,        721,        457,       10.1,        101,       5.05   ,    1.45811
          2,    9,        114,        914,       10.1,        101,       5.05   ,    -0.2049
          2,   10,        937,        841,       10.1,        101,       5.05   ,   0.137437
          2,   11,        161,        850,       10.1,        101,       5.05   ,    1.38172
          2,   12,        116,        526,       10.1,        101,       5.05   ,   -1.26392
          2,   13,        511,        939,       10.1,        101,       5.05   ,  -0.827216
          2,   14,         69,        350,       10.1,        101,       5.05   ,  0.0419402
          2,   15,        835,        831,       10.1,        101,       5.05   ,  -0.664742
          2,   16,        469,        540,       10.1,        101,       5.05   ,  0.0602694
          2,   17,        135,        804,       10.1,        101,       5.05   ,   0.956364
          2,   18,        776,        323,       10.1,        101,       5.05   ,  -0.286886
          2,   19,        573,        416,       10.1,        101,       5.05   ,    1.39171
          2,   20,        490,        896,       10.1,        101,       5.05   ,  -0.719402
          2,   21,        468,        939,       10.1,        101,       5.05   ,   0.381836
          2,   22,        283,        570,       10.1,        101,       5.05   , -0.0834294
          2,   23,        826,        765,       10.1,        101,       5.05   ,  -0.602977
          2,   24,        994,        996,       10.1,        101,       5.05   ,    -1.2345
          2,   25,        723,        198,       10.1,        101,       5.05   ,  0.0460197
          2,   26,        223,        489,       10.1,        101,       5.05   ,  -0.123097
          2,   27,        938,         11,       10.1,        101,       5.05   ,  -0.721006
          2,   28,        268,        586,       10.1,        101,       5.05   ,   -0.07536
          2,   29,        488,        976,       10.1,        101,       5.05   ,  -0.925995
          2,   30,        865,        376,       10.1,        101,       5.05   ,   -1.01002
          2,   31,        284,        127,       10.1,        101,       5.05   ,  -0.906353
          2,   32,        405,        335,       10.1,        101,       5.05   ,   -1.15424
          2,   33,        153,        302,       10.1,        101,       5.05   ,    1.52342
          2,   34,        845,        508,       10.1,        101,       5.05   ,   0.500194
          2,   35,        472,        572,       10.1,        101,       5.05   ,  -0.713671
          2,   36,        599,        178,       10.1,        101,       5.05   ,     -1.242
          2,   37,        641,         80,       10.1,        101,       5.05   ,  -0.872795
          2,   38,        638,         49,       10.1,        101,       5.05   ,    1.41376
          2,   39,        766,        230,       10.1,        101,       5.05   ,  -0.178354
          2,   40,        139,        543,       10.1,        101,       5.05   ,   0.274593
          2,   41,        137,         16,       10.1,        101,       5.05   ,   -1.33537
          2,   42,        648,        504,       10.1,        101,       5.05   ,   0.983718
          2,   43,        589,        292,       10.1,        101,       5.05   ,   0.720093
          2,   44,        214,        496,       10.1,        101,       5.05   ,   -1.24952
          2,   45,        168,        290,       10.1,        101,       5.05   ,   -0.46557
          2,   46,        667,         44,       10.1,        101,       5.05   ,   -1.28032
          2,   47,        337,        242,       10.1,        101,       5.05   , -0.0218756
          2,   48,        100,        690,       10.1,        101,       5.05   ,  -0.670331
          2,   49,        478,        183,       10.1,        101,       5.05   ,  -0.341388
          2,   50,        280,        217,       10.1,        101,       5.05   ,  -0.693676
          2,   51,        719,         25,       10.1,        101,       5.05   ,  -0.541036
          2,   52,        399,        715,       10.1,        101,       5.05   ,   0.574682
          2,   53,        665,        943,       10.1,        101,       5.05   ,   0.630572
          2,   54,        436,        403,       10.1,        101,       5.05   ,  -0.280916
          2,   55,        392,        933,       10.1,        101,       5.05   ,  -0.592887
          2,   56,        907,        796,       10.1,        101,       5.05   ,  -0.212831
          2,   57,        576,        277,       10.1,        101,       5.05   ,    1.10545
          2,   58,        955,        965,       10.1,        101,       5.05   ,  -0.252435
          2,   59,        497,        112,       10.1,        101,       5.05   ,   -1.34941
          2,   60,        985,        496,       10.1,        101,       5.05   ,  -0.791527
          2,   61,         24,        582,       10.1,        101,       5.05   ,   0.432919
          2,   62,         17,        328,       10.1,        101,       5.05   ,    1.19808
          2,   63,        661,         64,       10.1,        101,       5.05   ,  -0.257593
          2,   64,        573,        761,       10.1,        101,       5.05   ,   0.861266
          2,   65,        207,        242,       10.1,        101,       5.05   ,  -0.564297
          2,   66,        716,         20,       10.1,        101,       5.05   ,  -0.598933
          2,   67,        460,        568,       10.1,        101,       5.05   ,   -0.79329
          2,   68,        520,          9,       10.1,        101,       5.05   ,   0.820131
          2,   69,        910,        443,       10.1,        101,       5.05   ,   -1.14214
          2,   70,        863,        954,       10.1,        101,       5.05   ,    -0.4536
          2,   71,        135,        793,       10.1,        101,       5.05   ,  -0.342634
          2,   72,         90,        800,       10.1,        101,       5.05   ,   0.076399
          2,   73,        608,        338,       10.1,        101,       5.05   ,    1.24881
          2,   74,        191,         48,       10.1,        101,       5.05   ,   0.844123
          2,   75,        413,        107,       10.1,        101,       5.05   ,  -0.773299
          2,   76,        997,        257,       10.1,        101,       5.05   ,  -0.728854
          2,   77,        485,        848,       10.1,        101,       5.05   ,   0.805138
          2,   78,        132,        853,       10.1,        101,       5.05   ,   -1.44551
          2,   79,        346,        805,       10.1,        101,       5.05   ,   0.759433
          2,   80,        849,        814,       10.1,        101,       5.05   ,  -0.143542
          2,   81,        314,        502,       10.1,        101,       5.05   ,    1.23248
          2,   82,        207,        118,       10.1,        101,       5.05   ,  -0.410492
          2,   83,        709,        790,       10.1,        101,       5.05   ,    1.32877
          2,   84,        818,        103,       10.1,        101,       5.05   ,   0.542526
          2,   85,        506,        320,       10.1,        101,       5.05   ,  -0.413934
          2,   86,        356,        469,       10.1,        101,       5.05   ,    1.08747
          2,   87,        553,        520,       10.1,        101,       5.05   ,   0.402121
          2,   88,        935,        559,       10.1,        101,       5.05   ,    0.10532
          2,   89,        631,        582,       10.1,        101,       5.05   ,   0.734003
          2,   90,        941,        344,       10.1,        101,       5.05   ,    1.09995
          2,   91,         10,        602,       10.1,        101,       5.05   ,   -1.36588
          2,   92,        312,        609,       10.1,        101,       5.05   ,    0.81839
          2,   93,        713,        756,       10.1,        101,       5.05   ,   0.280171
          2,   94,        353,        282,       10.1,        101,       5.05   ,  0.0291342
          2,   95,        502,        642,       10.1,        101,       5.05   ,  0.0464201
          2,   96,        269,        385,       10.1,        101,       5.05   ,   0.602536
          2,   97,        385,        340,       10.1,        101,       5.05   ,  -0.127105
          2,   98,        905,        100,       10.1,        101,       5.05   ,   -1.28226
          2,   99,        237,         63,       10.1,        101,       5.05   ,   -1.55253
          2,  100,         62,        664,       10.1,        101,       5.05   ,   -1.21021
          2,  101,        806,        939,       10.1,        101,       5.05   ,   -1.46984
          2,  102,         34,        143,       10.1,        101,       5.05   ,  -0.204018
          2,  103,        380,        669,       10.1,        101,       5.05   ,   0.303661
          2,  104,        279,        924,       10.1,        101,       5.05   ,  -0.369886
          2,  105,        577,        589,       10.1,        101,       5.05   ,    1.47996
          2,  106,        847,        180,       10.1,        101,       5.05   ,  -0.950068
          2,  107,        218,        209,       10.1,        101,       5.05   ,    1.46992
          2,  108,        940,        806,       10.1,        101,       5.05   ,  -0.832727
          2,  109,        655,        754,       10.1,        101,       5.05   ,   0.420339
          2,  110,        631,        179,       10.1,        101,       5.05   ,    1.52301
          2,  111,        281,        609,       10.1,        101,       5.05   ,   0.699506
          2,  112,        213,        874,       10.1,        101,       5.05   ,  -0.710697
          2,  113,        715,         63,       10.1,        101,       5.05   ,   -0.64668
          2,  114,        543,         27,       10.1,        101,       5.05   ,   -1.08729
          2,  115,        993,        400,       10.1,        101,       5.05   ,  -0.995625
          2,  116,        950,        514,       10.1,        101,       5.05   ,   -1.33469
          2,  117,        327,        163,       10.1,        101,       5.05   ,  -0.863162
          2,  118,        509,        735,       10.1,        101,       5.05   ,   -1.52279
          2,  119,         77,        805,       10.1,        101,       5.05   ,    1.40594
          2,  120,        718,         67,       10.1,        101,       5.05   ,  0.0195399
          2,  121,        554,        720,       10.1,        101,       5.05   ,   0.245156
          2,  122,        167,        923,       10.1,        101,       5.05   ,    0.87678
          2,  123,         14,        246,       10.1,        101,       5.05   ,   0.385811
          2,  124,        952,        679,       10.1,        101,       5.05   ,    1.02513
          2,  125,        105,        661,       10.1,        101,       5.05   ,   0.314592
          2,  126,        744,        901,       10.1,        101,       5.05   ,  -0.504157
          2,  127,        143,        142,       10.1,        101,       5.05   ,  -0.438269
          2,  128,        813,        159,       10.1,        101,       5.05   ,  -0.245018
          2,  129,        618,        422,       10.1,        101,       5.05   ,   -1.25274
          2,  130,        159,        511,       10.1,        101,       5.05   ,  -0.713432
          2,  131,         50,        943,       10.1,        101,       5.05   ,  -0.661451
          2,  132,        632,        102,       10.1,        101,       5.05   ,    1.17992
          2,  133,        149,        902,       10.1,        101,       5.05   ,   0.627145
          2,  134,        757,        903,       10.1,        101,       5.05   ,    1.51705
          2,  135,        688,        266,       10.1,        101,       5.05   ,   0.436981
          2,  136,        620,        818,       10.1,        101,       5.05   ,  -0.389202
          2,  137,        126,        279,       10.1,        101,       5.05   ,   0.151427
          2,  138,        754,        693,       10.1,        101,       5.05   ,   0.871436
          2,  139,        123,        683,       10.1,        101,       5.05   ,    -1.5254
          2,  140,        492,        967,       10.1,        101,       5.05   ,  -0.734697
          2,  141,        857,        483,       10.1,        101,       5.05   ,    1.18749
          2,  142,        200,        249,       10.1,        101,       5.05   ,   -1.37579
          2,  143,         56,        218,       10.1,        101,       5.05   ,  -0.346137
          2,  144,        756,         41,       10.1,        101,       5.05   ,   -1.13064
          2,  145,        261,          4,       10.1,        101,       5.05   ,   0.121203
          2,  146,        692,        301,       10.1,        101,       5.05   ,  0.0129686
          2,  147,        350,        314,       10.1,        101,       5.05   ,     1.1542
          2,  148,        770,        643,       10.1,        101,       5.05   ,     0.3042
          2,  149,        609,        889,       10.1,        101,       5.05   ,  -0.030556
          2,  150,        155,        441,       10.1,        101,       5.05   ,    1.02844
          2,  151,        430,        220,       10.1,        101,       5.05   ,  -0.617827
          2,  152,        242,        871,       10.1,        101,       5.05   ,  0.0923913
          2,  153,         22,        255,       10.1,        101,       5.05   ,   0.847884
          2,  154,        306,        507,       10.1,        101,       5.05   ,    1.49719
          2,  155,        494,        775,       10.1,        101,       5.05   ,   0.361781
          2,  156,        325,        120,       10.1,        101,       5.05   ,  0.0156284
          2,  157,        533,        907,       10.1,        101,       5.05   ,  -0.924873
          2,  158,         64,        692,       10.1,        101,       5.05   ,   -1.22179
          2,  159,        304,        717,       10.1,        101,       5.05   ,   -1.02452
          2,  160,        975,        120,       10.1,        101,       5.05   ,   0.727002
          2,  161,        533,        719,       10.1,        101,       5.05   ,    1.30379
          2,  162,        371,          3,       10.1,        101,       5.05   , -0.0857961
          2,  163,        887,        600,       10.1,        101,       5.05   ,   -1.51706
          2,  164,        855,        683,       10.1,        101,       5.05   ,  0.0570962
          2,  165,        166,        427,       10.1,        101,       5.05   ,   0.112726
          2,  166,        285,        768,       10.1,        101,       5.05   ,   -1.25688
          2,  167,        487,        452,       10.1,        101,       5.05   ,   -1.07462
          2,  168,        329,        811,       10.1,        101,       5.05   ,    1.38983
          2,  169,        765,        821,       10.1,        101,       5.05   ,   -1.18902
          2,  170,        221,        581,       10.1,        101,       5.05   ,   0.188665
          2,  171,        117,        639,       10.1,        101,       5.05   ,   -1.52797
          2,  172,         73,        127,       10.1,        101,       5.05   ,  -0.343119
          2,  173,        853,        893,       10.1,        101,       5.05   ,    1.03147
          2,  174,        100,        434,       10.1,        101,       5.05   ,  -0.788304
          2,  175,         43,        192,       10.1,        101,       5.05   ,  -0.867589
          2,  176,        308,        332,       10.1,        101,       5.05   ,  -0.560167
          2,  177,        554,        160,       10.1,        101,       5.05   ,    1.35424
          2,  178,        892,        912,       10.1,        101,       5.05   ,    1.35815
          2,  179,        404,        289,       10.1,        101,       5.05   ,   0.305228
          2,  180,        180,        373,       10.1,        101,       5.05   ,   0.511695
          2,  181,        615,        473,       10.1,        101,       5.05   ,  0.0458233
          2,  182,        702,        412,       10.1,        101,       5.05   ,    1.21702
          2,  183,        741,        606,       10.1,        101,       5.05   ,  0.0197413
          2,  184,        776,        835,       10.1,        101,       5.05   ,    0.28191
          2,  185,        431,        438,       10.1,        101,       5.05   ,   -1.25103
          2,  186,        527,        233,       10.1,        101,       5.05   , -0.0317199
          2,  187,        966,        431,       10.1,        101,       5.05   ,    1.52963
          2,  188,        218,        351,       10.1,        101,       5.05   ,  -0.731561
          2,  189,        201,        619,       10.1,        101,       5.05   ,  -0.501254
          2,  190,        567,        448,       10.1,        101,       5.05   ,  -0.318296
          2,  191,        124,        887,       10.1,        101,       5.05   ,   0.214259
          2,  192,        229,        257,       10.1,        101,       5.05   ,   -1.30678
          2,  193,        992,        854,       10.1,        101,       5.05   ,    1.24776
          2,  194,        746,        532,       10.1,        101,       5.05   ,  -0.144263
          2,  195,        676,        811,       10.1,        101,       5.05   ,   -1.00469
          2,  196,        157,        264,       10.1,        101,       5.05   ,   0.641923
          2,  197,        245,        892,       10.1,        101,       5.05   ,   0.309527
          2,  198,        170,        739,       10.1,        101,       5.05   ,  -0.875232
          2,  199,        488,        815,       10.1,        101,       5.05   ,    1.06375
          2,  200,        189,         22,       10.1,        101,       5.05   ,   0.937525
          2,  201,        865,        832,       10.1,        101,       5.05   ,    0.18655
          2,  202,        365,        363,       10.1,        101,       5.05   ,  -0.145348
          2,  203,          4,        753,       10.1,        101,       5.05   ,  -0.965799
          2,  204,        642,        427,       10.1,        101,       5.05   ,   0.235448
          2,  205,         61,        825,       10.1,        101,       5.05   ,    0.73246
          2,  206,        424,        878,       10.1,        101,       5.05   ,  -0.961194
          2,  207,        854,        413,       10.1,        101,       5.05   ,    1.27102
          2,  208,         61,        361,       10.1,        101,       5.05   ,   0.982119
          2,  209,        965,        554,       10.1,        101,       5.05   , 0.00117484
          2,  210,        480,        872,       10.1,        101,       5.05   ,    -0.4596
          2,  211,        261,         58,       10.1,        101,       5.05   ,  -0.819209
          2,  212,        722,        961,       10.1,        101,       5.05   ,  -0.290941
          2,  213,        328,        105,       10.1,        101,       5.05   ,  -0.391268
          2,  214,        580,        914,       10.1,        101,       5.05   ,  -0.589767
          2,  215,        602,        850,       10.1,        101,       5.05   ,    -1.2316
          2,  216,         17,        141,       10.1,        101,       5.05   ,    1.45131
          2,  217,         67,        984,       10.1,        101,       5.05   ,   -1.23329
          2,  218,        830,        266,       10.1,        101,       5.05   ,   -1.02493
          2,  219,        847,        706,       10.1,        101,       5.05   ,   -1.19453
          2,  220,        351,        872,       10.1,        101,       5.05   ,   -1.26395
          2,  221,        425,        844,       10.1,        101,       5.05   ,    0.66273
          2,  222,        870,         73,       10.1,        101,       5.05   ,   -0.76408
          2,  223,        351,        268,       10.1,        101,       5.05   ,    1.14254
          2,  224,        162,        575,       10.1,        101,       5.05   ,   0.503923
          2,  225,        995,        625,       10.1,        101,       5.05   ,    1.11108
          2,  226,        735,        762,       10.1,        101,       5.05   ,  -0.212651
          2,  227,        618,        325,       10.1,        101,       5.05   ,  -0.361118
          2,  228,        585,        395,       10.1,        101,       5.05   ,  -0.855298
          2,  229,        882,        520,       10.1,        101,       5.05   ,   0.659378
          2,  230,        778,        854,       10.1,        101,       5.05   ,  -0.645194
          2,  231,         30,        213,       10.1,        101,       5.05   ,   -1.40325
          2,  232,        468,        577,       10.1,        101,       5.05   ,  -0.161157
          2,  233,        527,        863,       10.1,        101,       5.05   ,   0.165153
          2,  234,        407,        426,       10.1,        101,       5.05   ,    -1.4453
          2,  235,        620,        990,       10.1,        101,       5.05   ,   -0.43249
          2,  236,        236,        951,       10.1,        101,       5.05   ,  -0.927503
          2,  237,        218,        472,       10.1,        101,       5.05   ,   0.604441
          2,  238,        703,        841,       10.1,        101,       5.05   ,   0.774279
          2,  239,        429,        972,       10.1,        101,       5.05   ,    1.38664
          2,  240,        870,        892,       10.1,        101,       5.05   ,   0.591222
          2,  241,        887,        768,       10.1,        101,       5.05   ,     -1.065
          2,  242,        904,        437,       10.1,        101,       5.05   ,  -0.419925
          2,  243,        827,        443,       10.1,        101,       5.05   ,  -0.152567
          2,  244,         54,        253,       10.1,        101,       5.05   ,   0.364389
          2,  245,        175,        568,       10.1,        101,       5.05   ,    1.50867
          2,  246,        580,        776,       10.1,        101,       5.05   ,    0.36397
          2,  247,        647,        900,       10.1,        101,       5.05   ,   0.406405
          2,  248,        688,        564,       10.1,        101,       5.05   ,   0.793341
          2,  249,        985,        229,       10.1,        101,       5.05   ,   0.696491
          2,  250,        190,        367,       10.1,        101,       5.05   ,   0.882875
          2,  251,        562,        708,       10.1,        101,       5.05   ,   -1.33767
          2,  252,        522,        264,       10.1,        101,       5.05   ,   -1.17161
          2,  253,        798,        134,       10.1,        101,       5.05   ,    0.65869
          2,  254,        827,        540,       10.1,        101,       5.05   ,    1.26782
          2,  255,        881,        591,       10.1,        101,       5.05   ,  0.0570094
          2,  256,        802,        636,       10.1,        101,       5.05   ,   0.072395
          2,  257,        634,        434,       10.1,        101,       5.05   ,    1.54033
          2,  258,        248,        659,       10.1,        101,       5.05   ,   -1.15821
          2,  259,        938,        226,       10.1,        101,       5.05   ,   0.493764
          2,  260,        204,        548,       10.1,        101,       5.05   ,    1.29441
          2,  261,        229,        651,       10.1,        101,       5.05   ,  0.0219347
          2,  262,        352,        273,       10.1,        101,       5.05   ,  -0.713163
          2,  263,        397,        673,       10.1,        101,       5.05   ,   -1.29729
          2,  264,        111,        157,       10.1,        101,       5.05   ,   -1.51492
          2,  265,        500,        493,       10.1,        101,       5.05   ,  -0.193735
          2,  266,        734,        849,       10.1,        101,       5.05   ,   -1.04611
          2,  267,        192,        757,       10.1,        101,       5.05   ,   -1.07527
          2,  268,        599,        116,       10.1,        101,       5.05   , -0.0293365
          2,  269,        299,        177,       10.1,        101,       5.05   ,  -0.656986
          2,  270,        316,        200,       10.1,        101,       5.05   ,  -0.579855
          2,  271,        844,         21,       10.1,        101,       5.05   ,   0.754552
          2,  272,        307,         59,       10.1,        101,       5.05   ,    1.38978
          2,  273,        331,         35,       10.1,        101,       5.05   ,   -1.54361
          2,  274,        153,        585,       10.1,        101,       5.05   ,   -1.02563
          2,  275,        604,        551,       10.1,        101,       5.05   ,    1.43121
          2,  276,        159,        668,       10.1,        101,       5.05   ,   0.982664
          2,  277,        273,        279,       10.1,        101,       5.05   ,     1.3508
          2,  278,        988,        204,       10.1,        101,       5.05   ,   -1.27827
          2,  279,        920,        604,       10.1,        101,       5.05   ,  -0.656043
          2,  280,        369,        584,       10.1,        101,       5.05   ,  -0.160422
          2,  281,        549,        670,       10.1,        101,       5.05   ,    1.33199
          2,  282,        289,        247,       10.1,        101,       5.05   ,   0.684798
          2,  283,        951,        611,       10.1,        101,       5.05   ,   0.620565
          2,  284,        397,        363,       10.1,        101,       5.05   ,   0.840902
          2,  285,         98,        284,       10.1,        101,       5.05   ,    1.53173
          2,  286,        253,         68,       10.1,        101,       5.05   ,   0.462228
          2,  287,          6,        827,       10.1,        101,       5.05   ,  -0.233205
          2,  288,        293,        293,       10.1,        101,       5.05   ,      1.439
          2,  289,        737,        737,       10.1,        101,       5.05   ,  -0.907836
          2,  290,        464,        997,       10.1,        101,       5.05   ,   -1.13306
          2,  291,         89,        728,       10.1,        101,       5.05   ,  -0.284262
          2,  292,        715,        446,       10.1,        101,       5.05   ,  -0.480082
          2,  293,        398,        427,       10.1,        101,       5.05   ,   0.330401
          2,  294,        609,        466,       10.1,        101,       5.05   ,    0.42761
          2,  295,        187,        208,       10.1,        101,       5.05   ,   0.910669
          2,  296,        407,         53,       10.1,        101,       5.05   ,    1.27911
          2,  297,         82,        201,       10.1,        101,       5.05   ,  0.0934902
          2,  298,        202,        844,       10.1,        101,       5.05   ,   -1.00219
          2,  299,        748,        444,       10.1,        101,       5.05   ,   -1.23886
          2,  300,        164,        157,       10.1,        101,       5.05   ,    1.15568
          2,  301,        475,        488,       10.1,        101,       5.05   ,    1.54191
          2,  302,         78,        907,       10.1,        101,       5.05   ,   -1.24078
          2,  303,        709,        663,       10.1,        101,       5.05   ,    1.27808
          2,  304,        124,        475,       10.1,        101,       5.05   ,    0.25509
          2,  305,        325,        824,       10.1,        101,       5.05   ,   -1.03237
          2,  306,        716,        637,       10.1,        101,       5.05   ,   -1.29296
          2,  307,        396,        119,       10.1,        101,       5.05   ,   0.705252
          2,  308,         52,        415,       10.1,        101,       5.05   ,    1.16375
          2,  309,        952,        424,       10.1,        101,       5.05   ,    1.35001
          2,  310,        242,        787,       10.1,        101,       5.05   ,    1.16967
          2,  311,        389,         64,       10.1,        101,       5.05   ,  -0.671453
          2,  312,        498,        889,       10.1,        101,       5.05   ,  -0.471219
          2,  313,        683,        522,       10.1,        101,       5.05   ,  -0.787245
          2,  314,        175,        786,       10.1,        101,       5.05   ,   0.214568
          2,  315,        676,        667,       10.1,        101,       5.05   ,    1.48378
          2,  316,        765,        668,       10.1,        101,       5.05   ,  -0.133888
          2,  317,        861,        938,       10.1,        101,       5.05   ,  -0.453649
          2,  318,        512,        209,       10.1,        101,       5.05   ,   0.250045
          2,  319,        915,        642,       10.1,        101,       5.05   ,   0.634503
          2,  320,        280,        968,       10.1,        101,       5.05   ,   0.579407
          2,  321,        564,        971,       10.1,        101,       5.05   ,   0.547425
          2,  322,        353,        101,       10.1,        101,       5.05   ,   0.966403
          2,  323,        444,        786,       10.1,        101,       5.05   ,   -1.53106
          2,  324,        422,        563,       10.1,        101,       5.05   ,  -0.167946
          2,  325,        990,        254,       10.1,        101,       5.05   ,    1.22193
          2,  326,          9,        995,       10.1,        101,       5.05   ,  -0.896044
          2,  327,        799,        919,       10.1,        101,       5.05   ,   -1.08035
          2,  328,        771,        540,       10.1,        101,       5.05   ,    1.06706
          2,  329,        250,        402,       10.1,        101,       5.05   ,  -0.228974
          2,  330,        465,         99,       10.1,        101,       5.05   ,    1.27188
          2,  331,         96,        976,       10.1,        101,       5.05   ,   -1.09177
          2,  332,        411,         14,       10.1,        101,       5.05   , -0.0876818
          2,  333,        185,        521,       10.1,        101,       5.05   ,   0.381075
          2,  334,        322,        681,       10.1,        101,       5.05   ,   -0.55322
          2,  335,        490,        241,       10.1,        101,       5.05   ,  -0.235554
          2,  336,        606,        477,       10.1,        101,       5.05   ,   0.875005
          2,  337,        377,        638,       10.1,        101,       5.05   ,  -0.940256
          2,  338,        472,         52,       10.1,        101,       5.05   ,  -0.577941
          2,  339,        228,        846,       10.1,        101,       5.05   ,  -0.554627
          2,  340,        934,        900,       10.1,        101,       5.05   ,    1.57053
          2,  341,        132,        212,       10.1,        101,       5.05   ,    1.43785
          2,  342,        999,        465,       10.1,        101,       5.05   ,   0.623921
          2,  343,        377,        493,       10.1,        101,       5.05   ,   -1.11527
          2,  344,        255,        293,       10.1,        101,       5.05   ,   0.662965
          2,  345,        221,        779,       10.1,        101,       5.05   ,   -1.51543
          2,  346,        149,        515,       10.1,        101,       5.05   ,   0.509815
          2,  347,        744,        678,       10.1,        101,       5.05   ,   0.951415
          2,  348,        964,        262,       10.1,        101,       5.05   ,   0.966227
          2,  349,        775,        640,       10.1,        101,       5.05   ,   -0.73271
          2,  350,        287,        411,       10.1,        101,       5.05   ,  -0.936128
          2,  351,         89,         94,       10.1,        101,       5.05   ,    1.43126
          2,  352,        946,        234,       10.1,        101,       5.05   ,    1.30611
          2,  353,        515,         60,       10.1,        101,       5.05   ,   -1.19964
          2,  354,         60,        601,       10.1,        101,       5.05   ,   -1.09992
          2,  355,        572,        394,       10.1,        101,       5.05   ,   -1.36366
          2,  356,        885,        114,       10.1,        101,       5.05   ,   0.834004
          2,  357,        613,        780,       10.1,        101,       5.05   ,    -1.1445
          2,  358,        263,         75,       10.1,        101,       5.05   ,   -1.10783
          2,  359,        535,        187,       10.1,        101,       5.05   ,   0.949717
          2,  360,         87,        890,       10.1,        101,       5.05   ,    1.48016
          2,  361,        365,        258,       10.1,        101,       5.05   ,   0.855267
          2,  362,        471,        222,       10.1,        101,       5.05   ,   0.673265
          2,  363,        788,        541,       10.1,        101,       5.05   ,     -1.439
          2,  364,        661,        563,       10.1,        101,       5.05   ,   0.794945
          2,  365,        174,        608,       10.1,        101,       5.05   ,   0.695024
          2,  366,        488,         36,       10.1,        101,       5.05   ,   0.771106
          2,  367,        856,        163,       10.1,        101,       5.05   ,    1.47644
          2,  368,        406,        969,       10.1,        101,       5.05   ,   0.606283
          2,  369,        276,        893,       10.1,        101,       5.05   ,   -1.50339
          2,  370,        135,        860,       10.1,        101,       5.05   ,  -0.348864
          2,  371,        513,        540,       10.1,        101,       5.05   ,   -1.17239
          2,  372,        296,        422,       10.1,        101,       5.05   ,    -1.4302
          2,  373,        392,        363,       10.1,        101,       5.05   ,   -1.07998
          2,  374,        135,        518,       10.1,        101,       5.05   ,   0.349039
          2,  375,        605,        414,       10.1,        101,       5.05   ,   0.651637
          2,  376,        689,        866,       10.1,        101,       5.05   ,   0.747893
          2,  377,        211,        919,       10.1,        101,       5.05   ,   0.598243
          2,  378,        920,        739,       10.1,        101,       5.05   ,   -1.31772
          2,  379,        558,         10,       10.1,        101,       5.05   ,    1.40183
          2,  380,        340,        118,       10.1,        101,       5.05   ,  -0.345755
          2,  381,        551,        538,       10.1,        101,       5.05   ,  -0.918292
          2,  382,        853,        709,       10.1,        101,       5.05   ,   -1.47032
          2,  383,        104,        439,       10.1,        101,       5.05   ,   0.721948
          2,  384,        563,        907,       10.1,        101,       5.05   ,   -1.50979
          2,  385,        524,        578,       10.1,        101,       5.05   ,   0.923434
          2,  386,         56,        818,       10.1,        101,       5.05   ,   -1.17156
          2,  387,        450,        842,       10.1,        101,       5.05   ,    1.01521
          2,  388,         37,        523,       10.1,        101,       5.05   ,   -1.42684
          2,  389,        260,        190,       10.1,        101,       5.05   ,   0.948433
          2,  390,        272,        923,       10.1,        101,       5.05   ,  -0.529072
          2,  391,        508,        288,       10.1,        101,       5.05   ,   -1.14711
          2,  392,        942,        289,       10.1,        101,       5.05   ,  -0.102359
          2,  393,        605,        716,       10.1,        101,       5.05   ,   0.612968
          2,  394,        282,        978,       10.1,        101,       5.05   ,   0.567001
          2,  395,        546,         36,       10.1,        101,       5.05   ,     0.8852
          2,  396,        810,        793,       10.1,        101,       5.05   ,   0.656784
          2,  397,        655,        865,       10.1,        101,       5.05   ,   0.712983
          2,  398,        382,        191,       10.1,        101,       5.05   ,   0.256628
          2,  399,        275,        735,       10.1,        101,       5.05   ,  -0.224849
          2,  400,        389,        883,       10.1,        101,       5.05   ,    1.53208
          2,  401,        288,        857,       10.1,        101,       5.05   ,   -1.49331
          2,  402,        601,        224,       10.1,        101,       5.05   ,  -0.117446
          2,  403,        180,        511,       10.1,        101,       5.05   ,    1.27242
          2,  404,        860,        503,       10.1,        101,       5.05   ,  -0.243182
          2,  405,        580,        335,       10.1,        101,       5.05   ,  -0.886654
          2,  406,         13,        932,       10.1,        101,       5.05   ,  -0.881464
          2,  407,        798,        549,       10.1,        101,       5.05   ,   -1.48532
          2,  408,        629,        657,       10.1,        101,       5.05   ,  -0.327571
          2,  409,        529,        552,       10.1,        101,       5.05   ,  -0.129139
          2,  410,        827,        310,       10.1,        101,       5.05   ,    1.19821
          2,  411,        697,        751,       10.1,        101,       5.05   ,     0.5234
          2,  412,        215,         38,       10.1,        101,       5.05   ,  -0.328219
          2,  413,        462,         84,       10.1,        101,       5.05   ,   0.140486
          2,  414,        328,        677,       10.1,        101,       5.05   ,    1.38846
          2,  415,        656,        834,       10.1,        101,       5.05   ,  -0.598583
          2,  416,        639,         71,       10.1,        101,       5.05   ,  -0.203955
          2,  417,        348,        178,       10.1,        101,       5.05   ,   -1.33078
          2,  418,         46,        798,       10.1,        101,       5.05   ,    1.11323
          2,  419,        426,        695,       10.1,        101,       5.05   ,  -0.865268
          2,  420,         77,        852,       10.1,        101,       5.05   ,    1.50907
          2,  421,        582,        980,       10.1,        101,       5.05   ,  -0.101493
          2,  422,        401,        212,       10.1,        101,       5.05   ,  -0.479307
          2,  423,        884,        161,       10.1,        101,       5.05   ,   -1.56602
          2,  424,        416,        151,       10.1,        101,       5.05   ,   -1.01059
          2,  425,        839,        121,       10.1,        101,       5.05   ,    1.03103
          2,  426,        369,        795,       10.1,        101,       5.05   ,    1.18636
          2,  427,        123,        865,       10.1,        101,       5.05   ,   0.441506
          2,  428,        942,        766,       10.1,        101,       5.05   ,  -0.977883
          2,  429,        258,        848,       10.1,        101,       5.05   ,   0.503308
          2,  430,        557,        919,       10.1,        101,       5.05   ,   0.211263
          2,  431,        785,        956,       10.1,        101,       5.05   ,    1.09625
          2,  432,        366,        809,       10.1,        101,       5.05   ,   0.115708
          2,  433,         99,        291,       10.1,        101,       5.05   ,    0.96822
          2,  434,        131,        515,       10.1,        101,       5.05   ,   0.403793
          2,  435,        669,        942,       10.1,        101,       5.05   ,    1.18934
          2,  436,        228,        269,       10.1,        101,       5.05   ,  -0.505011
          2,  437,        298,        437,       10.1,        101,       5.05   ,  -0.869623
          2,  438,        405,         27,       10.1,        101,       5.05   ,   0.538569
          2,  439,        225,        722,       10.1,        101,       5.05   ,    1.39618
          2,  440,        426,        530,       10.1,        101,       5.05   ,   0.483442
          2,  441,        172,        661,       10.1,        101,       5.05   ,     0.3268
          2,  442,        354,        885,       10.1,        101,       5.05   ,  -0.230952
          2,  443,         21,         43,       10.1,        101,       5.05   ,   0.465591
          2,  444,        986,        490,       10.1,        101,       5.05   ,  -0.691403
          2,  445,        354,        747,       10.1,        101,       5.05   ,   -1.13949
          2,  446,        530,        902,       10.1,        101,       5.05   ,  -0.228779
          2,  447,        826,          2,       10.1,        101,       5.05   ,  -0.455607
          2,  448,        978,        727,       10.1,        101,       5.05   ,   0.684504
          2,  449,        246,        119,       10.1,        101,       5.05   ,    1.21674
          2,  450,        990,         41,       10.1,        101,       5.05   ,  -0.908067
          2,  451,        941,        367,       10.1,        101,       5.05   ,    -1.0808
          2,  452,        459,        552,       10.1,        101,       5.05   ,   -1.41221
          2,  453,        683,        839,       10.1,        101,       5.05   ,   0.847048
          2,  454,        217,         49,       10.1,        101,       5.05   ,   0.790063
          2,  455,        538,        386,       10.1,        101,       5.05   ,    1.14838
          2,  456,        921,        882,       10.1,        101,       5.05   ,   0.149336
          2,  457,        130,        403,       10.1,        101,       5.05   ,   0.645173
          2,  458,        375,        827,       10.1,        101,       5.05   ,    1.16865
          2,  459,        540,        666,       10.1,        101,       5.05   ,  -0.533846
          2,  460,        431,        141,       10.1,        101,       5.05   ,  -0.202195
          2,  461,        531,        289,       10.1,        101,       5.05   , -0.0544505
          2,  462,        277,        240,       10.1,        101,       5.05   ,   0.079856
          2,  463,        484,        107,       10.1,        101,       5.05   ,   0.529784
          2,  464,        192,        404,       10.1,        101,       5.05   ,  -0.121095
          2,  465,        199,        521,       10.1,        101,       5.05   ,  -0.200751
          2,  466,        176,        817,       10.1,        101,       5.05   ,    1.51024
          2,  467,        471,        207,       10.1,        101,       5.05   ,   0.534144
          2,  468,         22,        488,       10.1,        101,       5.05   ,    1.34995
          2,  469,        803,        522,       10.1,        101,       5.05   ,   0.314254
          2,  470,        178,        288,       10.1,        101,       5.05   ,   0.588978
          2,  471,        823,        387,       10.1,        101,       5.05   ,  -0.437325
          2,  472,        356,         41,       10.1,        101,       5.05   ,  -0.428934
          2,  473,        110,        332,       10.1,        101,       5.05   ,    1.38264
          2,  474,        408,         10,       10.1,        101,       5.05   ,    1.36325
          2,  475,        212,        828,       10.1,        101,       5.05   ,  -0.217208
          2,  476,        803,        848,       10.1,        101,       5.05   ,   -1.01291
          2,  477,        735,        394,       10.1,        101,       5.05   ,    -1.3568
          2,  478,        142,        513,       10.1,        101,       5.05   ,   -0.39522
          2,  479,        529,        669,       10.1,        101,       5.05   ,   0.306843
          2,  480,        697,        557,       10.1,        101,       5.05   ,   -1.00105
          2,  481,         40,        850,       10.1,        101,       5.05   ,     1.5054
          2,  482,        769,        780,       10.1,        101,       5.05   ,   0.481095
          2,  483,        228,        922,       10.1,        101,       5.05   ,    1.01554
          2,  484,        244,        189,       10.1,        101,       5.05   ,   0.738419
          2,  485,        487,         26,       10.1,        101,       5.05   ,    1.49524
          2,  486,        224,        265,       10.1,        101,       5.05   ,  -0.988599
          2,  487,        551,         52,       10.1,        101,       5.05   ,  -0.437699
          2,  488,        200,        527,       10.1,        101,       5.05   ,   0.974814
          2,  489,        198,        659,       10.1,        101,       5.05   ,    1.05594
          2,  490,        118,        284,       10.1,        101,       5.05   ,  -0.754395
          2,  491,        972,         15,       10.1,        101,       5.05   ,  -0.356131
          2,  492,        969,        873,       10.1,        101,       5.05   ,  -0.101267
          2,  493,         52,        586,       10.1,        101,       5.05   ,   -1.35505
          2,  494,         54,        640,       10.1,        101,       5.05   ,    1.51521
          2,  495,        710,        201,       10.1,        101,       5.05   ,  -0.770887
          2,  496,        691,        907,       10.1,        101,       5.05   ,    1.43368
          2,  497,        440,        896,       10.1,        101,       5.05   ,   0.174436
          2,  498,        112,        315,       10.1,        101,       5.05   , -0.0086871
          2,  499,          8,        734,       10.1,        101,       5.05   ,   0.409575
          2,  500,        231,        549,       10.1,        101,       5.05   ,   -1.31524
          2,  501,        772,        169,       10.1,        101,       5.05   ,   -1.55173
          2,  502,         79,        192,       10.1,        101,       5.05   ,    -1.4068
          2,  503,          9,        626,       10.1,        101,       5.05   ,   0.582844
          2,  504,        555,        574,       10.1,        101,       5.05   ,   -0.89514
          2,  505,         67,        867,       10.1,        101,       5.05   ,  -0.419611
          2,  506,         86,        245,       10.1,        101,       5.05   ,  -0.496394
          2,  507,        898,         43,       10.1,        101,       5.05   ,   -0.29685
          2,  508,        355,        153,       10.1,        101,       5.05   ,  -0.114533
          2,  509,        728,        765,       10.1,        101,       5.05   ,   0.419256
          2,  510,        398,        646,       10.1,        101,       5.05   ,     1.5655
          2,  511,        890,        370,       10.1,        101,       5.05   ,  -0.239258
          2,  512,        806,        579,       10.1,        101,       5.05   , -0.0536029
          2,  513,        857,        792,       10.1,        101,       5.05   ,  -0.563857
          2,  514,        495,        560,       10.1,        101,       5.05   ,   0.606432
          2,  515,        291,        813,       10.1,        101,       5.05   ,   -0.23351
          2,  516,        491,        461,       10.1,        101,       5.05   ,   0.595934
          2,  517,        489,        559,       10.1,        101,       5.05   ,   -1.41513
          2,  518,        905,        801,       10.1,        101,       5.05   ,   0.506907
          2,  519,        869,        864,       10.1,        101,       5.05   ,  -0.973909
          2,  520,        498,        354,       10.1,        101,       5.05   ,     -1.146
          2,  521,        145,        246,       10.1,        101,       5.05   ,    1.08796
          2,  522,        340,        284,       10.1,        101,       5.05   ,  -0.672042
          2,  523,        849,        142,       10.1,        101,       5.05   , 0.00449451
          2,  524,        558,         22,       10.1,        101,       5.05   ,   -1.05055
          2,  525,        882,        279,       10.1,        101,       5.05   ,  -0.958622
          2,  526,        157,        222,       10.1,        101,       5.05   ,   0.808129
          2,  527,        320,        293,       10.1,        101,       5.05   ,    1.45548
          2,  528,        561,        555,       10.1,        101,       5.05   ,  -0.858624
          2,  529,        251,        785,       10.1,        101,       5.05   ,   -1.11723
          2,  530,        593,        821,       10.1,        101,       5.05   ,    1.38726
          2,  531,        116,        564,       10.1,        101,       5.05   ,    0.55494
          2,  532,        687,        647,       10.1,        101,       5.05   ,    1.01411
          2,  533,        464,        936,       10.1,        101,       5.05   ,  -0.796914
          2,  534,        392,        648,       10.1,        101,       5.05   ,  -0.419215
          2,  535,        591,        389,       10.1,        101,       5.05   ,  -0.168578
          2,  536,        639,        562,       10.1,        101,       5.05   ,  -0.386718
          2,  537,        387,        666,       10.1,        101,       5.05   ,  -0.458492
          2,  538,        158,         20,       10.1,        101,       5.05   ,   0.138336
          2,  539,        969,        192,       10.1,        101,       5.05   ,    1.47191
          2,  540,        888,        895,       10.1,        101,       5.05   ,    1.27612
          2,  541,        176,        431,       10.1,        101,       5.05   ,    0.23996
          2,  542,        437,        598,       10.1,        101,       5.05   ,   0.476418
          2,  543,        238,        349,       10.1,        101,       5.05   ,   0.424228
          2,  544,         31,        836,       10.1,        101,       5.05   ,   0.572591
          2,  545,        854,        971,       10.1,        101,       5.05   ,   -0.50696
          2,  546,        428,        407,       10.1,        101,       5.05   ,  -0.117133
          2,  547,        741,        432,       10.1,        101,       5.05   ,  0.0983123
          2,  548,        723,        740,       10.1,        101,       5.05   ,  -0.987343
          2,  549,        727,        546,       10.1,        101,       5.05   ,  -0.890428
          2,  550,        675,        361,       10.1,        101,       5.05   ,  -0.870817
          2,  551,        298,        427,       10.1,        101,       5.05   ,  -0.971395
          2,  552,        937,        747,       10.1,        101,       5.05   ,  -0.862232
          2,  553,        731,        493,       10.1,        101,       5.05   ,   -1.50786
          2,  554,        958,        738,       10.1,        101,       5.05   ,   0.024319
          2,  555,        922,        501,       10.1,        101,       5.05   ,    1.52265
          2,  556,        841,        368,       10.1,        101,       5.05   ,    1.38514
          2,  557,        101,        137,       10.1,        101,       5.05   ,   -1.11888
          2,  558,        668,        672,       10.1,        101,       5.05   ,  -0.877585
          2,  559,        407,        457,       10.1,        101,       5.05   ,   0.740765
          2,  560,        710,        192,       10.1,        101,       5.05   ,    1.18699
          2,  561,        380,        195,       10.1,        101,       5.05   ,    -1.5677
          2,  562,        929,        588,       10.1,        101,       5.05   ,  -0.732747
          2,  563,         98,        559,       10.1,        101,       5.05   ,   0.777223
          2,  564,        679,          5,       10.1,        101,       5.05   ,   -1.51935
          2,  565,        221,        383,       10.1,        101,       5.05   ,  -0.975639
          2,  566,        810,        548,       10.1,        101,       5.05   ,   0.189426
          2,  567,        168,        513,       10.1,        101,       5.05   ,   0.574701
          2,  568,        271,        654,       10.1,        101,       5.05   ,  -0.892308
          2,  569,        163,        931,       10.1,        101,       5.05   , -0.0614086
          2,  570,        909,        631,       10.1,        101,       5.05   ,  -0.204635
          2,  571,        494,        517,       10.1,        101,       5.05   ,   0.897909
          2,  572,        873,        957,       10.1,        101,       5.05   ,  -0.115961
          2,  573,        255,        418,       10.1,        101,       5.05   ,   -1.00497
          2,  574,        542,        772,       10.1,        101,       5.05   ,   -1.27514
          2,  575,         73,         41,       10.1,        101,       5.05   ,  -0.322724
          2,  576,        277,        948,       10.1,        101,       5.05   ,  -0.160327
          2,  577,        988,        849,       10.1,        101,       5.05   ,  -0.585225
          2,  578,        263,        312,       10.1,        101,       5.05   ,   0.132609
          2,  579,        614,        491,       10.1,        101,       5.05   ,    1.19601
          2,  580,        249,         63,       10.1,        101,       5.05   ,   0.429391
          2,  581,        246,        726,       10.1,        101,       5.05   ,  -0.656919
          2,  582,        696,        485,       10.1,        101,       5.05   ,  -0.233649
          2,  583,        683,        832,       10.1,        101,       5.05   ,  -0.384023
          2,  584,        541,          4,       10.1,        101,       5.05   ,   0.802103
          2,  585,        715,        646,       10.1,        101,       5.05   ,   0.488634
          2,  586,         34,         84,       10.1,        101,       5.05   , -0.0870755
          2,  587,         52,        762,       10.1,        101,       5.05   ,   -0.66236
          2,  588,        731,        581,       10.1,        101,       5.05   ,  -0.921531
          2,  589,        246,        821,       10.1,        101,       5.05   ,   -1.18065
          2,  590,        967,        711,       10.1,        101,       5.05   , -0.0482716
          2,  591,        163,        703,       10.1,        101,       5.05   ,   -0.29176
          2,  592,        393,        729,       10.1,        101,       5.05   ,  -0.613948
          2,  593,        992,        149,       10.1,        101,       5.05   ,  -0.181265
          2,  594,        346,        307,       10.1,        101,       5.05   ,  -0.702261
          2,  595,        326,        344,       10.1,        101,       5.05   ,   -1.27072
          2,  596,        918,         65,       10.1,        101,       5.05   ,   -1.43629
          2,  597,        995,        908,       10.1,        101,       5.05   ,  -0.796883
          2,  598,        758,        828,       10.1,        101,       5.05   ,  -0.268397
          2,  599,        988,        206,       10.1,        101,       5.05   ,    -1.1113
          2,  600,         93,        454,       10.1,        101,       5.05   ,  -0.427496
          2,  601,        696,         58,       10.1,        101,       5.05   ,  -0.627261
          2,  602,        539,        562,       10.1,        101,       5.05   ,   0.605257
          2,  603,        880,        191,       10.1,        101,       5.05   ,   -1.01416
          2,  604,        474,        263,       10.1,        101,       5.05   ,    1.45312
          2,  605,        997,        362,       10.1,        101,       5.05   ,  0.0892327
          2,  606,        558,        744,       10.1,        101,       5.05   ,  0.0142088
          2,  607,        959,        948,       10.1,        101,       5.05   ,   0.800196
          2,  608,        781,         31,       10.1,        101,       5.05   ,   0.405143
          2,  609,        838,        975,       10.1,        101,       5.05   ,  -0.469022
          2,  610,        736,        854,       10.1,        101,       5.05   ,  -0.177605
          2,  611,        399,        929,       10.1,        101,       5.05   ,  -0.723737
          2,  612,        827,        430,       10.1,        101,       5.05   , 0.00538258
          2,  613,         96,        693,       10.1,        101,       5.05   ,    1.21132
          2,  614,        717,         80,       10.1,        101,       5.05   ,   -1.43849
          2,  615,        414,         95,       10.1,        101,       5.05   ,   0.525684
          2,  616,        811,        122,       10.1,        101,       5.05   ,   0.342642
          2,  617,        223,        453,       10.1,        101,       5.05   ,   0.687861
          2,  618,        731,        190,       10.1,        101,       5.05   ,  -0.936551
          2,  619,         41,        956,       10.1,        101,       5.05   ,  -0.358024
          2,  620,        972,         98,       10.1,        101,       5.05   ,   0.533365
          2,  621,        330,         19,       10.1,        101,       5.05   ,  -0.905835
          2,  622,        637,        137,       10.1,        101,       5.05   ,  -0.790539
          2,  623,        734,        973,       10.1,        101,       5.05   ,   -1.47315
          2,  624,        713,        567,       10.1,        101,       5.05   ,  -0.599203
          2,  625,        229,        513,       10.1,        101,       5.05   ,   0.485395
          2,  626,        180,        306,       10.1,        101,       5.05   ,  -0.250318
          2,  627,        346,         84,       10.1,        101,       5.05   ,    0.20359
          2,  628,        106,        531,       10.1,        101,       5.05   ,     1.0475
          2,  629,        596,        322,       10.1,        101,       5.05   ,   0.592529
          2,  630,        920,        593,       10.1,        101,       5.05   , -0.0551883
          2,  631,        406,        749,       10.1,        101,       5.05   ,  -0.372718
          2,  632,        491,        100,       10.1,        101,       5.05   ,    1.40047
          2,  633,        546,        756,       10.1,        101,       5.05   ,    -1.4161
          2,  634,        559,        392,       10.1,        101,       5.05   ,   0.225857
          2,  635,         17,        405,       10.1,        101,       5.05   ,  0.0914493
          2,  636,        613,        849,       10.1,        101,       5.05   ,   0.132876
          2,  637,        686,        365,       10.1,        101,       5.05   ,    0.91426
          2,  638,        242,        527,       10.1,        101,       5.05   ,  -0.710069
          2,  639,        953,        912,       10.1,        101,       5.05   ,   0.196279
          2,  640,        447,        268,       10.1,        101,       5.05   ,   0.311592
          2,  641,        520,        976,       10.1,        101,       5.05   ,  -0.494431
          2,  642,        326,        309,       10.1,        101,       5.05   ,  -0.402491
          2,  643,        837,        316,       10.1,        101,       5.05   ,  -0.172354
          2,  644,        838,        972,       10.1,        101,       5.05   ,   -0.63872
          2,  645,         40,        189,       10.1,        101,       5.05   ,    1.13353
          2,  646,        756,        477,       10.1,        101,       5.05   ,  -0.570542
          2,  647,        927,        283,       10.1,        101,       5.05   ,  -0.483864
          2,  648,        222,        400,       10.1,        101,       5.05   ,    1.11657
          2,  649,        642,         81,       10.1,        101,       5.05   ,   -1.11868
          2,  650,        757,        504,       10.1,        101,       5.05   ,   -1.05538
          2,  651,        189,        788,       10.1,        101,       5.05   ,   0.124859
          2,  652,        932,        915,       10.1,        101,       5.05   ,    1.51476
          2,  653,         83,         48,       10.1,        101,       5.05   ,  -0.278973
          2,  654,         79,        304,       10.1,        101,       5.05   ,  -0.436584
          2,  655,        913,        825,       10.1,        101,       5.05   ,   -1.44615
          2,  656,        876,        673,       10.1,        101,       5.05   ,  -0.979756
          2,  657,        978,        752,       10.1,        101,       5.05   ,   -1.02119
          2,  658,        813,         24,       10.1,        101,       5.05   ,  0.0190045
          2,  659,         85,         40,       10.1,        101,       5.05   ,    -0.1981
          2,  660,        314,        584,       10.1,        101,       5.05   ,   0.254088
          2,  661,        461,        885,       10.1,        101,       5.05   ,   -1.07464
          2,  662,        372,        931,       10.1,        101,       5.05   ,   -1.28653
          2,  663,        351,        626,       10.1,        101,       5.05   ,    0.63576
          2,  664,        356,         92,       10.1,        101,       5.05   ,   0.246211
          2,  665,        762,         52,       10.1,        101,       5.05   ,    1.08347
          2,  666,         38,        626,       10.1,        101,       5.05   , -0.0153909
          2,  667,        545,        390,       10.1,        101,       5.05   ,    1.13381
          2,  668,        929,        108,       10.1,        101,       5.05   ,   0.973608
          2,  669,        130,         52,       10.1,        101,       5.05   ,  -0.105449
          2,  670,        309,        285,       10.1,        101,       5.05   ,   0.638792
          2,  671,        821,        544,       10.1,        101,       5.05   ,   0.137252
          2,  672,        328,         39,       10.1,        101,       5.05   ,  -0.283559
          2,  673,        787,        605,       10.1,        101,       5.05   ,   0.142048
          2,  674,         38,        929,       10.1,        101,       5.05   ,  0.0017364
          2,  675,        241,        587,       10.1,        101,       5.05   ,   0.951248
          2,  676,         35,        643,       10.1,        101,       5.05   ,   -1.11806
          2,  677,         96,        538,       10.1,        101,       5.05   ,   -1.06025
          2,  678,        147,        190,       10.1,        101,       5.05   ,  -0.962658
          2,  679,        930,        641,       10.1,        101,       5.05   ,    1.01596
------------------------------------------------------------------------------
Component[2] Total Sloped Parallelepiped = 679