Component 2 maximum area=0.323322 [on 1000x1000]
Component type: Sloped rectangle
---------------------------------------------------------------------------------------
--------------|------- Center-----|----- dimensions---------|----------------------
component| id|    X       |     Y      |  Width/a     | height/b |   hoop   |   Slope   
---------------------------------------------------------------------------------------
          2,    1,        915,        168,       10.1,        101,       5.05   ,  -0.999069
          2,    2,        155,        876,       10.1,        101,       5.05   ,    1.12886
          2,    3,        193,        557,       10.1,        101,       5.05   ,   -1.18422
          2,    4,         72,        734,       10.1,        101,       5.05   ,   0.966433
          2,    5,        880,        501,       10.1,        101,       5.05   ,    1.37757
          2,    6,        139,        848,       10.1,        101,       5.05   ,   0.409113
          2,    7,        618,        636,       10.1,        101,       5.05   ,   0.824303
          2,    8,        117,        201,       10.1,        101,       5.05   ,  -0.560959
          2,    9,        177,        445,       10.1,        101,       5.05   ,    1.13744
          2,   10,        732,        543,       10.1,        101,       5.05   ,  0.0166541
          2,   11,        430,        718,       10.1,        101,       5.05   ,  -0.697267
          2,   12,        844,        156,       10.1,        101,       5.05   ,   0.615081
          2,   13,        741,        336,       10.1,        101,       5.05   ,  -0.265093
          2,   14,        158,        931,       10.1,        101,       5.05   ,   -0.12086
          2,   15,          4,        167,       10.1,        101,       5.05   ,    1.13109
          2,   16,        818,        871,       10.1,        101,       5.05   ,  -0.873034
          2,   17,        575,        253,       10.1,        101,       5.05   ,   -1.14969
          2,   18,        249,        451,       10.1,        101,       5.05   ,  -0.388286
          2,   19,        125,        574,       10.1,        101,       5.05   ,    0.42361
          2,   20,        530,         11,       10.1,        101,       5.05   ,   -1.22592
          2,   21,        833,        705,       10.1,        101,       5.05   ,    1.32025
          2,   22,        394,        309,       10.1,        101,       5.05   ,   -1.11872
          2,   23,        229,        298,       10.1,        101,       5.05   ,  0.0785528
          2,   24,        604,        603,       10.1,        101,       5.05   ,  -0.676354
          2,   25,        129,        563,       10.1,        101,       5.05   ,     1.1271
          2,   26,        746,        801,       10.1,        101,       5.05   ,  -0.643404
          2,   27,        347,        868,       10.1,        101,       5.05   ,  -0.535545
          2,   28,        366,        689,       10.1,        101,       5.05   ,   -0.61935
          2,   29,        728,        314,       10.1,        101,       5.05   ,  -0.867718
          2,   30,        238,        886,       10.1,        101,       5.05   ,    1.21007
          2,   31,        516,        809,       10.1,        101,       5.05   ,   -1.42488
          2,   32,        802,        745,       10.1,        101,       5.05   ,  -0.214322
          2,   33,        726,        993,       10.1,        101,       5.05   ,    1.10373
          2,   34,        441,        764,       10.1,        101,       5.05   ,   0.432455
          2,   35,         27,        899,       10.1,        101,       5.05   ,    1.44099
          2,   36,        829,        566,       10.1,        101,       5.05   , -0.0584814
          2,   37,        119,         66,       10.1,        101,       5.05   ,  -0.142874
          2,   38,         80,        623,       10.1,        101,       5.05   ,  -0.895834
          2,   39,        334,         53,       10.1,        101,       5.05   ,   -1.24988
          2,   40,        741,        163,       10.1,        101,       5.05   ,    1.07439
          2,   41,        211,        720,       10.1,        101,       5.05   ,    1.32725
          2,   42,        743,         28,       10.1,        101,       5.05   ,    1.36557
          2,   43,        377,        185,       10.1,        101,       5.05   ,  -0.760045
          2,   44,         79,        567,       10.1,        101,       5.05   ,   0.432218
          2,   45,        561,        114,       10.1,        101,       5.05   ,    -1.5668
          2,   46,        373,        635,       10.1,        101,       5.05   ,  -0.824264
          2,   47,         96,        915,       10.1,        101,       5.05   ,   0.719229
          2,   48,        406,        497,       10.1,        101,       5.05   ,   0.464368
          2,   49,        672,        911,       10.1,        101,       5.05   ,    1.06828
          2,   50,        405,        772,       10.1,        101,       5.05   ,  -0.632603
          2,   51,        489,        296,       10.1,        101,       5.05   ,  -0.310982
          2,   52,        558,        617,       10.1,        101,       5.05   ,   -0.82724
          2,   53,        918,        370,       10.1,        101,       5.05   ,   0.367119
          2,   54,        546,        721,       10.1,        101,       5.05   ,   0.156443
          2,   55,        165,        424,       10.1,        101,       5.05   ,    1.19285
          2,   56,        926,        283,       10.1,        101,       5.05   ,    1.29547
          2,   57,        318,        939,       10.1,        101,       5.05   ,  0.0931789
          2,   58,        183,        955,       10.1,        101,       5.05   ,   -0.57502
          2,   59,        569,        959,       10.1,        101,       5.05   ,   -1.16782
          2,   60,        884,        462,       10.1,        101,       5.05   ,   -1.26763
          2,   61,        311,        362,       10.1,        101,       5.05   ,   0.351498
          2,   62,        762,        824,       10.1,        101,       5.05   ,   0.808164
          2,   63,        457,        996,       10.1,        101,       5.05   ,  0.0996688
          2,   64,        207,        422,       10.1,        101,       5.05   ,    1.31225
          2,   65,        152,        575,       10.1,        101,       5.05   ,   0.691545
          2,   66,        147,        951,       10.1,        101,       5.05   ,   0.620953
          2,   67,        413,        307,       10.1,        101,       5.05   ,   0.232511
          2,   68,        214,        933,       10.1,        101,       5.05   ,   0.506728
          2,   69,        606,        335,       10.1,        101,       5.05   ,    1.15953
          2,   70,        850,        826,       10.1,        101,       5.05   ,   0.654607
          2,   71,        607,        954,       10.1,        101,       5.05   ,   0.101238
          2,   72,        719,        823,       10.1,        101,       5.05   ,  -0.520327
          2,   73,        607,        651,       10.1,        101,       5.05   ,   0.665272
          2,   74,        850,        386,       10.1,        101,       5.05   ,   0.495202
          2,   75,        246,        329,       10.1,        101,       5.05   ,  -0.521019
          2,   76,        375,        916,       10.1,        101,       5.05   ,   -1.12061
          2,   77,         75,         48,       10.1,        101,       5.05   ,   0.660075
          2,   78,        254,        939,       10.1,        101,       5.05   ,    1.44045
          2,   79,        677,        774,       10.1,        101,       5.05   ,   -1.14953
          2,   80,         50,        801,       10.1,        101,       5.05   ,  -0.648592
          2,   81,        562,        632,       10.1,        101,       5.05   , -0.0482111
          2,   82,         65,        853,       10.1,        101,       5.05   ,    1.05266
          2,   83,        469,        640,       10.1,        101,       5.05   ,   0.745982
          2,   84,        317,        120,       10.1,        101,       5.05   ,  -0.740025
          2,   85,        975,        389,       10.1,        101,       5.05   ,   -1.02346
          2,   86,        620,        347,       10.1,        101,       5.05   ,   -1.24557
          2,   87,         70,        135,       10.1,        101,       5.05   ,    1.35363
          2,   88,        246,        265,       10.1,        101,       5.05   ,    1.49708
          2,   89,        812,        830,       10.1,        101,       5.05   ,  -0.274696
          2,   90,        988,        107,       10.1,        101,       5.05   ,   0.523196
          2,   91,        102,         86,       10.1,        101,       5.05   ,  -0.374377
          2,   92,        648,        743,       10.1,        101,       5.05   ,  -0.136265
          2,   93,        298,         40,       10.1,        101,       5.05   ,   0.716957
          2,   94,        317,        782,       10.1,        101,       5.05   ,     1.0981
          2,   95,        566,        612,       10.1,        101,       5.05   ,   0.170531
          2,   96,        621,        753,       10.1,        101,       5.05   ,   -0.22339
          2,   97,        953,        454,       10.1,        101,       5.05   ,  -0.135529
          2,   98,        847,        194,       10.1,        101,       5.05   ,    1.30192
          2,   99,          1,        138,       10.1,        101,       5.05   ,   0.406609
          2,  100,        738,        779,       10.1,        101,       5.05   ,    1.18381
          2,  101,         15,         33,       10.1,        101,       5.05   ,   0.787207
          2,  102,        214,          9,       10.1,        101,       5.05   ,   -1.36073
          2,  103,        210,        380,       10.1,        101,       5.05   ,  -0.489421
          2,  104,        267,        101,       10.1,        101,       5.05   ,   0.287655
          2,  105,        564,        712,       10.1,        101,       5.05   ,  -0.114082
          2,  106,        878,        222,       10.1,        101,       5.05   ,   0.217018
          2,  107,        460,        264,       10.1,        101,       5.05   ,   0.867661
          2,  108,        600,        815,       10.1,        101,       5.05   ,   0.975629
          2,  109,        259,        111,       10.1,        101,       5.05   ,   -1.31811
          2,  110,        276,        957,       10.1,        101,       5.05   ,  -0.509543
          2,  111,        772,        245,       10.1,        101,       5.05   ,   0.540855
          2,  112,        145,         28,       10.1,        101,       5.05   ,   0.051006
          2,  113,         43,        428,       10.1,        101,       5.05   ,  -0.786558
          2,  114,        422,         75,       10.1,        101,       5.05   ,   0.244731
          2,  115,        224,        179,       10.1,        101,       5.05   ,   -1.44372
          2,  116,        576,        837,       10.1,        101,       5.05   ,   0.807996
          2,  117,        235,        890,       10.1,        101,       5.05   ,   0.748362
          2,  118,        962,        843,       10.1,        101,       5.05   ,   -1.07143
          2,  119,        354,         74,       10.1,        101,       5.05   ,    1.36125
          2,  120,        764,        552,       10.1,        101,       5.05   ,  -0.470968
          2,  121,        735,        813,       10.1,        101,       5.05   ,    1.22219
          2,  122,         73,        811,       10.1,        101,       5.05   ,  -0.743891
          2,  123,        722,        228,       10.1,        101,       5.05   ,  -0.692025
          2,  124,        577,        218,       10.1,        101,       5.05   ,   0.353716
          2,  125,        165,        524,       10.1,        101,       5.05   ,   -1.04539
          2,  126,        887,        403,       10.1,        101,       5.05   , -0.0159877
          2,  127,        151,        388,       10.1,        101,       5.05   ,  -0.795044
          2,  128,        962,        973,       10.1,        101,       5.05   ,   -1.35306
          2,  129,        695,        138,       10.1,        101,       5.05   ,  -0.877168
          2,  130,        931,        822,       10.1,        101,       5.05   ,  -0.466307
          2,  131,        800,        894,       10.1,        101,       5.05   ,  -0.482604
          2,  132,        869,        479,       10.1,        101,       5.05   ,   -1.23233
          2,  133,        835,        385,       10.1,        101,       5.05   ,   0.979659
          2,  134,        252,        409,       10.1,        101,       5.05   ,  0.0976163
          2,  135,        146,        623,       10.1,        101,       5.05   ,  0.0879394
          2,  136,        991,        863,       10.1,        101,       5.05   ,  -0.332235
          2,  137,        565,         57,       10.1,        101,       5.05   ,   0.142788
          2,  138,        383,        846,       10.1,        101,       5.05   , -0.0231403
          2,  139,         41,          3,       10.1,        101,       5.05   ,   -1.39229
          2,  140,        195,        595,       10.1,        101,       5.05   ,   0.842849
          2,  141,        254,        793,       10.1,        101,       5.05   ,    1.27071
          2,  142,        241,        837,       10.1,        101,       5.05   ,  -0.691419
          2,  143,        389,        919,       10.1,        101,       5.05   ,  -0.405913
          2,  144,        619,        126,       10.1,        101,       5.05   ,   -1.41957
          2,  145,        489,        246,       10.1,        101,       5.05   ,    1.48117
          2,  146,        425,        892,       10.1,        101,       5.05   ,   0.822038
          2,  147,        568,        570,       10.1,        101,       5.05   ,   -1.45062
          2,  148,        268,        702,       10.1,        101,       5.05   ,   -1.28168
          2,  149,        784,        595,       10.1,        101,       5.05   ,   -1.28747
          2,  150,         20,        367,       10.1,        101,       5.05   ,   0.478092
          2,  151,        727,         73,       10.1,        101,       5.05   ,  -0.609972
          2,  152,        188,        416,       10.1,        101,       5.05   ,    0.60417
          2,  153,        297,        373,       10.1,        101,       5.05   ,   0.133676
          2,  154,        789,        570,       10.1,        101,       5.05   ,  -0.752013
          2,  155,        680,        958,       10.1,        101,       5.05   ,  -0.567439
          2,  156,        133,        271,       10.1,        101,       5.05   ,   0.464585
          2,  157,        424,        780,       10.1,        101,       5.05   ,   -1.41804
          2,  158,        474,        952,       10.1,        101,       5.05   ,     -1.056
          2,  159,        559,        209,       10.1,        101,       5.05   ,  -0.111669
          2,  160,        731,        431,       10.1,        101,       5.05   ,   0.303388
          2,  161,        960,        865,       10.1,        101,       5.05   ,  -0.721241
          2,  162,        167,          3,       10.1,        101,       5.05   ,   -1.20186
          2,  163,        310,        142,       10.1,        101,       5.05   ,   0.184961
          2,  164,        684,        178,       10.1,        101,       5.05   ,    1.01779
          2,  165,        683,        261,       10.1,        101,       5.05   ,    1.00081
          2,  166,        177,        549,       10.1,        101,       5.05   ,    1.27907
          2,  167,        866,        612,       10.1,        101,       5.05   ,  -0.653439
          2,  168,        804,        875,       10.1,        101,       5.05   ,   0.809007
          2,  169,        430,        583,       10.1,        101,       5.05   ,   0.340957
          2,  170,        654,        698,       10.1,        101,       5.05   ,  -0.647142
          2,  171,        906,        741,       10.1,        101,       5.05   , -0.0157992
          2,  172,        671,        808,       10.1,        101,       5.05   ,    0.78149
          2,  173,        533,        172,       10.1,        101,       5.05   ,   0.258414
          2,  174,         83,        263,       10.1,        101,       5.05   ,   -1.08325
          2,  175,        121,        379,       10.1,        101,       5.05   ,   0.145409
          2,  176,        411,        444,       10.1,        101,       5.05   ,   -1.37144
          2,  177,        380,        846,       10.1,        101,       5.05   ,   0.435231
          2,  178,        908,        542,       10.1,        101,       5.05   ,    1.14931
          2,  179,        882,         78,       10.1,        101,       5.05   ,    -1.3128
          2,  180,        622,         12,       10.1,        101,       5.05   ,   0.419266
          2,  181,        922,        658,       10.1,        101,       5.05   ,    1.30251
          2,  182,        346,          7,       10.1,        101,       5.05   ,  -0.885486
          2,  183,        286,        205,       10.1,        101,       5.05   ,    1.13962
          2,  184,        139,        392,       10.1,        101,       5.05   ,   0.186926
          2,  185,         18,        574,       10.1,        101,       5.05   ,   0.529118
          2,  186,        529,        252,       10.1,        101,       5.05   ,   -1.15672
          2,  187,        858,        854,       10.1,        101,       5.05   ,  -0.298141
          2,  188,        503,        596,       10.1,        101,       5.05   ,  -0.405007
          2,  189,        435,        970,       10.1,        101,       5.05   ,   0.488748
          2,  190,        979,         90,       10.1,        101,       5.05   ,     1.1412
          2,  191,        784,          2,       10.1,        101,       5.05   ,   0.938984
          2,  192,        889,        600,       10.1,        101,       5.05   ,   -1.27511
          2,  193,        307,        682,       10.1,        101,       5.05   ,   0.550988
          2,  194,        381,        699,       10.1,        101,       5.05   ,   0.626859
          2,  195,        647,        505,       10.1,        101,       5.05   ,    1.21008
          2,  196,        337,        195,       10.1,        101,       5.05   ,   -1.35083
          2,  197,        773,         83,       10.1,        101,       5.05   ,  0.0845461
          2,  198,        760,        405,       10.1,        101,       5.05   ,    1.50377
          2,  199,        311,        830,       10.1,        101,       5.05   ,  -0.457219
          2,  200,        184,        912,       10.1,        101,       5.05   ,   -1.20016
          2,  201,        168,        279,       10.1,        101,       5.05   ,    1.24156
          2,  202,         62,        687,       10.1,        101,       5.05   ,   0.851874
          2,  203,        895,        386,       10.1,        101,       5.05   ,  -0.266551
          2,  204,        892,        791,       10.1,        101,       5.05   ,   -1.06956
          2,  205,        942,        676,       10.1,        101,       5.05   ,  -0.607183
          2,  206,        743,        203,       10.1,        101,       5.05   ,  -0.914358
          2,  207,        594,        310,       10.1,        101,       5.05   ,    1.43922
          2,  208,        611,        660,       10.1,        101,       5.05   ,  -0.800639
          2,  209,        275,        343,       10.1,        101,       5.05   ,   0.946867
          2,  210,         89,        337,       10.1,        101,       5.05   ,   -1.24063
          2,  211,         10,        207,       10.1,        101,       5.05   ,    1.21993
          2,  212,        328,        273,       10.1,        101,       5.05   ,   0.610557
          2,  213,         29,         40,       10.1,        101,       5.05   ,   -1.48531
          2,  214,        959,        688,       10.1,        101,       5.05   ,   0.015413
          2,  215,        334,        842,       10.1,        101,       5.05   ,   -1.46497
          2,  216,        675,        732,       10.1,        101,       5.05   ,   0.203946
          2,  217,        310,        962,       10.1,        101,       5.05   ,  -0.755142
          2,  218,        118,        719,       10.1,        101,       5.05   ,   0.836387
          2,  219,        438,        716,       10.1,        101,       5.05   ,   0.819245
          2,  220,        571,        497,       10.1,        101,       5.05   ,  -0.521125
          2,  221,        610,        556,       10.1,        101,       5.05   ,  -0.585282
          2,  222,        134,        365,       10.1,        101,       5.05   ,   0.700637
          2,  223,        506,        562,       10.1,        101,       5.05   ,   -1.33201
          2,  224,        131,        902,       10.1,        101,       5.05   ,  -0.167689
          2,  225,        589,        819,       10.1,        101,       5.05   ,   0.431569
          2,  226,        794,        819,       10.1,        101,       5.05   ,  0.0264943
          2,  227,        708,        831,       10.1,        101,       5.05   ,    1.54558
          2,  228,         79,        263,       10.1,        101,       5.05   ,   0.432035
          2,  229,        340,         93,       10.1,        101,       5.05   ,  -0.968639
          2,  230,         18,        123,       10.1,        101,       5.05   , -0.0330902
          2,  231,        286,        289,       10.1,        101,       5.05   ,  0.0271512
          2,  232,        295,         35,       10.1,        101,       5.05   ,  -0.266245
          2,  233,        314,        647,       10.1,        101,       5.05   ,   -1.06235
          2,  234,        832,        564,       10.1,        101,       5.05   ,   0.238104
          2,  235,         17,        704,       10.1,        101,       5.05   ,   0.562715
          2,  236,          5,         30,       10.1,        101,       5.05   ,    1.08207
          2,  237,        667,        104,       10.1,        101,       5.05   ,   0.139522
          2,  238,        536,        670,       10.1,        101,       5.05   ,   0.291373
          2,  239,        200,        547,       10.1,        101,       5.05   ,  -0.953974
          2,  240,        533,        999,       10.1,        101,       5.05   ,  -0.273431
          2,  241,        427,        215,       10.1,        101,       5.05   ,   -0.82982
          2,  242,         66,        553,       10.1,        101,       5.05   ,   -1.00729
          2,  243,        549,        765,       10.1,        101,       5.05   ,  -0.964495
          2,  244,        985,        312,       10.1,        101,       5.05   ,   0.207908
          2,  245,         23,        687,       10.1,        101,       5.05   ,     1.2257
          2,  246,        170,        871,       10.1,        101,       5.05   ,  -0.151462
          2,  247,         53,        488,       10.1,        101,       5.05   ,    1.25413
          2,  248,        349,        927,       10.1,        101,       5.05   ,    1.04896
          2,  249,        830,        297,       10.1,        101,       5.05   ,    1.02936
          2,  250,        498,        273,       10.1,        101,       5.05   ,  -0.263628
          2,  251,        552,        397,       10.1,        101,       5.05   , -0.0748197
          2,  252,        105,        482,       10.1,        101,       5.05   ,   0.971923
          2,  253,        412,        919,       10.1,        101,       5.05   ,  -0.563023
          2,  254,        467,        204,       10.1,        101,       5.05   ,  -0.599396
          2,  255,        732,        295,       10.1,        101,       5.05   ,   -0.73243
          2,  256,        196,        555,       10.1,        101,       5.05   ,   -1.01309
          2,  257,         85,        723,       10.1,        101,       5.05   ,  -0.180358
          2,  258,        939,        573,       10.1,        101,       5.05   ,  -0.937028
          2,  259,        637,        151,       10.1,        101,       5.05   ,   0.309178
          2,  260,        262,        400,       10.1,        101,       5.05   , -0.0981941
          2,  261,        929,        677,       10.1,        101,       5.05   ,  -0.734637
          2,  262,        410,        998,       10.1,        101,       5.05   ,    1.27159
          2,  263,         11,        715,       10.1,        101,       5.05   ,   0.350711
          2,  264,        996,        438,       10.1,        101,       5.05   ,   -1.31563
          2,  265,        779,        151,       10.1,        101,       5.05   ,  -0.622425
          2,  266,        482,        749,       10.1,        101,       5.05   ,   0.154685
          2,  267,        806,        998,       10.1,        101,       5.05   ,  -0.548405
          2,  268,        122,        319,       10.1,        101,       5.05   ,  -0.686618
          2,  269,        201,        457,       10.1,        101,       5.05   ,   0.143533
          2,  270,        377,        583,       10.1,        101,       5.05   ,   0.158977
          2,  271,        345,        606,       10.1,        101,       5.05   ,  -0.227518
          2,  272,        349,        313,       10.1,        101,       5.05   ,    0.31233
          2,  273,        313,        784,       10.1,        101,       5.05   ,   -1.06069
          2,  274,          3,        279,       10.1,        101,       5.05   ,   0.115457
          2,  275,        876,        325,       10.1,        101,       5.05   ,  -0.678909
          2,  276,        969,         18,       10.1,        101,       5.05   ,   -1.15843
          2,  277,        939,        280,       10.1,        101,       5.05   ,  -0.940734
          2,  278,        882,        201,       10.1,        101,       5.05   ,   0.314976
          2,  279,        428,        707,       10.1,        101,       5.05   ,   0.392169
          2,  280,        810,        180,       10.1,        101,       5.05   ,   -1.05365
          2,  281,        214,        458,       10.1,        101,       5.05   ,    1.20872
          2,  282,        308,        103,       10.1,        101,       5.05   ,   0.994097
          2,  283,        266,        914,       10.1,        101,       5.05   ,  -0.798113
          2,  284,        958,         76,       10.1,        101,       5.05   ,   0.549848
          2,  285,        564,         65,       10.1,        101,       5.05   ,    1.32474
          2,  286,        488,        292,       10.1,        101,       5.05   ,    1.11719
          2,  287,        165,        159,       10.1,        101,       5.05   ,   0.299797
          2,  288,        420,        987,       10.1,        101,       5.05   ,   0.928081
          2,  289,        464,        962,       10.1,        101,       5.05   ,   -1.16946
          2,  290,        872,        794,       10.1,        101,       5.05   ,   -1.04414
          2,  291,        262,        615,       10.1,        101,       5.05   ,  -0.144123
          2,  292,        565,        660,       10.1,        101,       5.05   ,    1.33125
          2,  293,         35,        604,       10.1,        101,       5.05   ,  -0.528878
          2,  294,        131,        559,       10.1,        101,       5.05   ,   0.247759
          2,  295,        222,        185,       10.1,        101,       5.05   ,   0.815187
          2,  296,        973,        328,       10.1,        101,       5.05   ,  -0.972428
          2,  297,         75,        429,       10.1,        101,       5.05   ,   0.861477
          2,  298,        759,        466,       10.1,        101,       5.05   ,   -1.38607
          2,  299,        609,        243,       10.1,        101,       5.05   ,    1.49533
          2,  300,        883,        497,       10.1,        101,       5.05   ,    1.37484
          2,  301,        550,        982,       10.1,        101,       5.05   ,   0.517433
          2,  302,        689,        101,       10.1,        101,       5.05   ,   -1.16338
          2,  303,        371,        125,       10.1,        101,       5.05   ,  -0.719765
          2,  304,        259,         65,       10.1,        101,       5.05   ,  -0.213275
          2,  305,         56,        452,       10.1,        101,       5.05   ,  -0.415514
          2,  306,        769,        146,       10.1,        101,       5.05   ,   0.955339
          2,  307,        808,        554,       10.1,        101,       5.05   ,   0.464906
          2,  308,        553,        796,       10.1,        101,       5.05   ,  -0.375482
          2,  309,        676,        539,       10.1,        101,       5.05   ,   0.168341
          2,  310,        677,        850,       10.1,        101,       5.05   ,  -0.695225
          2,  311,        750,        634,       10.1,        101,       5.05   , -0.0173493
          2,  312,        230,        364,       10.1,        101,       5.05   ,  -0.287238
          2,  313,        725,        187,       10.1,        101,       5.05   ,   0.544937
          2,  314,        908,        207,       10.1,        101,       5.05   ,  -0.293872
          2,  315,        627,        757,       10.1,        101,       5.05   ,   -1.19196
          2,  316,        162,        549,       10.1,        101,       5.05   ,   -1.54047
          2,  317,        530,         65,       10.1,        101,       5.05   ,   0.331468
          2,  318,        491,        897,       10.1,        101,       5.05   ,  -0.258005
          2,  319,        791,        949,       10.1,        101,       5.05   ,  -0.246627
          2,  320,         21,        677,       10.1,        101,       5.05   ,   0.608472
          2,  321,        840,         77,       10.1,        101,       5.05   ,     0.1957
          2,  322,        221,        384,       10.1,        101,       5.05   ,   0.851184
          2,  323,        682,        364,       10.1,        101,       5.05   ,    1.39093
          2,  324,        305,        264,       10.1,        101,       5.05   , -0.0063836
          2,  325,        869,        659,       10.1,        101,       5.05   ,  -0.719272
          2,  326,         88,        851,       10.1,        101,       5.05   ,   0.951676
          2,  327,        103,        896,       10.1,        101,       5.05   ,    0.10848
          2,  328,        696,        923,       10.1,        101,       5.05   ,  -0.664713
          2,  329,        196,        830,       10.1,        101,       5.05   ,  -0.168252
          2,  330,        605,        672,       10.1,        101,       5.05   ,  0.0899285
          2,  331,        783,        921,       10.1,        101,       5.05   ,   0.865182
          2,  332,         38,        758,       10.1,        101,       5.05   ,  0.0169034
          2,  333,         73,        412,       10.1,        101,       5.05   ,   0.521105
          2,  334,        121,        863,       10.1,        101,       5.05   ,   0.399635
          2,  335,        759,        787,       10.1,        101,       5.05   ,  -0.502371
          2,  336,        722,         81,       10.1,        101,       5.05   ,  -0.750585
          2,  337,        759,        680,       10.1,        101,       5.05   ,    -1.2274
          2,  338,        717,        365,       10.1,        101,       5.05   ,  -0.431389
          2,  339,        613,        520,       10.1,        101,       5.05   ,  -0.348329
          2,  340,        985,        143,       10.1,        101,       5.05   ,    1.17439
          2,  341,        297,        284,       10.1,        101,       5.05   ,     -1.363
          2,  342,        270,        850,       10.1,        101,       5.05   ,  -0.877678
          2,  343,        503,        472,       10.1,        101,       5.05   ,  -0.454203
          2,  344,        874,        239,       10.1,        101,       5.05   ,   0.494398
          2,  345,        497,        799,       10.1,        101,       5.05   ,  -0.872734
          2,  346,        131,        847,       10.1,        101,       5.05   ,    1.36004
          2,  347,        243,        364,       10.1,        101,       5.05   ,   -1.01781
          2,  348,        436,        540,       10.1,        101,       5.05   ,     1.0734
          2,  349,        144,        226,       10.1,        101,       5.05   ,   0.648962
          2,  350,        215,        138,       10.1,        101,       5.05   ,   0.335758
          2,  351,        741,        995,       10.1,        101,       5.05   ,   0.859675
          2,  352,        402,          2,       10.1,        101,       5.05   ,   0.332043
          2,  353,        757,         33,       10.1,        101,       5.05   ,   0.249844
          2,  354,         20,        364,       10.1,        101,       5.05   ,  -0.994814
          2,  355,         35,         48,       10.1,        101,       5.05   ,  -0.175007
          2,  356,        508,        509,       10.1,        101,       5.05   ,    1.17212
          2,  357,        282,        850,       10.1,        101,       5.05   ,  -0.725488
          2,  358,        417,          4,       10.1,        101,       5.05   ,   0.358184
          2,  359,         89,        824,       10.1,        101,       5.05   ,   0.283033
          2,  360,        512,        399,       10.1,        101,       5.05   ,   -1.53274
          2,  361,        143,        368,       10.1,        101,       5.05   ,  -0.986129
          2,  362,        566,        490,       10.1,        101,       5.05   ,  -0.560757
          2,  363,        213,        682,       10.1,        101,       5.05   ,    1.17336
          2,  364,        551,        300,       10.1,        101,       5.05   ,   0.557982
          2,  365,        728,        892,       10.1,        101,       5.05   ,  -0.874523
          2,  366,        797,        926,       10.1,        101,       5.05   ,    0.67574
          2,  367,        937,         33,       10.1,        101,       5.05   ,  -0.166164
          2,  368,         10,        156,       10.1,        101,       5.05   ,    0.21429
          2,  369,        785,         88,       10.1,        101,       5.05   ,   -1.05731
          2,  370,        315,        525,       10.1,        101,       5.05   ,   0.796652
          2,  371,        835,        418,       10.1,        101,       5.05   ,    0.45501
          2,  372,        699,        770,       10.1,        101,       5.05   ,   0.458384
          2,  373,        540,        843,       10.1,        101,       5.05   ,   -1.34111
          2,  374,        698,        462,       10.1,        101,       5.05   ,  -0.350324
          2,  375,        327,        992,       10.1,        101,       5.05   ,   0.911624
          2,  376,        828,        479,       10.1,        101,       5.05   ,  -0.634191
          2,  377,        140,        759,       10.1,        101,       5.05   ,  -0.138288
          2,  378,        538,        319,       10.1,        101,       5.05   ,   0.200494
          2,  379,        613,        900,       10.1,        101,       5.05   ,    1.28303
          2,  380,        459,        505,       10.1,        101,       5.05   ,    1.06224
          2,  381,        245,        240,       10.1,        101,       5.05   ,   -0.41478
          2,  382,        693,        522,       10.1,        101,       5.05   ,  -0.184492
          2,  383,        889,        424,       10.1,        101,       5.05   ,   0.963668
          2,  384,        480,        114,       10.1,        101,       5.05   ,   -1.50634
          2,  385,        204,        175,       10.1,        101,       5.05   ,  -0.817299
          2,  386,        613,        560,       10.1,        101,       5.05   ,   -1.46188
          2,  387,        636,        134,       10.1,        101,       5.05   ,   -1.11477
          2,  388,        262,        584,       10.1,        101,       5.05   ,  -0.450523
          2,  389,        524,        169,       10.1,        101,       5.05   ,   -1.35899
          2,  390,        512,        702,       10.1,        101,       5.05   ,  -0.955427
          2,  391,        827,        435,       10.1,        101,       5.05   ,  -0.296038
          2,  392,        337,        653,       10.1,        101,       5.05   ,  -0.120833
          2,  393,        486,        990,       10.1,        101,       5.05   ,    1.14018
          2,  394,        236,        256,       10.1,        101,       5.05   ,   -1.09605
          2,  395,        555,        474,       10.1,        101,       5.05   ,     1.1816
          2,  396,        522,        729,       10.1,        101,       5.05   ,  -0.919166
          2,  397,        113,         43,       10.1,        101,       5.05   ,   -1.05781
          2,  398,        539,        307,       10.1,        101,       5.05   ,    1.43978
          2,  399,        417,        871,       10.1,        101,       5.05   ,    0.61322
          2,  400,        750,        202,       10.1,        101,       5.05   ,    1.29342
          2,  401,        405,        836,       10.1,        101,       5.05   ,   0.956709
          2,  402,        458,        976,       10.1,        101,       5.05   ,    1.12387
          2,  403,        732,        952,       10.1,        101,       5.05   ,   -1.09575
          2,  404,        435,        321,       10.1,        101,       5.05   ,   -1.17884
          2,  405,        975,        722,       10.1,        101,       5.05   ,   -1.36424
          2,  406,         88,        729,       10.1,        101,       5.05   ,   0.739106
          2,  407,        760,         58,       10.1,        101,       5.05   ,   0.656993
          2,  408,         19,        776,       10.1,        101,       5.05   ,     1.5446
          2,  409,        943,        713,       10.1,        101,       5.05   ,   -1.42626
          2,  410,        551,        121,       10.1,        101,       5.05   ,-0.00130268
          2,  411,         41,        461,       10.1,        101,       5.05   ,   -1.09675
          2,  412,        578,         82,       10.1,        101,       5.05   ,    1.54428
          2,  413,        907,         63,       10.1,        101,       5.05   ,   0.613175
          2,  414,         75,        846,       10.1,        101,       5.05   ,   0.589297
          2,  415,        149,        299,       10.1,        101,       5.05   ,   -1.13345
          2,  416,        440,        663,       10.1,        101,       5.05   ,  -0.167617
          2,  417,        471,        374,       10.1,        101,       5.05   ,  -0.373575
          2,  418,        309,        541,       10.1,        101,       5.05   ,   -1.19684
          2,  419,        739,        759,       10.1,        101,       5.05   ,  0.0685389
          2,  420,        388,        891,       10.1,        101,       5.05   ,    -1.0045
          2,  421,        404,        836,       10.1,        101,       5.05   ,   -1.54788
          2,  422,         95,        414,       10.1,        101,       5.05   ,   0.690531
          2,  423,        693,        757,       10.1,        101,       5.05   ,    1.40286
          2,  424,        205,        891,       10.1,        101,       5.05   ,    1.54244
          2,  425,         42,        313,       10.1,        101,       5.05   ,    1.01161
          2,  426,        281,        661,       10.1,        101,       5.05   ,  -0.279777
          2,  427,        408,        464,       10.1,        101,       5.05   ,   0.601983
          2,  428,        833,        544,       10.1,        101,       5.05   ,   0.834465
          2,  429,        645,        159,       10.1,        101,       5.05   ,   -1.07877
          2,  430,        744,        308,       10.1,        101,       5.05   ,  -0.922359
          2,  431,        714,        137,       10.1,        101,       5.05   ,   0.966468
          2,  432,        541,        792,       10.1,        101,       5.05   ,   0.401983
          2,  433,         39,        782,       10.1,        101,       5.05   ,   -1.33694
          2,  434,        809,        745,       10.1,        101,       5.05   ,   -1.18417
          2,  435,        742,        293,       10.1,        101,       5.05   ,-0.00458942
          2,  436,        953,        112,       10.1,        101,       5.05   ,   0.600541
          2,  437,        183,        483,       10.1,        101,       5.05   ,    1.48116
          2,  438,        322,        451,       10.1,        101,       5.05   ,   -1.05571
          2,  439,        752,        729,       10.1,        101,       5.05   ,  -0.992313
          2,  440,        688,        695,       10.1,        101,       5.05   ,   0.748196
          2,  441,        228,        613,       10.1,        101,       5.05   ,   0.874198
          2,  442,        583,        848,       10.1,        101,       5.05   ,  -0.904731
          2,  443,        326,        100,       10.1,        101,       5.05   ,   0.210206
          2,  444,         85,        496,       10.1,        101,       5.05   ,  -0.216187
          2,  445,        141,        683,       10.1,        101,       5.05   ,  -0.402584
          2,  446,        158,        823,       10.1,        101,       5.05   ,    0.75342
          2,  447,        264,        718,       10.1,        101,       5.05   ,  -0.341065
          2,  448,        176,        508,       10.1,        101,       5.05   ,    1.40339
          2,  449,        513,        108,       10.1,        101,       5.05   ,    0.18093
          2,  450,        232,        622,       10.1,        101,       5.05   ,    0.75756
          2,  451,        728,        964,       10.1,        101,       5.05   ,   0.610559
          2,  452,        578,        738,       10.1,        101,       5.05   ,   -1.26981
          2,  453,         66,        547,       10.1,        101,       5.05   ,   -1.21633
          2,  454,         10,         50,       10.1,        101,       5.05   ,   -1.16561
          2,  455,        217,        311,       10.1,        101,       5.05   ,  -0.944421
          2,  456,         23,        727,       10.1,        101,       5.05   , -0.0107525
          2,  457,         21,        458,       10.1,        101,       5.05   ,  -0.886626
          2,  458,        867,        377,       10.1,        101,       5.05   ,  -0.724325
          2,  459,        642,        222,       10.1,        101,       5.05   ,  -0.369086
          2,  460,        373,        383,       10.1,        101,       5.05   ,   0.659106
          2,  461,        240,        547,       10.1,        101,       5.05   ,     1.0158
          2,  462,         99,         80,       10.1,        101,       5.05   ,   0.418209
          2,  463,        444,         95,       10.1,        101,       5.05   ,  -0.899242
          2,  464,         43,        849,       10.1,        101,       5.05   ,  -0.896031
          2,  465,        885,        994,       10.1,        101,       5.05   ,   0.625755
          2,  466,        377,        158,       10.1,        101,       5.05   ,   0.118636
          2,  467,        118,        111,       10.1,        101,       5.05   ,  -0.630562
          2,  468,        708,        517,       10.1,        101,       5.05   ,   0.947379
          2,  469,        367,        766,       10.1,        101,       5.05   ,  -0.692796
          2,  470,        217,         16,       10.1,        101,       5.05   ,   -0.28731
          2,  471,        701,        839,       10.1,        101,       5.05   ,   0.324583
          2,  472,        441,         36,       10.1,        101,       5.05   ,   0.459793
          2,  473,        991,        733,       10.1,        101,       5.05   ,   0.980196
          2,  474,        237,        633,       10.1,        101,       5.05   ,   0.760544
          2,  475,        703,        471,       10.1,        101,       5.05   ,   0.329252
          2,  476,        407,        858,       10.1,        101,       5.05   ,   -1.14206
          2,  477,        718,         83,       10.1,        101,       5.05   ,   -0.19514
          2,  478,        770,        209,       10.1,        101,       5.05   ,   0.578796
          2,  479,        970,        446,       10.1,        101,       5.05   ,   0.520818
          2,  480,        788,        426,       10.1,        101,       5.05   ,  -0.760176
          2,  481,        431,        567,       10.1,        101,       5.05   ,  -0.736646
          2,  482,        841,        952,       10.1,        101,       5.05   ,    1.37588
          2,  483,         51,        516,       10.1,        101,       5.05   ,   -1.29478
          2,  484,        215,        938,       10.1,        101,       5.05   ,   0.872886
          2,  485,        557,        288,       10.1,        101,       5.05   ,   0.247135
          2,  486,        738,         99,       10.1,        101,       5.05   ,    1.32279
          2,  487,        489,        653,       10.1,        101,       5.05   ,     0.1977
          2,  488,        185,        972,       10.1,        101,       5.05   ,     1.1217
          2,  489,        780,        380,       10.1,        101,       5.05   ,  -0.607497
          2,  490,        678,         76,       10.1,        101,       5.05   ,  -0.491195
          2,  491,        715,        346,       10.1,        101,       5.05   ,    1.53525
          2,  492,        354,        801,       10.1,        101,       5.05   ,    1.38602
          2,  493,        795,         52,       10.1,        101,       5.05   ,   -1.17844
          2,  494,        534,        922,       10.1,        101,       5.05   ,   -0.69703
          2,  495,        333,        353,       10.1,        101,       5.05   ,  -0.371425
          2,  496,        579,        640,       10.1,        101,       5.05   ,   -1.08768
          2,  497,        554,        347,       10.1,        101,       5.05   , -0.0569213
          2,  498,        985,        382,       10.1,        101,       5.05   ,  -0.887517
          2,  499,        520,        758,       10.1,        101,       5.05   ,   0.661758
          2,  500,        942,        506,       10.1,        101,       5.05   ,   -1.07821
          2,  501,        352,        152,       10.1,        101,       5.05   ,    0.13075
          2,  502,        841,        134,       10.1,        101,       5.05   ,  -0.189294
          2,  503,        404,        448,       10.1,        101,       5.05   ,  -0.433605
          2,  504,        506,        167,       10.1,        101,       5.05   ,   -1.39113
          2,  505,        738,        900,       10.1,        101,       5.05   ,   0.815665
          2,  506,        229,        229,       10.1,        101,       5.05   ,  -0.702569
          2,  507,        333,        805,       10.1,        101,       5.05   ,   0.345653
          2,  508,        212,        712,       10.1,        101,       5.05   ,  -0.751367
          2,  509,        541,        918,       10.1,        101,       5.05   ,    1.29343
          2,  510,        974,        941,       10.1,        101,       5.05   ,    1.00043
          2,  511,        192,        120,       10.1,        101,       5.05   ,   0.732726
          2,  512,        531,        449,       10.1,        101,       5.05   ,    1.24817
          2,  513,         67,        482,       10.1,        101,       5.05   ,   0.170037
          2,  514,        237,        442,       10.1,        101,       5.05   ,    -0.9939
          2,  515,        716,        303,       10.1,        101,       5.05   ,   0.237865
          2,  516,        957,         70,       10.1,        101,       5.05   ,   -1.37751
          2,  517,        605,        661,       10.1,        101,       5.05   ,  -0.752718
          2,  518,         11,        604,       10.1,        101,       5.05   ,   -1.34036
          2,  519,        324,        642,       10.1,        101,       5.05   ,    1.01574
          2,  520,        841,        452,       10.1,        101,       5.05   ,   -0.19012
          2,  521,        752,        251,       10.1,        101,       5.05   , -0.0325762
          2,  522,        216,        173,       10.1,        101,       5.05   ,  -0.850617
          2,  523,        445,         76,       10.1,        101,       5.05   ,   -1.27345
          2,  524,        866,        721,       10.1,        101,       5.05   ,   -1.11367
          2,  525,        155,         38,       10.1,        101,       5.05   ,  -0.300996
          2,  526,        513,        198,       10.1,        101,       5.05   ,     -1.199
          2,  527,         79,        505,       10.1,        101,       5.05   ,   0.516445
          2,  528,        682,        333,       10.1,        101,       5.05   ,   0.169271
          2,  529,        879,        360,       10.1,        101,       5.05   ,  -0.615065
          2,  530,        974,        292,       10.1,        101,       5.05   ,   -1.50267
          2,  531,         34,        645,       10.1,        101,       5.05   ,  0.0397345
          2,  532,        821,        645,       10.1,        101,       5.05   ,   -1.12416
          2,  533,        187,        919,       10.1,        101,       5.05   ,  -0.400659
          2,  534,        496,        669,       10.1,        101,       5.05   ,   0.910299
          2,  535,        480,        104,       10.1,        101,       5.05   ,    1.46164
          2,  536,        910,        786,       10.1,        101,       5.05   ,  -0.361389
          2,  537,        358,        964,       10.1,        101,       5.05   ,   0.896507
          2,  538,        855,        147,       10.1,        101,       5.05   ,   0.532265
          2,  539,        940,        452,       10.1,        101,       5.05   ,   -1.55196
          2,  540,        290,        809,       10.1,        101,       5.05   ,   -1.33181
          2,  541,        387,        637,       10.1,        101,       5.05   ,   0.867855
          2,  542,        644,        474,       10.1,        101,       5.05   ,   0.266443
          2,  543,        987,        498,       10.1,        101,       5.05   ,    1.51923
          2,  544,        836,        808,       10.1,        101,       5.05   ,   0.342887
          2,  545,        961,         93,       10.1,        101,       5.05   ,  -0.508911
          2,  546,        274,        617,       10.1,        101,       5.05   ,    -1.0095
          2,  547,        284,        449,       10.1,        101,       5.05   ,   -1.33058
          2,  548,        594,        243,       10.1,        101,       5.05   ,   -1.10215
          2,  549,        472,        373,       10.1,        101,       5.05   ,  -0.899849
          2,  550,        120,        808,       10.1,        101,       5.05   ,  -0.790436
          2,  551,        972,        619,       10.1,        101,       5.05   ,   0.567736
          2,  552,         75,        377,       10.1,        101,       5.05   ,   -0.77717
          2,  553,        885,         70,       10.1,        101,       5.05   , -0.0533125
          2,  554,        300,        604,       10.1,        101,       5.05   ,    1.00166
          2,  555,        921,        669,       10.1,        101,       5.05   ,   -1.07849
          2,  556,        368,         53,       10.1,        101,       5.05   ,  -0.470856
          2,  557,        349,        140,       10.1,        101,       5.05   ,   0.737915
          2,  558,        418,        759,       10.1,        101,       5.05   ,  -0.712617
          2,  559,        753,        174,       10.1,        101,       5.05   ,   -1.49611
          2,  560,          4,        581,       10.1,        101,       5.05   ,     1.4299
          2,  561,        847,        466,       10.1,        101,       5.05   ,  0.0805004
          2,  562,        866,        762,       10.1,        101,       5.05   ,   0.916473
          2,  563,        959,        346,       10.1,        101,       5.05   ,  -0.946105
          2,  564,        488,        668,       10.1,        101,       5.05   ,  0.0597286
          2,  565,        112,        520,       10.1,        101,       5.05   ,    1.42501
          2,  566,        740,          4,       10.1,        101,       5.05   ,   -1.55501
          2,  567,        256,        260,       10.1,        101,       5.05   ,  0.0821648
          2,  568,         60,        823,       10.1,        101,       5.05   ,    1.20003
          2,  569,        715,        644,       10.1,        101,       5.05   ,    1.28084
          2,  570,        782,        751,       10.1,        101,       5.05   ,  -0.949942
          2,  571,        170,        131,       10.1,        101,       5.05   ,  -0.937787
          2,  572,        141,        929,       10.1,        101,       5.05   ,  -0.849593
          2,  573,        809,        815,       10.1,        101,       5.05   ,  -0.242197
          2,  574,        811,         76,       10.1,        101,       5.05   ,    1.45698
          2,  575,        693,         89,       10.1,        101,       5.05   ,  -0.275074
          2,  576,        278,        474,       10.1,        101,       5.05   ,   0.380194
          2,  577,        803,        804,       10.1,        101,       5.05   ,     1.2192
          2,  578,        369,        515,       10.1,        101,       5.05   ,   0.468535
          2,  579,        738,         45,       10.1,        101,       5.05   ,   0.973666
          2,  580,        806,        354,       10.1,        101,       5.05   ,    1.40765
          2,  581,        155,        105,       10.1,        101,       5.05   ,   0.855434
          2,  582,        131,        568,       10.1,        101,       5.05   ,   0.303316
          2,  583,        420,        823,       10.1,        101,       5.05   ,    -1.1652
          2,  584,        865,        607,       10.1,        101,       5.05   ,  -0.846577
          2,  585,        624,        604,       10.1,        101,       5.05   ,  -0.320357
          2,  586,        390,        934,       10.1,        101,       5.05   ,  -0.832562
          2,  587,        775,        937,       10.1,        101,       5.05   ,  -0.853253
          2,  588,        305,        797,       10.1,        101,       5.05   ,   -0.48603
          2,  589,          4,        539,       10.1,        101,       5.05   ,  -0.438109
          2,  590,        319,        470,       10.1,        101,       5.05   ,  -0.186101
          2,  591,        275,        132,       10.1,        101,       5.05   ,  -0.778008
          2,  592,        855,        469,       10.1,        101,       5.05   ,   -0.30548
          2,  593,        742,        645,       10.1,        101,       5.05   ,  -0.199639
          2,  594,        785,        571,       10.1,        101,       5.05   ,  -0.227839
          2,  595,        418,        572,       10.1,        101,       5.05   ,  -0.281168
          2,  596,        564,        835,       10.1,        101,       5.05   ,   0.986423
          2,  597,        907,        908,       10.1,        101,       5.05   ,   0.064763
          2,  598,        467,        313,       10.1,        101,       5.05   ,  -0.964508
          2,  599,        204,        906,       10.1,        101,       5.05   ,  -0.807584
          2,  600,         26,        528,       10.1,        101,       5.05   ,  0.0213888
          2,  601,        538,        888,       10.1,        101,       5.05   ,    1.20255
          2,  602,        193,        649,       10.1,        101,       5.05   ,  -0.659502
          2,  603,        441,        949,       10.1,        101,       5.05   ,   0.775062
          2,  604,        630,        874,       10.1,        101,       5.05   ,  -0.375661
          2,  605,        635,        266,       10.1,        101,       5.05   ,    1.10008
          2,  606,        301,        116,       10.1,        101,       5.05   ,   -1.51109
          2,  607,        294,        965,       10.1,        101,       5.05   ,    0.88164
          2,  608,        670,        710,       10.1,        101,       5.05   ,   -1.36496
          2,  609,        467,         65,       10.1,        101,       5.05   ,    1.54636
          2,  610,        446,        140,       10.1,        101,       5.05   ,   -1.56977
          2,  611,        485,        971,       10.1,        101,       5.05   ,   0.264656
          2,  612,        753,         55,       10.1,        101,       5.05   ,   0.104884
          2,  613,        727,        475,       10.1,        101,       5.05   ,    1.16207
          2,  614,         42,        264,       10.1,        101,       5.05   ,    1.42256
          2,  615,        758,        838,       10.1,        101,       5.05   ,   0.696294
          2,  616,        202,        369,       10.1,        101,       5.05   ,   0.372208
          2,  617,        218,        587,       10.1,        101,       5.05   ,   0.861842
          2,  618,        172,        516,       10.1,        101,       5.05   ,    0.21868
          2,  619,        148,        690,       10.1,        101,       5.05   ,    1.32942
          2,  620,        252,        403,       10.1,        101,       5.05   ,   0.897537
          2,  621,        609,        592,       10.1,        101,       5.05   ,   0.804443
          2,  622,        788,        811,       10.1,        101,       5.05   ,   0.914056
          2,  623,        979,        810,       10.1,        101,       5.05   ,  0.0137732
          2,  624,        212,        478,       10.1,        101,       5.05   ,   -1.19614
          2,  625,        715,        203,       10.1,        101,       5.05   ,  -0.761023
          2,  626,        578,        803,       10.1,        101,       5.05   ,   0.202464
          2,  627,        880,        738,       10.1,        101,       5.05   ,   -1.48636
          2,  628,        853,        978,       10.1,        101,       5.05   ,    1.17101
          2,  629,        284,        702,       10.1,        101,       5.05   ,     1.0389
          2,  630,        625,        694,       10.1,        101,       5.05   ,   0.401235
          2,  631,         16,        242,       10.1,        101,       5.05   ,  0.0833214
          2,  632,        861,        429,       10.1,        101,       5.05   ,  0.0966324
          2,  633,        695,        247,       10.1,        101,       5.05   ,   0.355292
          2,  634,        460,        652,       10.1,        101,       5.05   ,   0.620037
          2,  635,        767,        717,       10.1,        101,       5.05   ,-0.00631737
          2,  636,        828,        103,       10.1,        101,       5.05   ,    1.06541
          2,  637,        389,        257,       10.1,        101,       5.05   ,  -0.381078
          2,  638,        640,        726,       10.1,        101,       5.05   ,-0.00428035
          2,  639,        367,        333,       10.1,        101,       5.05   ,  -0.507807
          2,  640,        807,        964,       10.1,        101,       5.05   ,   0.465263
          2,  641,        520,        806,       10.1,        101,       5.05   ,  -0.760276
          2,  642,        783,        640,       10.1,        101,       5.05   ,   0.721211
          2,  643,        401,        272,       10.1,        101,       5.05   ,  -0.388923
          2,  644,        153,        759,       10.1,        101,       5.05   ,  0.0566516
          2,  645,        801,        441,       10.1,        101,       5.05   ,   0.925451
          2,  646,        615,         95,       10.1,        101,       5.05   ,    1.33624
          2,  647,        553,        869,       10.1,        101,       5.05   ,   0.267275
          2,  648,        782,        473,       10.1,        101,       5.05   ,   0.424674
          2,  649,        114,        489,       10.1,        101,       5.05   ,    1.45453
          2,  650,        684,        252,       10.1,        101,       5.05   ,   -1.28123
          2,  651,        245,        835,       10.1,        101,       5.05   ,  -0.597428
          2,  652,        743,        352,       10.1,        101,       5.05   ,    1.09564
          2,  653,        179,        125,       10.1,        101,       5.05   ,    1.26733
          2,  654,        375,        170,       10.1,        101,       5.05   ,   0.116991
          2,  655,        720,        236,       10.1,        101,       5.05   ,   -1.25117
          2,  656,        452,        183,       10.1,        101,       5.05   ,  -0.844299
          2,  657,        906,        448,       10.1,        101,       5.05   ,    1.44047
          2,  658,         12,        677,       10.1,        101,       5.05   ,  -0.373395
          2,  659,        948,        126,       10.1,        101,       5.05   ,  -0.775637
          2,  660,        136,        690,       10.1,        101,       5.05   ,  -0.873148
          2,  661,        915,        230,       10.1,        101,       5.05   ,    1.38853
          2,  662,        516,        403,       10.1,        101,       5.05   ,  -0.240818
          2,  663,        907,        629,       10.1,        101,       5.05   ,   0.209561
          2,  664,        329,        231,       10.1,        101,       5.05   ,  -0.556511
          2,  665,        128,        272,       10.1,        101,       5.05   ,    1.28039
          2,  666,        125,        638,       10.1,        101,       5.05   ,    0.86274
          2,  667,        519,        204,       10.1,        101,       5.05   ,   -1.34083
          2,  668,          0,         99,       10.1,        101,       5.05   ,  -0.783337
          2,  669,         32,        685,       10.1,        101,       5.05   ,  -0.901493
          2,  670,        324,        941,       10.1,        101,       5.05   ,   -1.00215
          2,  671,        157,        601,       10.1,        101,       5.05   ,   -1.46854
          2,  672,        362,        390,       10.1,        101,       5.05   ,  -0.250373
          2,  673,        165,        592,       10.1,        101,       5.05   ,  0.0932955
          2,  674,         59,        212,       10.1,        101,       5.05   ,   -1.19796
          2,  675,        945,        917,       10.1,        101,       5.05   ,    1.28252
          2,  676,         93,        231,       10.1,        101,       5.05   ,   -0.24966
------------------------------------------------------------------------------
Component[2] Total Sloped Parallelepiped = 676