Component 1 maximum area=0.326731 [on 1000x1000]
Component type: Ellipse
---------------------------------------------------------------------------------------
--------------|------- Center-----|----- dimensions---------|----------------------
component| id|    X       |     Y      |  Width/a     | height/b |   hoop   |   Slope   
---------------------------------------------------------------------------------------
          1,    1,         88,        827,       50.5,       50.5,      2.525   ,   -1.05632
          1,    2,        129,        341,       50.5,       50.5,      2.525   ,  -0.226751
          1,    3,        286,        247,       50.5,       50.5,      2.525   ,   0.657047
          1,    4,        775,        297,       50.5,       50.5,      2.525   ,   -1.28245
          1,    5,        296,        556,       50.5,       50.5,      2.525   , -0.0803088
          1,    6,        852,        531,       50.5,       50.5,      2.525   ,   0.214935
          1,    7,        166,        562,       50.5,       50.5,      2.525   ,   -1.16184
          1,    8,        989,        761,       50.5,       50.5,      2.525   ,  -0.353029
          1,    9,        535,        478,       50.5,       50.5,      2.525   ,   0.838657
          1,   10,        680,        875,       50.5,       50.5,      2.525   ,   0.977009
          1,   11,        929,          8,       50.5,       50.5,      2.525   ,    1.43595
          1,   12,        428,        840,       50.5,       50.5,      2.525   ,  -0.451275
          1,   13,        257,        703,       50.5,       50.5,      2.525   ,   0.429312
          1,   14,        841,        823,       50.5,       50.5,      2.525   ,     1.3786
          1,   15,         40,        410,       50.5,       50.5,      2.525   ,   0.381228
          1,   16,        339,        197,       50.5,       50.5,      2.525   ,    1.13318
          1,   17,        594,        432,       50.5,       50.5,      2.525   ,  -0.118236
          1,   18,        423,        434,       50.5,       50.5,      2.525   ,    1.08667
          1,   19,        170,        288,       50.5,       50.5,      2.525   ,    1.00819
          1,   20,         28,        562,       50.5,       50.5,      2.525   ,  -0.367706
          1,   21,        491,        800,       50.5,       50.5,      2.525   ,   -1.13112
          1,   22,        898,        234,       50.5,       50.5,      2.525   ,   -1.46956
          1,   23,        711,         66,       50.5,       50.5,      2.525   ,   -1.47609
          1,   24,        602,        382,       50.5,       50.5,      2.525   ,   0.694699
          1,   25,        575,        177,       50.5,       50.5,      2.525   ,    1.42002
          1,   26,        817,        861,       50.5,       50.5,      2.525   ,   -1.27884
          1,   27,        232,        871,       50.5,       50.5,      2.525   ,  -0.954504
          1,   28,         18,        614,       50.5,       50.5,      2.525   ,     1.3707
          1,   29,        296,         69,       50.5,       50.5,      2.525   ,    1.37028
          1,   30,        719,        922,       50.5,       50.5,      2.525   ,    1.37151
          1,   31,        275,        699,       50.5,       50.5,      2.525   ,  -0.700713
          1,   32,        663,        642,       50.5,       50.5,      2.525   ,  -0.730833
          1,   33,        359,        844,       50.5,       50.5,      2.525   ,    -1.4149
          1,   34,        532,        886,       50.5,       50.5,      2.525   ,   -1.26329
          1,   35,        735,        489,       50.5,       50.5,      2.525   , -0.0536805
          1,   36,        903,        666,       50.5,       50.5,      2.525   , -0.0736771
          1,   37,        431,        637,       50.5,       50.5,      2.525   ,   0.254756
          1,   38,        830,        920,       50.5,       50.5,      2.525   ,   0.326095
          1,   39,        628,        370,       50.5,       50.5,      2.525   ,  -0.912152
          1,   40,        265,        862,       50.5,       50.5,      2.525   ,   0.652435
          1,   41,        156,        369,       50.5,       50.5,      2.525   ,    0.18304
          1,   42,        258,        747,       50.5,       50.5,      2.525   ,    1.36859
          1,   43,        438,        223,       50.5,       50.5,      2.525   ,   0.850588
          1,   44,        944,         65,       50.5,       50.5,      2.525   ,  -0.371014
          1,   45,        592,        211,       50.5,       50.5,      2.525   ,  -0.720571
          1,   46,        342,        734,       50.5,       50.5,      2.525   ,    0.82591
          1,   47,        711,        614,       50.5,       50.5,      2.525   ,  -0.118861
          1,   48,        418,         36,       50.5,       50.5,      2.525   ,  -0.733124
          1,   49,        981,        640,       50.5,       50.5,      2.525   ,  -0.070814
          1,   50,        462,        699,       50.5,       50.5,      2.525   ,   -0.96858
------------------------------------------------------------------------------
Component[1] Total Ellipsoids = 50