Component 2 maximum area=0.323322 [on 1000x1000]
Component type: Sloped rectangle
---------------------------------------------------------------------------------------
--------------|------- Center-----|----- dimensions---------|----------------------
component| id|    X       |     Y      |  Width/a     | height/b |   hoop   |   Slope   
---------------------------------------------------------------------------------------
          2,    1,        235,        531,       10.1,        101,       5.05   ,  0.0157516
          2,    2,         11,        197,       10.1,        101,       5.05   ,  -0.810806
          2,    3,        681,        913,       10.1,        101,       5.05   ,   0.266193
          2,    4,         87,         53,       10.1,        101,       5.05   ,  -0.931261
          2,    5,        211,        992,       10.1,        101,       5.05   ,  -0.888783
          2,    6,        998,        169,       10.1,        101,       5.05   ,   0.309432
          2,    7,        101,        987,       10.1,        101,       5.05   ,   0.111458
          2,    8,        863,        645,       10.1,        101,       5.05   ,   -1.02781
          2,    9,        129,        889,       10.1,        101,       5.05   ,    1.01104
          2,   10,        764,         57,       10.1,        101,       5.05   ,   0.763589
          2,   11,        377,         53,       10.1,        101,       5.05   ,  -0.424645
          2,   12,        853,        797,       10.1,        101,       5.05   ,   -1.26178
          2,   13,        566,        818,       10.1,        101,       5.05   ,   0.356456
          2,   14,        153,        866,       10.1,        101,       5.05   ,    1.00041
          2,   15,         74,        274,       10.1,        101,       5.05   ,   0.290355
          2,   16,        202,         38,       10.1,        101,       5.05   ,   0.781832
          2,   17,        628,        457,       10.1,        101,       5.05   ,   0.425787
          2,   18,        367,        224,       10.1,        101,       5.05   ,  -0.128497
          2,   19,        360,        118,       10.1,        101,       5.05   ,  -0.201549
          2,   20,        867,        397,       10.1,        101,       5.05   ,    1.28486
          2,   21,        899,        716,       10.1,        101,       5.05   ,   0.943729
          2,   22,        385,        823,       10.1,        101,       5.05   ,  -0.399831
          2,   23,         49,        261,       10.1,        101,       5.05   ,  -0.920814
          2,   24,        263,        409,       10.1,        101,       5.05   ,    0.21879
          2,   25,        653,        474,       10.1,        101,       5.05   ,    -1.4114
          2,   26,        677,        493,       10.1,        101,       5.05   ,  -0.537316
          2,   27,        909,        489,       10.1,        101,       5.05   ,   -1.03827
          2,   28,        698,        949,       10.1,        101,       5.05   ,  -0.639232
          2,   29,        905,        974,       10.1,        101,       5.05   ,  -0.197947
          2,   30,        836,         89,       10.1,        101,       5.05   ,  -0.164238
          2,   31,        952,         30,       10.1,        101,       5.05   ,   -0.41632
          2,   32,        599,        817,       10.1,        101,       5.05   ,  -0.951231
          2,   33,        159,        734,       10.1,        101,       5.05   ,  -0.232359
          2,   34,        637,        687,       10.1,        101,       5.05   ,    1.36777
          2,   35,        275,        620,       10.1,        101,       5.05   ,   0.116473
          2,   36,        593,        199,       10.1,        101,       5.05   ,  -0.721551
          2,   37,        732,        632,       10.1,        101,       5.05   ,   0.898508
          2,   38,        450,        274,       10.1,        101,       5.05   ,   0.398735
          2,   39,        295,        574,       10.1,        101,       5.05   ,    1.08216
          2,   40,        312,        259,       10.1,        101,       5.05   ,   0.217816
          2,   41,        279,        963,       10.1,        101,       5.05   ,  -0.945659
          2,   42,        791,        403,       10.1,        101,       5.05   ,   0.311143
          2,   43,        131,         99,       10.1,        101,       5.05   ,  -0.800715
          2,   44,        216,        930,       10.1,        101,       5.05   ,   0.942542
          2,   45,        218,        173,       10.1,        101,       5.05   ,    1.33059
          2,   46,        378,        597,       10.1,        101,       5.05   ,   0.950802
          2,   47,        976,        140,       10.1,        101,       5.05   ,    1.35646
          2,   48,        273,        865,       10.1,        101,       5.05   ,    0.36741
          2,   49,        639,         56,       10.1,        101,       5.05   ,   -1.28911
          2,   50,        615,        252,       10.1,        101,       5.05   ,    1.56078
          2,   51,         35,         55,       10.1,        101,       5.05   ,  -0.829094
          2,   52,        481,        550,       10.1,        101,       5.05   ,    0.17659
          2,   53,        459,        642,       10.1,        101,       5.05   ,  0.0975717
          2,   54,        761,        262,       10.1,        101,       5.05   ,   -1.17821
          2,   55,        240,        802,       10.1,        101,       5.05   ,   -1.34401
          2,   56,        712,        503,       10.1,        101,       5.05   ,   0.449423
          2,   57,        516,        751,       10.1,        101,       5.05   ,   0.883078
          2,   58,        898,        280,       10.1,        101,       5.05   ,    1.46157
          2,   59,        930,        457,       10.1,        101,       5.05   ,   -1.36157
          2,   60,        384,        661,       10.1,        101,       5.05   ,    1.08022
          2,   61,        182,        298,       10.1,        101,       5.05   ,    1.05777
          2,   62,        283,        347,       10.1,        101,       5.05   ,   0.415559
          2,   63,        382,        697,       10.1,        101,       5.05   ,    1.40312
          2,   64,         57,        351,       10.1,        101,       5.05   ,  -0.268095
          2,   65,        929,        901,       10.1,        101,       5.05   ,   0.462478
          2,   66,         16,        525,       10.1,        101,       5.05   ,  -0.155107
          2,   67,        660,        923,       10.1,        101,       5.05   ,  -0.346589
          2,   68,        217,        450,       10.1,        101,       5.05   ,   0.254673
          2,   69,        775,         40,       10.1,        101,       5.05   ,   0.287947
          2,   70,        959,        419,       10.1,        101,       5.05   ,  -0.424658
          2,   71,        396,        170,       10.1,        101,       5.05   ,  -0.778975
          2,   72,        391,        173,       10.1,        101,       5.05   ,   0.567027
          2,   73,        689,        691,       10.1,        101,       5.05   ,  -0.142076
          2,   74,        763,         59,       10.1,        101,       5.05   ,  -0.990956
          2,   75,        400,        995,       10.1,        101,       5.05   ,    -1.1532
          2,   76,        158,        833,       10.1,        101,       5.05   ,  -0.682749
          2,   77,        849,        449,       10.1,        101,       5.05   ,   -1.22331
          2,   78,        986,        532,       10.1,        101,       5.05   ,  -0.633164
          2,   79,        473,        784,       10.1,        101,       5.05   ,  -0.752597
          2,   80,         16,        788,       10.1,        101,       5.05   ,   -1.25991
          2,   81,        346,        682,       10.1,        101,       5.05   ,  -0.628477
          2,   82,         90,        105,       10.1,        101,       5.05   ,  -0.452431
          2,   83,        170,        215,       10.1,        101,       5.05   ,  -0.168275
          2,   84,        527,        528,       10.1,        101,       5.05   ,     1.4821
          2,   85,        198,        185,       10.1,        101,       5.05   ,   0.951379
          2,   86,         16,        475,       10.1,        101,       5.05   ,   0.458081
          2,   87,        981,        361,       10.1,        101,       5.05   ,   -1.22487
          2,   88,        892,        222,       10.1,        101,       5.05   ,   0.620586
          2,   89,        388,        502,       10.1,        101,       5.05   ,  -0.512488
          2,   90,        721,        997,       10.1,        101,       5.05   ,   0.938363
          2,   91,        726,        902,       10.1,        101,       5.05   ,   0.868058
          2,   92,        851,        195,       10.1,        101,       5.05   ,   -1.22642
          2,   93,        348,        662,       10.1,        101,       5.05   ,    1.07856
          2,   94,        743,         35,       10.1,        101,       5.05   ,    1.02103
          2,   95,        117,        263,       10.1,        101,       5.05   ,     1.1599
          2,   96,        460,        717,       10.1,        101,       5.05   ,   -1.42038
          2,   97,        549,        851,       10.1,        101,       5.05   ,  0.0737109
          2,   98,        359,        572,       10.1,        101,       5.05   ,   0.268713
          2,   99,        285,        205,       10.1,        101,       5.05   ,     1.4376
          2,  100,        324,        615,       10.1,        101,       5.05   ,   0.203743
          2,  101,        487,        873,       10.1,        101,       5.05   ,   -1.29991
          2,  102,        593,        117,       10.1,        101,       5.05   ,  -0.465201
          2,  103,        219,         84,       10.1,        101,       5.05   ,    0.11869
          2,  104,        920,        859,       10.1,        101,       5.05   ,   0.313062
          2,  105,         85,        104,       10.1,        101,       5.05   ,   -1.02072
          2,  106,        127,        812,       10.1,        101,       5.05   ,  -0.866823
          2,  107,        464,        844,       10.1,        101,       5.05   ,    1.42493
          2,  108,        779,        898,       10.1,        101,       5.05   ,    0.51664
          2,  109,        261,        515,       10.1,        101,       5.05   ,   0.597822
          2,  110,        900,          4,       10.1,        101,       5.05   ,   0.999732
          2,  111,        564,        250,       10.1,        101,       5.05   ,  -0.537705
          2,  112,        843,        450,       10.1,        101,       5.05   ,    1.21002
          2,  113,        712,        628,       10.1,        101,       5.05   ,   0.974624
          2,  114,        352,        984,       10.1,        101,       5.05   ,  -0.191526
          2,  115,        881,        221,       10.1,        101,       5.05   ,  -0.594636
          2,  116,        712,        147,       10.1,        101,       5.05   ,   0.610497
          2,  117,        245,        414,       10.1,        101,       5.05   ,   -1.49449
          2,  118,        885,        760,       10.1,        101,       5.05   ,  -0.143189
          2,  119,        177,        311,       10.1,        101,       5.05   ,   0.863159
          2,  120,        804,        909,       10.1,        101,       5.05   ,    1.44097
          2,  121,        615,        461,       10.1,        101,       5.05   ,  -0.346779
          2,  122,        273,        530,       10.1,        101,       5.05   ,  -0.897068
          2,  123,        411,        806,       10.1,        101,       5.05   ,  -0.118025
          2,  124,        834,        353,       10.1,        101,       5.05   ,  -0.107892
          2,  125,        590,        969,       10.1,        101,       5.05   ,   -1.48741
          2,  126,        140,        574,       10.1,        101,       5.05   ,  -0.206015
          2,  127,        798,        886,       10.1,        101,       5.05   ,    1.06887
          2,  128,        862,        144,       10.1,        101,       5.05   ,    1.45793
          2,  129,        923,        897,       10.1,        101,       5.05   ,  -0.483103
          2,  130,        616,        192,       10.1,        101,       5.05   ,   -0.51236
          2,  131,         61,        943,       10.1,        101,       5.05   ,  -0.380265
          2,  132,        771,        723,       10.1,        101,       5.05   , -0.0893185
          2,  133,        426,        287,       10.1,        101,       5.05   ,   -1.24803
          2,  134,        851,        318,       10.1,        101,       5.05   ,   0.233244
          2,  135,        604,        300,       10.1,        101,       5.05   ,    1.56345
          2,  136,        477,        748,       10.1,        101,       5.05   ,    0.36099
          2,  137,        541,        172,       10.1,        101,       5.05   , -0.0620905
          2,  138,        736,         23,       10.1,        101,       5.05   ,  0.0121031
          2,  139,        985,        122,       10.1,        101,       5.05   ,   0.778833
          2,  140,        713,        532,       10.1,        101,       5.05   ,   -0.09393
          2,  141,        497,        694,       10.1,        101,       5.05   ,   -1.51863
          2,  142,        502,        324,       10.1,        101,       5.05   ,   -1.26888
          2,  143,        129,         56,       10.1,        101,       5.05   ,    0.42982
          2,  144,        683,        603,       10.1,        101,       5.05   ,    1.37028
          2,  145,        911,        109,       10.1,        101,       5.05   ,   -1.19187
          2,  146,        156,        767,       10.1,        101,       5.05   ,   0.599472
          2,  147,          0,        178,       10.1,        101,       5.05   ,   0.844885
          2,  148,        274,        550,       10.1,        101,       5.05   ,   0.455538
          2,  149,        286,        542,       10.1,        101,       5.05   ,   -1.15995
          2,  150,        335,        950,       10.1,        101,       5.05   ,   -1.54115
          2,  151,        400,        977,       10.1,        101,       5.05   ,  -0.564452
          2,  152,        420,        731,       10.1,        101,       5.05   ,   -0.64576
          2,  153,         25,        844,       10.1,        101,       5.05   ,   0.401534
          2,  154,        408,         43,       10.1,        101,       5.05   ,  -0.211026
          2,  155,        534,         31,       10.1,        101,       5.05   , -0.0547426
          2,  156,        132,        953,       10.1,        101,       5.05   ,   -1.04834
          2,  157,        573,        661,       10.1,        101,       5.05   ,   0.331225
          2,  158,        430,        312,       10.1,        101,       5.05   ,    1.37135
          2,  159,         17,          2,       10.1,        101,       5.05   ,   0.601101
          2,  160,        108,         14,       10.1,        101,       5.05   ,  0.0351508
          2,  161,         37,        865,       10.1,        101,       5.05   ,  -0.410156
          2,  162,        599,        351,       10.1,        101,       5.05   ,  -0.987509
          2,  163,        215,        470,       10.1,        101,       5.05   ,    0.30099
          2,  164,        225,        448,       10.1,        101,       5.05   ,   -1.51881
          2,  165,        433,        502,       10.1,        101,       5.05   ,   -1.48288
          2,  166,        179,        430,       10.1,        101,       5.05   ,  -0.893338
          2,  167,        286,        614,       10.1,        101,       5.05   ,   -1.37363
          2,  168,        599,         33,       10.1,        101,       5.05   ,  -0.234939
          2,  169,        241,        876,       10.1,        101,       5.05   ,  -0.881482
          2,  170,        557,        527,       10.1,        101,       5.05   ,   0.187692
          2,  171,        245,        988,       10.1,        101,       5.05   ,  -0.772827
          2,  172,        720,        925,       10.1,        101,       5.05   ,   -1.11923
          2,  173,        851,          9,       10.1,        101,       5.05   ,  -0.935014
          2,  174,        244,         24,       10.1,        101,       5.05   ,   0.118704
          2,  175,        692,        694,       10.1,        101,       5.05   ,    0.99929
          2,  176,        725,        270,       10.1,        101,       5.05   ,    1.20874
          2,  177,        595,        354,       10.1,        101,       5.05   ,   0.704677
          2,  178,        935,        150,       10.1,        101,       5.05   ,   0.582526
          2,  179,         15,         32,       10.1,        101,       5.05   ,   0.442921
          2,  180,        917,        567,       10.1,        101,       5.05   ,   0.189565
          2,  181,        578,        782,       10.1,        101,       5.05   ,   -1.18857
          2,  182,        396,        613,       10.1,        101,       5.05   ,   0.401472
          2,  183,        689,        434,       10.1,        101,       5.05   ,     1.1919
          2,  184,        853,        736,       10.1,        101,       5.05   ,  -0.839632
          2,  185,        102,        630,       10.1,        101,       5.05   ,    1.08456
          2,  186,        695,        449,       10.1,        101,       5.05   ,  -0.293693
          2,  187,        109,        162,       10.1,        101,       5.05   ,   0.484222
          2,  188,        352,         19,       10.1,        101,       5.05   ,   -1.00969
          2,  189,        473,        738,       10.1,        101,       5.05   ,   0.567565
          2,  190,         86,         31,       10.1,        101,       5.05   ,  -0.670257
          2,  191,        294,        791,       10.1,        101,       5.05   ,  0.0589818
          2,  192,        205,        847,       10.1,        101,       5.05   ,   0.669779
          2,  193,        688,        935,       10.1,        101,       5.05   ,   -0.80441
          2,  194,        982,        805,       10.1,        101,       5.05   ,    0.38089
          2,  195,        376,        833,       10.1,        101,       5.05   ,  -0.207049
          2,  196,        507,        232,       10.1,        101,       5.05   ,   -0.14441
          2,  197,        826,        135,       10.1,        101,       5.05   ,   0.311834
          2,  198,         99,        506,       10.1,        101,       5.05   ,    1.46314
          2,  199,        900,        317,       10.1,        101,       5.05   ,   0.423008
          2,  200,         97,        182,       10.1,        101,       5.05   ,   -1.11194
          2,  201,        753,        219,       10.1,        101,       5.05   , -0.0933226
          2,  202,        266,         91,       10.1,        101,       5.05   ,  -0.508452
          2,  203,        720,        368,       10.1,        101,       5.05   ,   0.717058
          2,  204,        493,        925,       10.1,        101,       5.05   ,  -0.829056
          2,  205,        806,        630,       10.1,        101,       5.05   , -0.0144793
          2,  206,        171,        254,       10.1,        101,       5.05   ,  -0.482971
          2,  207,        154,        265,       10.1,        101,       5.05   ,   -1.15317
          2,  208,        556,        748,       10.1,        101,       5.05   ,    1.01997
          2,  209,        908,        185,       10.1,        101,       5.05   ,   0.828323
          2,  210,        124,        345,       10.1,        101,       5.05   ,    -1.3973
          2,  211,        311,        703,       10.1,        101,       5.05   ,   0.317651
          2,  212,        759,        993,       10.1,        101,       5.05   ,    1.51942
          2,  213,        452,        634,       10.1,        101,       5.05   ,  -0.260603
          2,  214,        505,        779,       10.1,        101,       5.05   ,  -0.718251
          2,  215,        703,        212,       10.1,        101,       5.05   ,   -1.56207
          2,  216,        627,        372,       10.1,        101,       5.05   , -0.0782732
          2,  217,        196,        186,       10.1,        101,       5.05   ,   0.434409
          2,  218,        791,        353,       10.1,        101,       5.05   , -0.0177004
          2,  219,        799,        370,       10.1,        101,       5.05   ,  -0.500617
          2,  220,        814,        571,       10.1,        101,       5.05   ,   0.179775
          2,  221,        618,         92,       10.1,        101,       5.05   ,  -0.601437
          2,  222,        905,        640,       10.1,        101,       5.05   ,   -1.13034
          2,  223,        880,        172,       10.1,        101,       5.05   ,  -0.917124
          2,  224,        894,        647,       10.1,        101,       5.05   ,    1.19757
          2,  225,        343,        994,       10.1,        101,       5.05   ,   0.444881
          2,  226,        994,        131,       10.1,        101,       5.05   ,  -0.181588
          2,  227,         19,        338,       10.1,        101,       5.05   ,   -0.14354
          2,  228,        884,        386,       10.1,        101,       5.05   ,  -0.668978
          2,  229,         96,        626,       10.1,        101,       5.05   ,  -0.932344
          2,  230,        144,        192,       10.1,        101,       5.05   ,   -0.32581
          2,  231,        729,         72,       10.1,        101,       5.05   ,  -0.206256
          2,  232,         62,        186,       10.1,        101,       5.05   ,  -0.324562
          2,  233,         12,        614,       10.1,        101,       5.05   ,    1.06069
          2,  234,        539,        869,       10.1,        101,       5.05   ,   -1.16664
          2,  235,        479,        371,       10.1,        101,       5.05   ,   0.269675
          2,  236,        364,        844,       10.1,        101,       5.05   ,   -1.46034
          2,  237,        940,        346,       10.1,        101,       5.05   ,   -1.12425
          2,  238,        287,        222,       10.1,        101,       5.05   ,   -0.56177
          2,  239,        479,        384,       10.1,        101,       5.05   ,   -1.37273
          2,  240,        340,        619,       10.1,        101,       5.05   , -0.0189017
          2,  241,        753,         72,       10.1,        101,       5.05   ,   0.754984
          2,  242,        507,        771,       10.1,        101,       5.05   ,   0.637166
          2,  243,        447,        328,       10.1,        101,       5.05   ,   0.593862
          2,  244,         68,        271,       10.1,        101,       5.05   ,   -1.25546
          2,  245,        739,         42,       10.1,        101,       5.05   ,   -1.56488
          2,  246,        933,        500,       10.1,        101,       5.05   ,  -0.893187
          2,  247,        512,        442,       10.1,        101,       5.05   ,   -1.30314
          2,  248,        360,        642,       10.1,        101,       5.05   ,  -0.503483
          2,  249,          6,         50,       10.1,        101,       5.05   ,   -0.28255
          2,  250,        571,        319,       10.1,        101,       5.05   ,  -0.919592
          2,  251,        686,        793,       10.1,        101,       5.05   ,    1.39392
          2,  252,        457,        283,       10.1,        101,       5.05   ,   0.235721
          2,  253,        779,        838,       10.1,        101,       5.05   ,   -1.46787
          2,  254,        425,         77,       10.1,        101,       5.05   ,   0.185653
          2,  255,        554,        879,       10.1,        101,       5.05   ,    -1.4724
          2,  256,        218,        336,       10.1,        101,       5.05   ,  -0.290914
          2,  257,        891,        612,       10.1,        101,       5.05   ,   0.766607
          2,  258,        663,        457,       10.1,        101,       5.05   ,    1.46883
          2,  259,        908,        356,       10.1,        101,       5.05   ,  -0.687197
          2,  260,        397,        880,       10.1,        101,       5.05   ,   -1.49036
          2,  261,        849,        116,       10.1,        101,       5.05   ,  -0.430481
          2,  262,        858,        715,       10.1,        101,       5.05   ,   -1.18606
          2,  263,         73,        323,       10.1,        101,       5.05   ,  -0.131579
          2,  264,        828,        358,       10.1,        101,       5.05   ,  -0.226635
          2,  265,        880,        532,       10.1,        101,       5.05   ,   0.618878
          2,  266,        846,        683,       10.1,        101,       5.05   ,   -1.03978
          2,  267,        220,        704,       10.1,        101,       5.05   ,   0.923908
          2,  268,        311,        747,       10.1,        101,       5.05   ,    0.27251
          2,  269,        767,        529,       10.1,        101,       5.05   ,   0.151115
          2,  270,        853,        348,       10.1,        101,       5.05   ,  -0.520933
          2,  271,        213,        496,       10.1,        101,       5.05   ,  -0.546843
          2,  272,        419,        684,       10.1,        101,       5.05   ,    1.05866
          2,  273,        823,         28,       10.1,        101,       5.05   ,    1.01709
          2,  274,        191,        474,       10.1,        101,       5.05   ,   -1.05256
          2,  275,        770,        652,       10.1,        101,       5.05   ,   -1.18728
          2,  276,         66,        166,       10.1,        101,       5.05   ,   0.346449
          2,  277,        968,        738,       10.1,        101,       5.05   ,   0.987768
          2,  278,        506,         78,       10.1,        101,       5.05   ,   0.164463
          2,  279,        910,        946,       10.1,        101,       5.05   ,  -0.238273
          2,  280,        754,        961,       10.1,        101,       5.05   ,   0.910661
          2,  281,        315,        184,       10.1,        101,       5.05   ,   0.299871
          2,  282,        795,        738,       10.1,        101,       5.05   ,   0.970294
          2,  283,        485,          7,       10.1,        101,       5.05   ,  -0.214263
          2,  284,        609,        549,       10.1,        101,       5.05   ,   -1.01524
          2,  285,        346,        689,       10.1,        101,       5.05   , -0.0634354
          2,  286,        603,        273,       10.1,        101,       5.05   ,   -1.35312
          2,  287,        584,        701,       10.1,        101,       5.05   ,    0.66352
          2,  288,        311,        451,       10.1,        101,       5.05   ,  -0.357591
          2,  289,        991,        607,       10.1,        101,       5.05   ,  -0.660991
          2,  290,        620,        916,       10.1,        101,       5.05   ,  -0.317142
          2,  291,        930,         48,       10.1,        101,       5.05   ,   -0.95807
          2,  292,        884,        567,       10.1,        101,       5.05   ,   -1.00036
          2,  293,        444,         26,       10.1,        101,       5.05   ,  -0.571405
          2,  294,          1,        775,       10.1,        101,       5.05   ,  -0.270472
          2,  295,        809,         99,       10.1,        101,       5.05   ,  -0.269403
          2,  296,        641,        184,       10.1,        101,       5.05   ,   -1.09188
          2,  297,        506,        303,       10.1,        101,       5.05   ,  -0.641123
          2,  298,        209,        489,       10.1,        101,       5.05   ,   -1.02292
          2,  299,        742,        649,       10.1,        101,       5.05   ,   0.849916
          2,  300,        815,        994,       10.1,        101,       5.05   , -0.0728334
          2,  301,        729,        112,       10.1,        101,       5.05   ,    0.60806
          2,  302,        109,        872,       10.1,        101,       5.05   ,    1.01658
          2,  303,        308,        997,       10.1,        101,       5.05   ,   0.434244
          2,  304,        337,        525,       10.1,        101,       5.05   ,    0.23687
          2,  305,        905,        196,       10.1,        101,       5.05   ,   0.708402
          2,  306,        638,        637,       10.1,        101,       5.05   ,   0.494238
          2,  307,        760,         53,       10.1,        101,       5.05   ,   0.126419
          2,  308,        585,        422,       10.1,        101,       5.05   ,    0.14574
          2,  309,        905,        792,       10.1,        101,       5.05   ,  -0.940728
          2,  310,        507,        179,       10.1,        101,       5.05   ,   0.139673
          2,  311,        466,        640,       10.1,        101,       5.05   ,  -0.374949
          2,  312,        858,        433,       10.1,        101,       5.05   ,     1.0877
          2,  313,        563,        514,       10.1,        101,       5.05   ,   0.799985
          2,  314,        660,        441,       10.1,        101,       5.05   ,    1.02806
          2,  315,        944,        616,       10.1,        101,       5.05   ,   -1.46203
          2,  316,        276,        395,       10.1,        101,       5.05   ,  -0.982729
          2,  317,        260,        608,       10.1,        101,       5.05   ,   0.180495
          2,  318,        141,        698,       10.1,        101,       5.05   ,    0.28759
          2,  319,        149,        634,       10.1,        101,       5.05   ,   -1.05719
          2,  320,        147,        641,       10.1,        101,       5.05   ,  -0.763144
          2,  321,        369,        487,       10.1,        101,       5.05   ,  -0.842257
          2,  322,        948,        790,       10.1,        101,       5.05   ,   -0.17514
          2,  323,        270,        792,       10.1,        101,       5.05   ,   0.190573
          2,  324,        304,         90,       10.1,        101,       5.05   ,   0.475874
          2,  325,        553,        261,       10.1,        101,       5.05   ,  -0.813673
          2,  326,         79,        722,       10.1,        101,       5.05   , -0.0941354
          2,  327,        289,        842,       10.1,        101,       5.05   ,    1.36697
          2,  328,        606,        405,       10.1,        101,       5.05   ,  -0.487063
          2,  329,        348,        826,       10.1,        101,       5.05   ,   0.286393
          2,  330,        772,        967,       10.1,        101,       5.05   ,    1.52259
          2,  331,        992,        902,       10.1,        101,       5.05   ,   0.967669
          2,  332,        737,        495,       10.1,        101,       5.05   ,    1.52788
          2,  333,        403,        877,       10.1,        101,       5.05   ,    1.00961
          2,  334,        791,        493,       10.1,        101,       5.05   ,   0.298038
          2,  335,         10,        313,       10.1,        101,       5.05   ,   -1.14421
          2,  336,        339,        445,       10.1,        101,       5.05   ,  -0.503806
          2,  337,        328,        415,       10.1,        101,       5.05   ,   0.909784
          2,  338,        696,        867,       10.1,        101,       5.05   ,   -1.17272
          2,  339,        668,        964,       10.1,        101,       5.05   ,   0.351773
          2,  340,        678,        507,       10.1,        101,       5.05   ,   0.605392
          2,  341,        647,        561,       10.1,        101,       5.05   ,  -0.148789
          2,  342,        145,        948,       10.1,        101,       5.05   ,    -0.4235
          2,  343,        208,        894,       10.1,        101,       5.05   ,   -1.44916
          2,  344,         86,        424,       10.1,        101,       5.05   ,    1.46417
          2,  345,        984,        872,       10.1,        101,       5.05   ,   0.918532
          2,  346,        137,        950,       10.1,        101,       5.05   ,   0.126632
          2,  347,        582,        489,       10.1,        101,       5.05   ,   0.988819
          2,  348,        769,        887,       10.1,        101,       5.05   ,   0.848536
          2,  349,        958,        263,       10.1,        101,       5.05   ,   0.365376
          2,  350,         33,        627,       10.1,        101,       5.05   ,   0.562734
          2,  351,        603,        928,       10.1,        101,       5.05   ,    1.16967
          2,  352,        592,        906,       10.1,        101,       5.05   ,  -0.512036
          2,  353,         94,        447,       10.1,        101,       5.05   ,    1.38755
          2,  354,        483,        786,       10.1,        101,       5.05   ,   -1.49442
          2,  355,         39,        856,       10.1,        101,       5.05   ,   0.582211
          2,  356,        300,        881,       10.1,        101,       5.05   ,   0.815829
          2,  357,          4,        697,       10.1,        101,       5.05   ,   0.923595
          2,  358,        358,         60,       10.1,        101,       5.05   ,    0.95612
          2,  359,        621,        245,       10.1,        101,       5.05   ,   -1.38305
          2,  360,        421,         82,       10.1,        101,       5.05   ,    1.55466
          2,  361,        464,        578,       10.1,        101,       5.05   ,  -0.688213
          2,  362,        871,        110,       10.1,        101,       5.05   ,  -0.237931
          2,  363,        849,        278,       10.1,        101,       5.05   ,  -0.512709
          2,  364,        910,        828,       10.1,        101,       5.05   ,   0.997811
          2,  365,        233,        333,       10.1,        101,       5.05   ,    1.02759
          2,  366,        874,        466,       10.1,        101,       5.05   ,   0.292883
          2,  367,        272,        387,       10.1,        101,       5.05   ,    1.12927
          2,  368,        483,        812,       10.1,        101,       5.05   ,  0.0209793
          2,  369,        522,        901,       10.1,        101,       5.05   ,  -0.892899
          2,  370,         84,        877,       10.1,        101,       5.05   ,    1.04981
          2,  371,        483,        181,       10.1,        101,       5.05   ,  -0.962522
          2,  372,        658,        901,       10.1,        101,       5.05   ,    1.55996
          2,  373,        986,        851,       10.1,        101,       5.05   ,   -1.15538
          2,  374,        416,        105,       10.1,        101,       5.05   ,  -0.290669
          2,  375,        688,        127,       10.1,        101,       5.05   ,   0.511886
          2,  376,        508,        839,       10.1,        101,       5.05   ,  -0.949635
          2,  377,        989,        773,       10.1,        101,       5.05   ,   0.235268
          2,  378,        276,        811,       10.1,        101,       5.05   ,    0.86105
          2,  379,        136,        210,       10.1,        101,       5.05   ,  -0.242891
          2,  380,        634,        914,       10.1,        101,       5.05   ,  -0.659038
          2,  381,        269,        984,       10.1,        101,       5.05   ,  -0.721344
          2,  382,        991,        254,       10.1,        101,       5.05   ,   0.628675
          2,  383,         42,        792,       10.1,        101,       5.05   ,   0.930383
          2,  384,        706,        112,       10.1,        101,       5.05   ,   0.880341
          2,  385,        576,        443,       10.1,        101,       5.05   ,   0.577073
          2,  386,        257,        937,       10.1,        101,       5.05   ,     1.1247
          2,  387,        428,        479,       10.1,        101,       5.05   ,    0.22881
          2,  388,        956,        987,       10.1,        101,       5.05   ,   -1.38933
          2,  389,        258,        244,       10.1,        101,       5.05   ,  -0.275775
          2,  390,        151,        185,       10.1,        101,       5.05   ,     1.2618
          2,  391,        383,        947,       10.1,        101,       5.05   ,  -0.127821
          2,  392,         35,        469,       10.1,        101,       5.05   ,   0.994506
          2,  393,        608,        155,       10.1,        101,       5.05   ,   0.854976
          2,  394,        388,        678,       10.1,        101,       5.05   ,    0.66905
          2,  395,        400,        464,       10.1,        101,       5.05   ,   -1.19853
          2,  396,        934,        873,       10.1,        101,       5.05   ,    1.52982
          2,  397,        398,        408,       10.1,        101,       5.05   ,   0.534633
          2,  398,        959,        161,       10.1,        101,       5.05   ,    1.47284
          2,  399,        820,        209,       10.1,        101,       5.05   ,   0.886684
          2,  400,        447,        118,       10.1,        101,       5.05   ,   0.077607
          2,  401,        617,        515,       10.1,        101,       5.05   ,    0.55023
          2,  402,        979,        850,       10.1,        101,       5.05   ,  -0.839225
          2,  403,         75,        719,       10.1,        101,       5.05   ,    1.09041
          2,  404,         19,        696,       10.1,        101,       5.05   , -0.0117258
          2,  405,        712,          2,       10.1,        101,       5.05   ,  -0.644298
          2,  406,        163,        872,       10.1,        101,       5.05   ,   -1.12972
          2,  407,        120,        299,       10.1,        101,       5.05   ,   -1.05928
          2,  408,         92,        569,       10.1,        101,       5.05   ,     1.4194
          2,  409,        451,        979,       10.1,        101,       5.05   ,   0.463032
          2,  410,        697,        887,       10.1,        101,       5.05   ,   -1.36358
          2,  411,         85,        227,       10.1,        101,       5.05   ,   0.388406
          2,  412,         79,        568,       10.1,        101,       5.05   ,   0.364166
          2,  413,        322,         88,       10.1,        101,       5.05   ,   -0.17631
          2,  414,        755,        542,       10.1,        101,       5.05   ,  -0.418087
          2,  415,        852,        873,       10.1,        101,       5.05   ,  -0.921553
          2,  416,        103,        664,       10.1,        101,       5.05   ,  -0.225831
          2,  417,        478,        657,       10.1,        101,       5.05   ,    1.49356
          2,  418,         95,        194,       10.1,        101,       5.05   ,   0.301021
          2,  419,        108,        127,       10.1,        101,       5.05   ,  -0.164473
          2,  420,        776,        657,       10.1,        101,       5.05   ,   0.713486
          2,  421,        967,        443,       10.1,        101,       5.05   ,   -1.03936
          2,  422,        571,        303,       10.1,        101,       5.05   ,   -1.01462
          2,  423,        464,        851,       10.1,        101,       5.05   ,   -1.40924
          2,  424,        444,        481,       10.1,        101,       5.05   ,   0.153218
          2,  425,        259,        753,       10.1,        101,       5.05   ,   0.929514
          2,  426,        468,        196,       10.1,        101,       5.05   ,  -0.195486
          2,  427,        891,        618,       10.1,        101,       5.05   ,   -0.81257
          2,  428,        852,        738,       10.1,        101,       5.05   ,     -1.458
          2,  429,        306,        199,       10.1,        101,       5.05   ,    0.92561
          2,  430,        625,        485,       10.1,        101,       5.05   ,  -0.116048
          2,  431,        438,        918,       10.1,        101,       5.05   ,   -0.58215
          2,  432,        667,        809,       10.1,        101,       5.05   ,  -0.853202
          2,  433,        940,        463,       10.1,        101,       5.05   ,  -0.889946
          2,  434,        485,        254,       10.1,        101,       5.05   ,   0.480766
          2,  435,        280,        255,       10.1,        101,       5.05   ,   -0.73495
          2,  436,        442,        398,       10.1,        101,       5.05   ,   0.676649
          2,  437,        955,        175,       10.1,        101,       5.05   ,   -1.15376
          2,  438,        201,        637,       10.1,        101,       5.05   ,  -0.228275
          2,  439,        667,        148,       10.1,        101,       5.05   ,   -1.45583
          2,  440,        272,        551,       10.1,        101,       5.05   ,   0.281738
          2,  441,        755,        406,       10.1,        101,       5.05   ,  -0.410092
          2,  442,        120,        444,       10.1,        101,       5.05   ,    1.29118
          2,  443,        116,        194,       10.1,        101,       5.05   ,  -0.489101
          2,  444,        582,        801,       10.1,        101,       5.05   ,   0.248742
          2,  445,        501,        174,       10.1,        101,       5.05   ,  -0.940957
          2,  446,        344,        118,       10.1,        101,       5.05   ,  -0.648348
          2,  447,        618,        826,       10.1,        101,       5.05   ,    1.35831
          2,  448,        486,        119,       10.1,        101,       5.05   ,   -1.51162
          2,  449,        104,        952,       10.1,        101,       5.05   ,  -0.821941
          2,  450,        893,        428,       10.1,        101,       5.05   ,  -0.579596
          2,  451,         18,        426,       10.1,        101,       5.05   ,  -0.451881
          2,  452,         84,        249,       10.1,        101,       5.05   ,    0.90269
          2,  453,        636,        986,       10.1,        101,       5.05   ,   -1.52845
          2,  454,        409,        315,       10.1,        101,       5.05   ,  -0.952245
          2,  455,        260,        636,       10.1,        101,       5.05   ,   -1.52712
          2,  456,        804,        645,       10.1,        101,       5.05   ,     1.2976
          2,  457,        430,        881,       10.1,        101,       5.05   ,   -1.10435
          2,  458,        593,        384,       10.1,        101,       5.05   ,   0.408541
          2,  459,        465,        840,       10.1,        101,       5.05   ,  -0.305448
          2,  460,        437,        667,       10.1,        101,       5.05   ,    1.37802
          2,  461,        743,        480,       10.1,        101,       5.05   ,    0.75668
          2,  462,        220,        158,       10.1,        101,       5.05   ,   0.868797
          2,  463,        261,        323,       10.1,        101,       5.05   ,    1.54739
          2,  464,        472,        212,       10.1,        101,       5.05   ,  -0.509554
          2,  465,        571,        377,       10.1,        101,       5.05   ,  -0.320367
          2,  466,         64,        176,       10.1,        101,       5.05   ,  -0.452659
          2,  467,        393,        163,       10.1,        101,       5.05   ,  0.0389811
          2,  468,        194,        409,       10.1,        101,       5.05   ,  -0.175775
          2,  469,        846,         62,       10.1,        101,       5.05   ,  -0.180826
          2,  470,        411,        578,       10.1,        101,       5.05   , -0.0585391
          2,  471,        805,        531,       10.1,        101,       5.05   ,   0.534552
          2,  472,        146,        548,       10.1,        101,       5.05   ,  -0.624938
          2,  473,         77,        783,       10.1,        101,       5.05   ,   -1.34248
          2,  474,        659,        738,       10.1,        101,       5.05   ,   0.356307
          2,  475,        865,        205,       10.1,        101,       5.05   ,  -0.219733
          2,  476,        554,        490,       10.1,        101,       5.05   ,   -1.47321
          2,  477,        849,        161,       10.1,        101,       5.05   ,  -0.591971
          2,  478,        824,        324,       10.1,        101,       5.05   ,    1.44313
          2,  479,        847,        408,       10.1,        101,       5.05   ,   -1.17103
          2,  480,        743,        872,       10.1,        101,       5.05   ,  -0.867132
          2,  481,         54,        122,       10.1,        101,       5.05   ,  0.0559979
          2,  482,        751,        111,       10.1,        101,       5.05   ,  -0.233725
          2,  483,        965,        450,       10.1,        101,       5.05   ,   -0.94255
          2,  484,        125,        447,       10.1,        101,       5.05   ,   -1.40194
          2,  485,         15,        866,       10.1,        101,       5.05   ,   -1.09823
          2,  486,        874,        882,       10.1,        101,       5.05   ,   -1.48961
          2,  487,        579,        428,       10.1,        101,       5.05   ,    1.00291
          2,  488,        890,        779,       10.1,        101,       5.05   ,  -0.429945
          2,  489,        878,        646,       10.1,        101,       5.05   ,  0.0216475
          2,  490,        588,        652,       10.1,        101,       5.05   ,   -0.30061
          2,  491,        190,        133,       10.1,        101,       5.05   ,    1.05091
          2,  492,        174,        742,       10.1,        101,       5.05   ,   0.803882
          2,  493,        503,        590,       10.1,        101,       5.05   ,  -0.869744
          2,  494,        333,         11,       10.1,        101,       5.05   ,   -0.45198
          2,  495,        989,        785,       10.1,        101,       5.05   ,  0.0691538
          2,  496,        475,        987,       10.1,        101,       5.05   ,   -1.10093
          2,  497,        585,        197,       10.1,        101,       5.05   ,    1.22655
          2,  498,        164,        297,       10.1,        101,       5.05   ,   0.205083
          2,  499,        865,        886,       10.1,        101,       5.05   ,  -0.215418
          2,  500,        241,        855,       10.1,        101,       5.05   ,   -1.12611
          2,  501,        549,        980,       10.1,        101,       5.05   ,  -0.744986
          2,  502,        164,        723,       10.1,        101,       5.05   ,    1.42868
          2,  503,        192,        530,       10.1,        101,       5.05   ,   -1.06772
          2,  504,        189,        966,       10.1,        101,       5.05   ,  -0.656196
          2,  505,        257,        929,       10.1,        101,       5.05   ,   -1.29442
          2,  506,        527,        114,       10.1,        101,       5.05   ,   -0.13338
          2,  507,        444,        742,       10.1,        101,       5.05   ,    1.43669
          2,  508,        725,        901,       10.1,        101,       5.05   ,   0.518252
          2,  509,        339,        135,       10.1,        101,       5.05   ,    0.26518
          2,  510,        584,        962,       10.1,        101,       5.05   ,  -0.998642
          2,  511,        258,         40,       10.1,        101,       5.05   ,   0.312382
          2,  512,        221,        970,       10.1,        101,       5.05   , -0.0327128
          2,  513,        916,        606,       10.1,        101,       5.05   ,    1.28218
          2,  514,        368,        197,       10.1,        101,       5.05   ,   0.467541
          2,  515,        991,        480,       10.1,        101,       5.05   , -0.0101432
          2,  516,         30,        453,       10.1,        101,       5.05   ,   -1.23112
          2,  517,        515,        666,       10.1,        101,       5.05   ,  -0.735892
          2,  518,        620,        870,       10.1,        101,       5.05   ,   -1.55411
          2,  519,        890,        209,       10.1,        101,       5.05   ,   0.817112
          2,  520,        992,         34,       10.1,        101,       5.05   ,    -1.2613
          2,  521,        406,         14,       10.1,        101,       5.05   ,    1.39503
          2,  522,        661,        745,       10.1,        101,       5.05   ,   0.317236
          2,  523,        561,        268,       10.1,        101,       5.05   ,  -0.729088
          2,  524,        501,        910,       10.1,        101,       5.05   ,   -1.33193
          2,  525,        556,        489,       10.1,        101,       5.05   ,   0.453538
          2,  526,        644,        981,       10.1,        101,       5.05   ,    1.17455
          2,  527,         48,        471,       10.1,        101,       5.05   ,   0.938519
          2,  528,        542,        220,       10.1,        101,       5.05   ,  -0.662009
          2,  529,        550,        506,       10.1,        101,       5.05   ,   0.287441
          2,  530,          1,        245,       10.1,        101,       5.05   ,    1.14386
          2,  531,        426,         33,       10.1,        101,       5.05   ,  -0.980402
          2,  532,        500,        154,       10.1,        101,       5.05   ,    1.35679
          2,  533,        722,        960,       10.1,        101,       5.05   ,    1.26627
          2,  534,        324,        750,       10.1,        101,       5.05   ,    1.40694
          2,  535,        604,        801,       10.1,        101,       5.05   ,-0.00169196
          2,  536,        857,        808,       10.1,        101,       5.05   ,    1.28977
          2,  537,        887,        773,       10.1,        101,       5.05   ,  -0.211816
          2,  538,        811,        661,       10.1,        101,       5.05   ,    1.52244
          2,  539,         80,        517,       10.1,        101,       5.05   , -0.0273394
          2,  540,        953,        443,       10.1,        101,       5.05   ,    1.48069
          2,  541,        935,        981,       10.1,        101,       5.05   ,   0.444554
          2,  542,        508,        876,       10.1,        101,       5.05   ,   0.523048
          2,  543,        269,        933,       10.1,        101,       5.05   ,   -1.06472
          2,  544,        403,        520,       10.1,        101,       5.05   ,    1.21913
          2,  545,        874,        842,       10.1,        101,       5.05   ,    1.22399
          2,  546,        253,         37,       10.1,        101,       5.05   ,   0.481992
          2,  547,        746,        657,       10.1,        101,       5.05   ,   0.425457
          2,  548,        942,        412,       10.1,        101,       5.05   ,    1.21049
          2,  549,        220,         45,       10.1,        101,       5.05   ,  -0.999278
          2,  550,        767,        830,       10.1,        101,       5.05   ,  -0.642542
          2,  551,        798,         65,       10.1,        101,       5.05   ,    1.50764
          2,  552,        432,        871,       10.1,        101,       5.05   ,  -0.540606
          2,  553,        353,        745,       10.1,        101,       5.05   ,  -0.324314
          2,  554,        925,        908,       10.1,        101,       5.05   ,  -0.171361
          2,  555,        994,         94,       10.1,        101,       5.05   ,  -0.374237
          2,  556,        415,        525,       10.1,        101,       5.05   ,  -0.606848
          2,  557,        566,        705,       10.1,        101,       5.05   , 0.00418184
          2,  558,        127,        546,       10.1,        101,       5.05   ,   0.819167
          2,  559,        332,        831,       10.1,        101,       5.05   ,   0.760059
          2,  560,        818,        285,       10.1,        101,       5.05   ,  -0.643621
          2,  561,        183,        278,       10.1,        101,       5.05   ,   0.479379
          2,  562,        102,        871,       10.1,        101,       5.05   ,   0.359811
          2,  563,        464,        919,       10.1,        101,       5.05   ,   0.870541
          2,  564,        487,        602,       10.1,        101,       5.05   ,   0.597604
          2,  565,        566,        568,       10.1,        101,       5.05   ,    1.56961
          2,  566,        860,        839,       10.1,        101,       5.05   ,   0.775733
          2,  567,         93,          7,       10.1,        101,       5.05   ,   -0.97789
          2,  568,        966,        194,       10.1,        101,       5.05   ,   0.231756
          2,  569,        252,         68,       10.1,        101,       5.05   ,  -0.784887
          2,  570,        680,        218,       10.1,        101,       5.05   ,   0.830898
          2,  571,        684,        829,       10.1,        101,       5.05   ,   0.297681
          2,  572,        661,        115,       10.1,        101,       5.05   ,  -0.889165
          2,  573,         88,        689,       10.1,        101,       5.05   ,   -1.29961
          2,  574,        515,        725,       10.1,        101,       5.05   ,  -0.849077
          2,  575,        958,        444,       10.1,        101,       5.05   ,   -1.33262
          2,  576,        463,         52,       10.1,        101,       5.05   ,   0.897275
          2,  577,        345,        925,       10.1,        101,       5.05   ,  -0.264262
          2,  578,         59,         75,       10.1,        101,       5.05   ,    1.18877
          2,  579,        385,        546,       10.1,        101,       5.05   ,   0.075262
          2,  580,        189,        189,       10.1,        101,       5.05   ,    1.21749
          2,  581,        332,        239,       10.1,        101,       5.05   ,   -1.28127
          2,  582,        584,        125,       10.1,        101,       5.05   ,    1.23603
          2,  583,        946,        609,       10.1,        101,       5.05   ,   -1.43945
          2,  584,        714,        447,       10.1,        101,       5.05   ,    -1.3953
          2,  585,        288,        698,       10.1,        101,       5.05   ,  -0.442471
          2,  586,        276,        956,       10.1,        101,       5.05   ,   -1.34225
          2,  587,        811,        346,       10.1,        101,       5.05   ,   -1.01719
          2,  588,        106,        364,       10.1,        101,       5.05   ,    1.12655
          2,  589,        135,         12,       10.1,        101,       5.05   ,  -0.601692
          2,  590,        891,        994,       10.1,        101,       5.05   ,  -0.647687
          2,  591,        115,        166,       10.1,        101,       5.05   ,   0.671654
          2,  592,        238,        320,       10.1,        101,       5.05   ,   -1.17252
          2,  593,        466,        168,       10.1,        101,       5.05   ,    1.46472
          2,  594,        110,        966,       10.1,        101,       5.05   ,    1.39741
          2,  595,        664,        708,       10.1,        101,       5.05   ,   0.654199
          2,  596,        153,        199,       10.1,        101,       5.05   ,    1.29171
          2,  597,        980,        748,       10.1,        101,       5.05   ,    1.16067
          2,  598,        936,        414,       10.1,        101,       5.05   ,   0.883624
          2,  599,        265,        220,       10.1,        101,       5.05   ,  -0.012488
          2,  600,        332,        829,       10.1,        101,       5.05   ,   0.476729
          2,  601,        217,        691,       10.1,        101,       5.05   ,  -0.266667
          2,  602,        408,        481,       10.1,        101,       5.05   ,   0.631721
          2,  603,        883,        479,       10.1,        101,       5.05   , -0.0620494
          2,  604,        790,        669,       10.1,        101,       5.05   ,   -1.15112
          2,  605,         79,        971,       10.1,        101,       5.05   ,   0.323867
          2,  606,        785,        305,       10.1,        101,       5.05   ,   0.325703
          2,  607,        367,        436,       10.1,        101,       5.05   ,  -0.118336
          2,  608,          0,        502,       10.1,        101,       5.05   , -0.0144351
          2,  609,        386,        670,       10.1,        101,       5.05   ,  -0.250486
          2,  610,        642,        593,       10.1,        101,       5.05   ,   0.844137
          2,  611,        146,        717,       10.1,        101,       5.05   ,   0.121148
          2,  612,        446,        855,       10.1,        101,       5.05   ,   0.591427
          2,  613,        990,         23,       10.1,        101,       5.05   ,  -0.489198
          2,  614,        437,        275,       10.1,        101,       5.05   ,  -0.679139
          2,  615,        374,        360,       10.1,        101,       5.05   ,  -0.273847
          2,  616,        644,        634,       10.1,        101,       5.05   ,   -1.02075
          2,  617,        865,        983,       10.1,        101,       5.05   ,   -1.09442
          2,  618,        161,        312,       10.1,        101,       5.05   ,   -1.32652
          2,  619,        484,        467,       10.1,        101,       5.05   ,  -0.372209
          2,  620,        489,        230,       10.1,        101,       5.05   ,  -0.108695
          2,  621,        584,        415,       10.1,        101,       5.05   ,   0.587986
          2,  622,        254,        134,       10.1,        101,       5.05   ,  -0.657218
          2,  623,        283,        399,       10.1,        101,       5.05   ,   0.886393
          2,  624,        760,        675,       10.1,        101,       5.05   ,   0.230037
          2,  625,        181,        128,       10.1,        101,       5.05   ,  -0.536266
          2,  626,        939,        419,       10.1,        101,       5.05   ,    1.03369
          2,  627,        541,        205,       10.1,        101,       5.05   ,    -1.1088
          2,  628,        218,        434,       10.1,        101,       5.05   ,   -1.14536
          2,  629,        366,        819,       10.1,        101,       5.05   ,   0.745588
          2,  630,        543,        882,       10.1,        101,       5.05   ,  -0.886007
          2,  631,        484,        773,       10.1,        101,       5.05   ,   0.851635
          2,  632,        113,        650,       10.1,        101,       5.05   ,  -0.283503
          2,  633,        507,        674,       10.1,        101,       5.05   ,  -0.660429
          2,  634,        889,        707,       10.1,        101,       5.05   ,   -1.45815
          2,  635,          9,        264,       10.1,        101,       5.05   ,   0.800234
          2,  636,        549,        593,       10.1,        101,       5.05   ,   0.394323
          2,  637,        595,        433,       10.1,        101,       5.05   ,    1.12706
          2,  638,        683,        567,       10.1,        101,       5.05   ,  -0.215596
          2,  639,         53,        918,       10.1,        101,       5.05   ,   0.558508
          2,  640,        157,        991,       10.1,        101,       5.05   ,   0.711983
          2,  641,        127,        986,       10.1,        101,       5.05   ,    0.39528
          2,  642,        111,        556,       10.1,        101,       5.05   ,   -1.08166
          2,  643,        432,        803,       10.1,        101,       5.05   ,    1.56662
          2,  644,         33,        155,       10.1,        101,       5.05   ,    0.83134
          2,  645,        711,        781,       10.1,        101,       5.05   ,   -0.15478
          2,  646,        500,        602,       10.1,        101,       5.05   ,   0.231408
          2,  647,        759,        431,       10.1,        101,       5.05   ,    0.34284
          2,  648,         26,         18,       10.1,        101,       5.05   ,   -1.05463
          2,  649,        229,        770,       10.1,        101,       5.05   ,   -1.37422
          2,  650,        924,        865,       10.1,        101,       5.05   ,   0.271072
          2,  651,        109,        549,       10.1,        101,       5.05   ,   0.160812
          2,  652,        846,        266,       10.1,        101,       5.05   ,   0.339318
          2,  653,        643,        296,       10.1,        101,       5.05   ,   0.295823
          2,  654,        535,        419,       10.1,        101,       5.05   ,  -0.129076
          2,  655,        166,        169,       10.1,        101,       5.05   ,  -0.253387
          2,  656,        188,         22,       10.1,        101,       5.05   ,  -0.286458
          2,  657,         96,        537,       10.1,        101,       5.05   ,   0.723254
          2,  658,        981,        906,       10.1,        101,       5.05   ,  0.0993963
          2,  659,        621,        826,       10.1,        101,       5.05   ,    0.68013
          2,  660,        100,        325,       10.1,        101,       5.05   ,   0.015924
          2,  661,        926,        617,       10.1,        101,       5.05   ,   0.972314
          2,  662,        831,         74,       10.1,        101,       5.05   ,   0.783392
          2,  663,        216,        688,       10.1,        101,       5.05   ,   -1.35896
          2,  664,        865,        419,       10.1,        101,       5.05   ,   -1.11562
          2,  665,        222,        581,       10.1,        101,       5.05   ,     1.5704
          2,  666,        682,        905,       10.1,        101,       5.05   ,  -0.243987
          2,  667,        201,        491,       10.1,        101,       5.05   ,   -0.78691
          2,  668,        591,        317,       10.1,        101,       5.05   ,  -0.301985
          2,  669,        110,        673,       10.1,        101,       5.05   ,    1.44315
          2,  670,        244,        982,       10.1,        101,       5.05   ,   0.290722
          2,  671,        534,        864,       10.1,        101,       5.05   ,  -0.548991
          2,  672,        322,        140,       10.1,        101,       5.05   ,     1.5523
          2,  673,        950,        829,       10.1,        101,       5.05   ,   -1.24086
          2,  674,        434,        132,       10.1,        101,       5.05   ,   0.977409
          2,  675,        480,         53,       10.1,        101,       5.05   , -0.0607504
          2,  676,        276,        780,       10.1,        101,       5.05   ,  -0.892994
          2,  677,        854,        291,       10.1,        101,       5.05   ,   0.401456
          2,  678,        500,        840,       10.1,        101,       5.05   ,   0.854407
          2,  679,        347,        720,       10.1,        101,       5.05   ,   0.963022
          2,  680,        325,        791,       10.1,        101,       5.05   ,  0.0882853
          2,  681,        743,        893,       10.1,        101,       5.05   ,   -0.88328
          2,  682,        507,        903,       10.1,        101,       5.05   ,  -0.301039
          2,  683,        521,         90,       10.1,        101,       5.05   ,    1.02308
          2,  684,        671,        391,       10.1,        101,       5.05   ,  -0.544416
          2,  685,        334,        842,       10.1,        101,       5.05   ,  -0.176186
          2,  686,        902,        261,       10.1,        101,       5.05   ,   0.748666
          2,  687,        211,        719,       10.1,        101,       5.05   ,    1.40275
          2,  688,        295,        582,       10.1,        101,       5.05   ,   0.978189
          2,  689,        298,         12,       10.1,        101,       5.05   , -0.0298678
          2,  690,        534,        773,       10.1,        101,       5.05   ,   0.591443
------------------------------------------------------------------------------
Component[2] Total Sloped Parallelepiped = 690