Component 2 maximum area=0.323322 [on 1000x1000]
Component type: Sloped rectangle
---------------------------------------------------------------------------------------
--------------|------- Center-----|----- dimensions---------|----------------------
component| id|    X       |     Y      |  Width/a     | height/b |   hoop   |   Slope   
---------------------------------------------------------------------------------------
          2,    1,        695,        236,       10.1,        101,       5.05   ,  -0.758969
          2,    2,        624,        354,       10.1,        101,       5.05   ,  -0.514054
          2,    3,        434,        755,       10.1,        101,       5.05   ,  -0.635318
          2,    4,        421,        242,       10.1,        101,       5.05   ,  -0.998619
          2,    5,        162,        991,       10.1,        101,       5.05   ,   0.511077
          2,    6,        723,        171,       10.1,        101,       5.05   ,    1.36838
          2,    7,        790,        351,       10.1,        101,       5.05   ,    1.37302
          2,    8,        522,        503,       10.1,        101,       5.05   ,   0.932992
          2,    9,        271,        184,       10.1,        101,       5.05   ,   0.870023
          2,   10,        281,         60,       10.1,        101,       5.05   ,   0.626979
          2,   11,        678,         95,       10.1,        101,       5.05   ,  0.0731062
          2,   12,        898,        107,       10.1,        101,       5.05   ,   -1.21066
          2,   13,         21,        714,       10.1,        101,       5.05   ,  -0.916718
          2,   14,        736,        984,       10.1,        101,       5.05   ,    1.05165
          2,   15,        955,        488,       10.1,        101,       5.05   ,  -0.336404
          2,   16,        568,        861,       10.1,        101,       5.05   ,  -0.626364
          2,   17,        652,        441,       10.1,        101,       5.05   ,   0.151919
          2,   18,        109,        639,       10.1,        101,       5.05   ,   -1.36931
          2,   19,        271,        924,       10.1,        101,       5.05   ,   0.726673
          2,   20,        868,        568,       10.1,        101,       5.05   ,  -0.992333
          2,   21,        116,        147,       10.1,        101,       5.05   ,  -0.806048
          2,   22,        918,         30,       10.1,        101,       5.05   ,   -1.13409
          2,   23,        454,        515,       10.1,        101,       5.05   ,   0.607094
          2,   24,        381,        729,       10.1,        101,       5.05   ,  -0.887474
          2,   25,         43,         51,       10.1,        101,       5.05   ,    1.48409
          2,   26,        335,         58,       10.1,        101,       5.05   ,   0.581214
          2,   27,        983,        452,       10.1,        101,       5.05   ,    1.15696
          2,   28,        708,        794,       10.1,        101,       5.05   ,   -1.47318
          2,   29,        859,        456,       10.1,        101,       5.05   ,  -0.255314
          2,   30,        557,         28,       10.1,        101,       5.05   ,   0.327498
          2,   31,        342,        740,       10.1,        101,       5.05   ,  -0.904367
          2,   32,        730,        250,       10.1,        101,       5.05   ,    1.27948
          2,   33,        665,        250,       10.1,        101,       5.05   ,    1.32776
          2,   34,        968,         61,       10.1,        101,       5.05   ,    1.52426
          2,   35,         64,        735,       10.1,        101,       5.05   ,    1.42087
          2,   36,        480,        725,       10.1,        101,       5.05   ,  -0.806798
          2,   37,        157,        870,       10.1,        101,       5.05   ,  -0.766127
          2,   38,          4,        121,       10.1,        101,       5.05   ,   0.630403
          2,   39,        770,        124,       10.1,        101,       5.05   ,   0.696108
          2,   40,        304,        813,       10.1,        101,       5.05   ,    1.26093
          2,   41,        884,         94,       10.1,        101,       5.05   ,  -0.868225
          2,   42,         25,        517,       10.1,        101,       5.05   ,    1.27967
          2,   43,        943,        987,       10.1,        101,       5.05   ,   0.787773
          2,   44,        642,        638,       10.1,        101,       5.05   ,   0.584038
          2,   45,        987,        951,       10.1,        101,       5.05   ,   -0.12975
          2,   46,        959,        958,       10.1,        101,       5.05   ,  -0.378497
          2,   47,        523,        288,       10.1,        101,       5.05   ,  -0.369123
          2,   48,        504,        595,       10.1,        101,       5.05   ,  -0.196654
          2,   49,        735,        552,       10.1,        101,       5.05   ,  -0.134805
          2,   50,        612,        386,       10.1,        101,       5.05   ,  -0.622668
          2,   51,        450,        545,       10.1,        101,       5.05   ,  -0.521189
          2,   52,        245,        714,       10.1,        101,       5.05   ,   -1.01405
          2,   53,        983,        869,       10.1,        101,       5.05   ,    1.20162
          2,   54,        774,        200,       10.1,        101,       5.05   ,  -0.138363
          2,   55,        503,        863,       10.1,        101,       5.05   ,    1.46766
          2,   56,        985,        572,       10.1,        101,       5.05   ,   -1.38782
          2,   57,        552,        278,       10.1,        101,       5.05   ,   -1.09009
          2,   58,        497,        114,       10.1,        101,       5.05   ,   0.432097
          2,   59,        755,        208,       10.1,        101,       5.05   ,   0.397342
          2,   60,        791,        672,       10.1,        101,       5.05   ,  -0.655771
          2,   61,        974,        129,       10.1,        101,       5.05   ,   0.595848
          2,   62,        654,        914,       10.1,        101,       5.05   ,    1.43838
          2,   63,        772,        882,       10.1,        101,       5.05   , -0.0282293
          2,   64,        283,        243,       10.1,        101,       5.05   ,  -0.047274
          2,   65,        397,        376,       10.1,        101,       5.05   ,  -0.364331
          2,   66,        248,        471,       10.1,        101,       5.05   ,   0.559865
          2,   67,         66,        642,       10.1,        101,       5.05   ,   0.545743
          2,   68,        126,        320,       10.1,        101,       5.05   ,  -0.879489
          2,   69,        793,        442,       10.1,        101,       5.05   , -0.0655045
          2,   70,        580,        712,       10.1,        101,       5.05   ,    1.28686
          2,   71,        559,         83,       10.1,        101,       5.05   ,    1.13437
          2,   72,        855,        346,       10.1,        101,       5.05   ,   -1.34127
          2,   73,        993,        292,       10.1,        101,       5.05   ,  -0.410076
          2,   74,        314,         25,       10.1,        101,       5.05   ,  -0.521665
          2,   75,        162,        719,       10.1,        101,       5.05   ,    1.19904
          2,   76,        826,        439,       10.1,        101,       5.05   ,  -0.821676
          2,   77,        393,        624,       10.1,        101,       5.05   ,  -0.849548
          2,   78,         33,        757,       10.1,        101,       5.05   ,   -0.83557
          2,   79,        218,        629,       10.1,        101,       5.05   ,  -0.919854
          2,   80,        181,        382,       10.1,        101,       5.05   ,  -0.484194
          2,   81,        905,        531,       10.1,        101,       5.05   ,    1.46126
          2,   82,         98,        206,       10.1,        101,       5.05   ,    1.50415
          2,   83,        499,        861,       10.1,        101,       5.05   ,  -0.448357
          2,   84,        980,        907,       10.1,        101,       5.05   ,  -0.337227
          2,   85,         14,        250,       10.1,        101,       5.05   ,   -1.45156
          2,   86,        749,        349,       10.1,        101,       5.05   ,    0.97321
          2,   87,        661,        143,       10.1,        101,       5.05   ,   -0.84357
          2,   88,        412,        624,       10.1,        101,       5.05   ,   0.486379
          2,   89,        878,        178,       10.1,        101,       5.05   ,    -1.2507
          2,   90,        577,        293,       10.1,        101,       5.05   ,    0.59853
          2,   91,        404,         16,       10.1,        101,       5.05   ,  -0.782335
          2,   92,        503,        504,       10.1,        101,       5.05   ,  -0.100273
          2,   93,        581,        804,       10.1,        101,       5.05   ,   -1.51465
          2,   94,        533,        506,       10.1,        101,       5.05   ,   0.874244
          2,   95,        361,        262,       10.1,        101,       5.05   ,  -0.945287
          2,   96,        599,        201,       10.1,        101,       5.05   ,   -1.23408
          2,   97,        171,        353,       10.1,        101,       5.05   ,   -1.06947
          2,   98,        819,        621,       10.1,        101,       5.05   ,  -0.356411
          2,   99,        926,        330,       10.1,        101,       5.05   , -0.0497868
          2,  100,        693,        275,       10.1,        101,       5.05   ,     1.2365
          2,  101,        497,        560,       10.1,        101,       5.05   ,   -1.24341
          2,  102,        882,        318,       10.1,        101,       5.05   ,   0.185876
          2,  103,        236,        813,       10.1,        101,       5.05   ,    1.56878
          2,  104,        826,        695,       10.1,        101,       5.05   ,    1.49514
          2,  105,        556,        148,       10.1,        101,       5.05   ,   0.405688
          2,  106,        860,        159,       10.1,        101,       5.05   ,   -1.11561
          2,  107,        606,        233,       10.1,        101,       5.05   ,    1.06002
          2,  108,        279,        292,       10.1,        101,       5.05   ,   0.808485
          2,  109,        960,        323,       10.1,        101,       5.05   ,    1.31808
          2,  110,        856,        229,       10.1,        101,       5.05   ,    1.12497
          2,  111,        576,        884,       10.1,        101,       5.05   ,   0.258927
          2,  112,        754,        369,       10.1,        101,       5.05   ,  -0.502916
          2,  113,         99,        182,       10.1,        101,       5.05   ,    1.13705
          2,  114,        830,         51,       10.1,        101,       5.05   ,  0.0255695
          2,  115,        605,        585,       10.1,        101,       5.05   ,  0.0664303
          2,  116,        951,        745,       10.1,        101,       5.05   ,  -0.316113
          2,  117,        356,        497,       10.1,        101,       5.05   ,  -0.913045
          2,  118,        974,        111,       10.1,        101,       5.05   ,  -0.256355
          2,  119,        110,          2,       10.1,        101,       5.05   ,  -0.623317
          2,  120,        477,         73,       10.1,        101,       5.05   , -0.0689546
          2,  121,        199,        923,       10.1,        101,       5.05   ,   0.927767
          2,  122,        320,        521,       10.1,        101,       5.05   ,   0.672981
          2,  123,        912,        252,       10.1,        101,       5.05   ,   0.661454
          2,  124,        870,        157,       10.1,        101,       5.05   ,   0.266115
          2,  125,        553,        397,       10.1,        101,       5.05   ,   0.181802
          2,  126,        219,        837,       10.1,        101,       5.05   ,  -0.542957
          2,  127,        100,         39,       10.1,        101,       5.05   ,    1.54829
          2,  128,        747,        986,       10.1,        101,       5.05   ,    1.56335
          2,  129,        191,        152,       10.1,        101,       5.05   ,   0.639291
          2,  130,        964,        734,       10.1,        101,       5.05   ,  -0.865554
          2,  131,        517,        643,       10.1,        101,       5.05   ,  -0.802462
          2,  132,        749,        679,       10.1,        101,       5.05   ,  -0.203502
          2,  133,        881,        608,       10.1,        101,       5.05   ,   -1.21255
          2,  134,        463,        416,       10.1,        101,       5.05   ,   0.501183
          2,  135,         63,        276,       10.1,        101,       5.05   ,   0.625713
          2,  136,        169,        756,       10.1,        101,       5.05   ,   0.289489
          2,  137,        860,        540,       10.1,        101,       5.05   ,   0.607519
          2,  138,        477,        902,       10.1,        101,       5.05   ,    -1.5131
          2,  139,        351,        846,       10.1,        101,       5.05   ,  -0.895865
          2,  140,        117,        357,       10.1,        101,       5.05   ,   -1.08156
          2,  141,        407,        431,       10.1,        101,       5.05   ,    1.46796
          2,  142,        989,         29,       10.1,        101,       5.05   ,    1.13657
          2,  143,        441,        484,       10.1,        101,       5.05   ,  -0.827026
          2,  144,        854,        515,       10.1,        101,       5.05   ,    1.05316
          2,  145,        897,        386,       10.1,        101,       5.05   ,    1.21133
          2,  146,        600,        454,       10.1,        101,       5.05   ,   -1.42842
          2,  147,         38,        576,       10.1,        101,       5.05   ,   0.997868
          2,  148,        949,        102,       10.1,        101,       5.05   ,   0.535324
          2,  149,        422,        182,       10.1,        101,       5.05   ,  -0.593164
          2,  150,         47,        913,       10.1,        101,       5.05   ,   0.158627
          2,  151,        751,        424,       10.1,        101,       5.05   ,   0.805803
          2,  152,        247,        471,       10.1,        101,       5.05   ,  -0.597992
          2,  153,        262,        109,       10.1,        101,       5.05   ,  -0.564006
          2,  154,        833,        597,       10.1,        101,       5.05   ,    1.43957
          2,  155,        329,        983,       10.1,        101,       5.05   ,    1.03552
          2,  156,         14,        899,       10.1,        101,       5.05   ,  -0.395228
          2,  157,        900,        740,       10.1,        101,       5.05   ,  -0.430477
          2,  158,        456,        580,       10.1,        101,       5.05   ,   -1.10916
          2,  159,        456,        348,       10.1,        101,       5.05   ,  -0.978501
          2,  160,        765,        727,       10.1,        101,       5.05   ,   -1.49871
          2,  161,        345,        209,       10.1,        101,       5.05   ,   0.479997
          2,  162,        508,        702,       10.1,        101,       5.05   ,  -0.368195
          2,  163,        679,        437,       10.1,        101,       5.05   ,   -1.08378
          2,  164,        881,        804,       10.1,        101,       5.05   ,    1.40596
          2,  165,        988,        944,       10.1,        101,       5.05   ,  -0.103806
          2,  166,        521,        823,       10.1,        101,       5.05   ,     1.2426
          2,  167,        438,        720,       10.1,        101,       5.05   ,   0.937679
          2,  168,        230,        149,       10.1,        101,       5.05   ,   0.787789
          2,  169,        569,        362,       10.1,        101,       5.05   ,    1.50121
          2,  170,        853,        272,       10.1,        101,       5.05   ,    1.03748
          2,  171,        101,        702,       10.1,        101,       5.05   ,   0.205754
          2,  172,        209,        878,       10.1,        101,       5.05   ,    1.31546
          2,  173,        519,        965,       10.1,        101,       5.05   , -0.0302104
          2,  174,        109,        316,       10.1,        101,       5.05   ,   0.335802
          2,  175,        289,        430,       10.1,        101,       5.05   ,   0.340234
          2,  176,        438,        239,       10.1,        101,       5.05   ,  -0.233888
          2,  177,        806,        843,       10.1,        101,       5.05   ,   0.130203
          2,  178,        666,        867,       10.1,        101,       5.05   ,   -1.12076
          2,  179,        239,        314,       10.1,        101,       5.05   ,      1.276
          2,  180,        146,        149,       10.1,        101,       5.05   ,   0.647624
          2,  181,         73,        399,       10.1,        101,       5.05   ,   0.578748
          2,  182,         60,        818,       10.1,        101,       5.05   ,    1.07237
          2,  183,        394,        978,       10.1,        101,       5.05   ,   -1.55538
          2,  184,        122,         72,       10.1,        101,       5.05   ,   0.217168
          2,  185,        650,        742,       10.1,        101,       5.05   ,  -0.627352
          2,  186,        669,        274,       10.1,        101,       5.05   ,  -0.819179
          2,  187,        417,        886,       10.1,        101,       5.05   ,     1.3852
          2,  188,        853,        571,       10.1,        101,       5.05   ,  -0.728607
          2,  189,          3,        147,       10.1,        101,       5.05   ,   0.504035
          2,  190,        264,        160,       10.1,        101,       5.05   ,   0.660484
          2,  191,        581,        338,       10.1,        101,       5.05   ,   -1.03939
          2,  192,        397,        378,       10.1,        101,       5.05   ,    1.47678
          2,  193,        551,        352,       10.1,        101,       5.05   ,   -0.98111
          2,  194,        625,        242,       10.1,        101,       5.05   ,   -1.39563
          2,  195,        647,        687,       10.1,        101,       5.05   ,   -1.23239
          2,  196,         91,         87,       10.1,        101,       5.05   ,    1.21919
          2,  197,        797,        551,       10.1,        101,       5.05   ,   -1.26119
          2,  198,        785,        807,       10.1,        101,       5.05   ,   -1.05381
          2,  199,        281,        373,       10.1,        101,       5.05   ,  -0.981286
          2,  200,        504,        709,       10.1,        101,       5.05   ,  0.0845266
          2,  201,        300,        886,       10.1,        101,       5.05   ,  -0.523608
          2,  202,        941,        723,       10.1,        101,       5.05   ,  -0.390623
          2,  203,        537,        548,       10.1,        101,       5.05   ,  -0.341804
          2,  204,        841,        107,       10.1,        101,       5.05   ,     -0.479
          2,  205,        193,        834,       10.1,        101,       5.05   ,    -1.1838
          2,  206,        488,        796,       10.1,        101,       5.05   ,    -1.0751
          2,  207,        220,        296,       10.1,        101,       5.05   ,   0.163102
          2,  208,        530,        292,       10.1,        101,       5.05   ,    1.24771
          2,  209,        908,        446,       10.1,        101,       5.05   ,   -0.24242
          2,  210,        302,        717,       10.1,        101,       5.05   ,   -1.54577
          2,  211,        439,        261,       10.1,        101,       5.05   ,   0.954801
          2,  212,        840,        796,       10.1,        101,       5.05   ,   0.297166
          2,  213,        586,        163,       10.1,        101,       5.05   ,   0.734106
          2,  214,        271,        944,       10.1,        101,       5.05   ,     1.4683
          2,  215,        392,        724,       10.1,        101,       5.05   ,    1.20982
          2,  216,        310,        553,       10.1,        101,       5.05   ,  -0.553141
          2,  217,        306,        415,       10.1,        101,       5.05   ,   -1.05579
          2,  218,        790,        149,       10.1,        101,       5.05   ,  -0.612724
          2,  219,        980,        240,       10.1,        101,       5.05   ,    1.30629
          2,  220,         31,        109,       10.1,        101,       5.05   ,     1.0827
          2,  221,        980,        751,       10.1,        101,       5.05   ,  -0.359939
          2,  222,        319,        873,       10.1,        101,       5.05   ,  0.0388906
          2,  223,        528,        684,       10.1,        101,       5.05   ,  -0.872656
          2,  224,        291,        592,       10.1,        101,       5.05   ,   0.245383
          2,  225,        933,        231,       10.1,        101,       5.05   ,   0.571312
          2,  226,        605,        781,       10.1,        101,       5.05   ,  0.0552361
          2,  227,        580,        858,       10.1,        101,       5.05   ,   -1.11395
          2,  228,        138,        341,       10.1,        101,       5.05   ,   -1.34623
          2,  229,        719,        316,       10.1,        101,       5.05   ,    1.52635
          2,  230,        465,        554,       10.1,        101,       5.05   ,-0.00800218
          2,  231,        907,        385,       10.1,        101,       5.05   ,  -0.979994
          2,  232,        874,         54,       10.1,        101,       5.05   ,  -0.540891
          2,  233,        563,        168,       10.1,        101,       5.05   ,   -1.21123
          2,  234,        341,        216,       10.1,        101,       5.05   , -0.0320189
          2,  235,        248,        422,       10.1,        101,       5.05   ,   -1.55458
          2,  236,        972,        682,       10.1,        101,       5.05   ,   -1.04745
          2,  237,        564,        314,       10.1,        101,       5.05   ,    1.26844
          2,  238,        898,        104,       10.1,        101,       5.05   ,   -1.52359
          2,  239,         51,        896,       10.1,        101,       5.05   ,   0.494653
          2,  240,        646,        971,       10.1,        101,       5.05   ,   -1.40079
          2,  241,        362,        781,       10.1,        101,       5.05   ,   0.144118
          2,  242,        718,        430,       10.1,        101,       5.05   ,    1.08636
          2,  243,        378,        785,       10.1,        101,       5.05   ,    1.51644
          2,  244,        472,        913,       10.1,        101,       5.05   ,    1.19711
          2,  245,        512,        435,       10.1,        101,       5.05   ,  -0.347463
          2,  246,        342,        143,       10.1,        101,       5.05   ,   0.638958
          2,  247,        114,        841,       10.1,        101,       5.05   ,  -0.176937
          2,  248,        501,        436,       10.1,        101,       5.05   ,   -1.44546
          2,  249,        676,        746,       10.1,        101,       5.05   ,    1.21341
          2,  250,        239,        269,       10.1,        101,       5.05   ,  -0.611449
          2,  251,        343,        624,       10.1,        101,       5.05   ,  -0.115924
          2,  252,        789,        431,       10.1,        101,       5.05   ,    1.17999
          2,  253,        272,        509,       10.1,        101,       5.05   ,   0.434603
          2,  254,        166,        827,       10.1,        101,       5.05   ,    1.27917
          2,  255,        777,        429,       10.1,        101,       5.05   ,  -0.511585
          2,  256,        583,        134,       10.1,        101,       5.05   ,   -1.23816
          2,  257,        403,        794,       10.1,        101,       5.05   ,     0.7822
          2,  258,        189,        758,       10.1,        101,       5.05   ,  -0.362614
          2,  259,        605,        114,       10.1,        101,       5.05   ,   0.896621
          2,  260,        403,        368,       10.1,        101,       5.05   , 0.00924133
          2,  261,        946,        611,       10.1,        101,       5.05   ,   0.587222
          2,  262,        309,         61,       10.1,        101,       5.05   ,     1.2902
          2,  263,        207,        605,       10.1,        101,       5.05   ,   0.465082
          2,  264,        306,        197,       10.1,        101,       5.05   ,   -1.34562
          2,  265,         87,        173,       10.1,        101,       5.05   ,   0.918746
          2,  266,        919,        146,       10.1,        101,       5.05   ,    1.41323
          2,  267,        829,        920,       10.1,        101,       5.05   ,   0.591777
          2,  268,        470,        907,       10.1,        101,       5.05   ,     1.3888
          2,  269,        706,        717,       10.1,        101,       5.05   ,   -1.06643
          2,  270,        942,        362,       10.1,        101,       5.05   ,   0.324227
          2,  271,        128,        451,       10.1,        101,       5.05   ,   0.400428
          2,  272,        115,        979,       10.1,        101,       5.05   ,   -1.49733
          2,  273,        356,        305,       10.1,        101,       5.05   ,    1.39274
          2,  274,        560,        927,       10.1,        101,       5.05   ,     1.3579
          2,  275,        525,        988,       10.1,        101,       5.05   ,   0.353321
          2,  276,        748,        490,       10.1,        101,       5.05   ,  0.0508661
          2,  277,        809,          6,       10.1,        101,       5.05   ,   -1.28159
          2,  278,        328,        414,       10.1,        101,       5.05   ,  -0.761972
          2,  279,         83,        138,       10.1,        101,       5.05   ,    1.15842
          2,  280,        604,         34,       10.1,        101,       5.05   ,   0.522474
          2,  281,        911,        126,       10.1,        101,       5.05   ,    1.02032
          2,  282,        186,        208,       10.1,        101,       5.05   ,   0.192841
          2,  283,         95,        425,       10.1,        101,       5.05   ,    1.47044
          2,  284,        164,        533,       10.1,        101,       5.05   ,   0.683109
          2,  285,        609,         29,       10.1,        101,       5.05   ,   0.134836
          2,  286,        167,         93,       10.1,        101,       5.05   ,  -0.108329
          2,  287,        371,        614,       10.1,        101,       5.05   ,   0.156871
          2,  288,        164,        590,       10.1,        101,       5.05   ,   -1.47159
          2,  289,        675,        961,       10.1,        101,       5.05   ,  -0.842897
          2,  290,        262,        915,       10.1,        101,       5.05   ,    -1.3174
          2,  291,        550,        840,       10.1,        101,       5.05   ,   0.518682
          2,  292,        636,        867,       10.1,        101,       5.05   ,   0.210112
          2,  293,        906,        751,       10.1,        101,       5.05   ,   0.585971
          2,  294,        377,        586,       10.1,        101,       5.05   ,    1.30344
          2,  295,        638,        307,       10.1,        101,       5.05   ,    1.19751
          2,  296,        918,        571,       10.1,        101,       5.05   ,   0.846621
          2,  297,        228,        956,       10.1,        101,       5.05   ,   -1.26661
          2,  298,        528,         92,       10.1,        101,       5.05   ,  -0.534418
          2,  299,        841,        549,       10.1,        101,       5.05   ,   0.491844
          2,  300,        586,         22,       10.1,        101,       5.05   ,  -0.669034
          2,  301,        609,        251,       10.1,        101,       5.05   ,   0.353186
          2,  302,        139,        136,       10.1,        101,       5.05   ,   -1.03508
          2,  303,        587,        763,       10.1,        101,       5.05   ,  0.0577726
          2,  304,        255,        438,       10.1,        101,       5.05   ,   0.320387
          2,  305,        209,        733,       10.1,        101,       5.05   ,   0.826034
          2,  306,        610,        932,       10.1,        101,       5.05   ,  -0.998014
          2,  307,        437,         89,       10.1,        101,       5.05   ,    1.18259
          2,  308,        443,         66,       10.1,        101,       5.05   ,    0.20361
          2,  309,        269,        830,       10.1,        101,       5.05   ,   0.046736
          2,  310,        669,        614,       10.1,        101,       5.05   ,    1.43891
          2,  311,        596,        604,       10.1,        101,       5.05   ,   0.015008
          2,  312,        661,        688,       10.1,        101,       5.05   ,   0.736565
          2,  313,        771,        189,       10.1,        101,       5.05   ,   0.860349
          2,  314,        483,        876,       10.1,        101,       5.05   ,   0.749702
          2,  315,        688,        916,       10.1,        101,       5.05   ,    1.04056
          2,  316,        208,        432,       10.1,        101,       5.05   ,   0.439594
          2,  317,        907,         15,       10.1,        101,       5.05   ,   -1.53684
          2,  318,        646,        396,       10.1,        101,       5.05   ,    1.03517
          2,  319,        646,        376,       10.1,        101,       5.05   ,  -0.386116
          2,  320,        149,        427,       10.1,        101,       5.05   ,   0.393985
          2,  321,        324,        550,       10.1,        101,       5.05   ,   0.710909
          2,  322,        630,        914,       10.1,        101,       5.05   ,     1.1415
          2,  323,        534,        608,       10.1,        101,       5.05   ,    1.23406
          2,  324,        267,         26,       10.1,        101,       5.05   ,   -1.37763
          2,  325,        990,        554,       10.1,        101,       5.05   ,    1.29498
          2,  326,        169,        829,       10.1,        101,       5.05   ,    1.32078
          2,  327,        896,        451,       10.1,        101,       5.05   ,   -1.39737
          2,  328,        333,        131,       10.1,        101,       5.05   ,  -0.437792
          2,  329,        246,        393,       10.1,        101,       5.05   ,  -0.354127
          2,  330,        346,        413,       10.1,        101,       5.05   ,   0.273854
          2,  331,        313,        736,       10.1,        101,       5.05   ,    1.09497
          2,  332,        937,        489,       10.1,        101,       5.05   ,   -0.63996
          2,  333,        233,        658,       10.1,        101,       5.05   ,   -1.26567
          2,  334,        241,        727,       10.1,        101,       5.05   ,   -1.03985
          2,  335,        457,         75,       10.1,        101,       5.05   ,  -0.190119
          2,  336,        229,        900,       10.1,        101,       5.05   ,  -0.236791
          2,  337,         60,         26,       10.1,        101,       5.05   ,   0.742961
          2,  338,         36,        372,       10.1,        101,       5.05   ,   -0.85418
          2,  339,        711,        994,       10.1,        101,       5.05   ,   -1.10866
          2,  340,        277,         86,       10.1,        101,       5.05   ,  -0.249352
          2,  341,        538,        511,       10.1,        101,       5.05   ,   -1.07475
          2,  342,         77,        899,       10.1,        101,       5.05   ,   0.385412
          2,  343,        525,        970,       10.1,        101,       5.05   ,    1.42659
          2,  344,        864,        519,       10.1,        101,       5.05   ,  -0.258544
          2,  345,        189,        663,       10.1,        101,       5.05   ,   -1.17346
          2,  346,        640,        481,       10.1,        101,       5.05   ,   0.206201
          2,  347,        689,        772,       10.1,        101,       5.05   ,    -1.2331
          2,  348,        281,        538,       10.1,        101,       5.05   ,   -1.24887
          2,  349,         72,        249,       10.1,        101,       5.05   ,  -0.636032
          2,  350,        651,        935,       10.1,        101,       5.05   ,   0.917972
          2,  351,        756,        920,       10.1,        101,       5.05   , -0.0122688
          2,  352,        584,        434,       10.1,        101,       5.05   ,  0.0445072
          2,  353,        936,        880,       10.1,        101,       5.05   ,  0.0622862
          2,  354,        592,        853,       10.1,        101,       5.05   ,  -0.518488
          2,  355,        765,        680,       10.1,        101,       5.05   ,    1.33512
          2,  356,        535,         59,       10.1,        101,       5.05   ,  -0.837143
          2,  357,        544,        164,       10.1,        101,       5.05   ,    0.97955
          2,  358,        802,        350,       10.1,        101,       5.05   ,   -1.48125
          2,  359,        625,         25,       10.1,        101,       5.05   ,   0.490366
          2,  360,        812,        893,       10.1,        101,       5.05   ,  -0.409133
          2,  361,        549,        735,       10.1,        101,       5.05   ,   -0.84112
          2,  362,        394,        217,       10.1,        101,       5.05   ,    -1.4505
          2,  363,        650,        121,       10.1,        101,       5.05   , -0.0697243
          2,  364,        759,        559,       10.1,        101,       5.05   ,    1.01381
          2,  365,        191,        316,       10.1,        101,       5.05   ,  -0.668895
          2,  366,        253,        482,       10.1,        101,       5.05   ,  -0.161733
          2,  367,        690,        931,       10.1,        101,       5.05   ,   0.824926
          2,  368,        627,        449,       10.1,        101,       5.05   ,  -0.288626
          2,  369,        408,        872,       10.1,        101,       5.05   ,  -0.502787
          2,  370,        843,        437,       10.1,        101,       5.05   ,   0.750976
          2,  371,        201,        262,       10.1,        101,       5.05   ,   -1.28667
          2,  372,        102,        576,       10.1,        101,       5.05   ,   0.176074
          2,  373,          1,         15,       10.1,        101,       5.05   ,    1.12989
          2,  374,        498,        826,       10.1,        101,       5.05   ,   0.361268
          2,  375,        825,        212,       10.1,        101,       5.05   ,-0.00857641
          2,  376,        893,        127,       10.1,        101,       5.05   ,    1.09856
          2,  377,        552,        892,       10.1,        101,       5.05   ,   -1.32895
          2,  378,        782,        719,       10.1,        101,       5.05   ,  -0.375742
          2,  379,        691,        465,       10.1,        101,       5.05   ,    0.82508
          2,  380,         36,        782,       10.1,        101,       5.05   ,   0.665275
          2,  381,        669,        752,       10.1,        101,       5.05   ,    1.06691
          2,  382,        500,        790,       10.1,        101,       5.05   ,   0.755204
          2,  383,        697,        793,       10.1,        101,       5.05   ,   -1.30204
          2,  384,        949,        888,       10.1,        101,       5.05   ,    1.17355
          2,  385,         61,        563,       10.1,        101,       5.05   ,   -1.43991
          2,  386,        478,        320,       10.1,        101,       5.05   ,   0.683464
          2,  387,        453,        165,       10.1,        101,       5.05   ,   -1.57038
          2,  388,        146,        345,       10.1,        101,       5.05   ,   0.974714
          2,  389,        762,        157,       10.1,        101,       5.05   ,   -1.42932
          2,  390,        727,        748,       10.1,        101,       5.05   ,   0.524203
          2,  391,        870,        768,       10.1,        101,       5.05   ,   0.720484
          2,  392,        765,        127,       10.1,        101,       5.05   ,    1.33186
          2,  393,        810,        836,       10.1,        101,       5.05   ,   0.807672
          2,  394,         81,        979,       10.1,        101,       5.05   , -0.0134592
          2,  395,        777,        653,       10.1,        101,       5.05   ,  -0.989486
          2,  396,        640,        421,       10.1,        101,       5.05   ,  0.0121543
          2,  397,        434,        529,       10.1,        101,       5.05   ,  -0.796331
          2,  398,        948,        562,       10.1,        101,       5.05   ,   0.504684
          2,  399,        595,        167,       10.1,        101,       5.05   ,  -0.809668
          2,  400,         32,        297,       10.1,        101,       5.05   ,   0.442474
          2,  401,        790,        130,       10.1,        101,       5.05   ,   -1.27684
          2,  402,         79,        670,       10.1,        101,       5.05   ,  -0.937513
          2,  403,        611,        387,       10.1,        101,       5.05   ,   0.448392
          2,  404,         18,        774,       10.1,        101,       5.05   ,    1.31573
          2,  405,        405,        199,       10.1,        101,       5.05   ,  -0.832425
          2,  406,        430,        633,       10.1,        101,       5.05   ,   0.541991
          2,  407,        599,        541,       10.1,        101,       5.05   ,   -1.30324
          2,  408,        200,        190,       10.1,        101,       5.05   ,  -0.932681
          2,  409,        231,        830,       10.1,        101,       5.05   ,  -0.207414
          2,  410,        521,        690,       10.1,        101,       5.05   ,    0.39333
          2,  411,        960,         50,       10.1,        101,       5.05   ,    1.30107
          2,  412,        513,        592,       10.1,        101,       5.05   ,   0.456706
          2,  413,        239,        886,       10.1,        101,       5.05   ,  0.0819579
          2,  414,         75,        928,       10.1,        101,       5.05   ,   -1.54343
          2,  415,        452,        854,       10.1,        101,       5.05   ,  -0.876264
          2,  416,        288,        926,       10.1,        101,       5.05   ,   0.586176
          2,  417,         93,        806,       10.1,        101,       5.05   ,    1.00397
          2,  418,        483,        796,       10.1,        101,       5.05   ,   -1.44701
          2,  419,        451,        621,       10.1,        101,       5.05   ,   -1.35465
          2,  420,        556,        886,       10.1,        101,       5.05   ,   -1.16723
          2,  421,        481,        897,       10.1,        101,       5.05   ,   -1.41952
          2,  422,        565,        672,       10.1,        101,       5.05   ,    1.18186
          2,  423,        469,        238,       10.1,        101,       5.05   ,   0.950852
          2,  424,        525,        584,       10.1,        101,       5.05   ,  -0.984488
          2,  425,        322,        259,       10.1,        101,       5.05   ,  -0.942929
          2,  426,        944,        895,       10.1,        101,       5.05   ,     1.1979
          2,  427,         89,        909,       10.1,        101,       5.05   ,  -0.232475
          2,  428,        539,        312,       10.1,        101,       5.05   ,  -0.793989
          2,  429,         93,         23,       10.1,        101,       5.05   ,  0.0519145
          2,  430,        962,        473,       10.1,        101,       5.05   ,    1.21109
          2,  431,        873,        352,       10.1,        101,       5.05   ,  -0.909888
          2,  432,         99,        682,       10.1,        101,       5.05   ,   -0.14283
          2,  433,        625,        652,       10.1,        101,       5.05   ,   -0.62828
          2,  434,        527,        503,       10.1,        101,       5.05   ,   -1.07437
          2,  435,        710,        935,       10.1,        101,       5.05   ,   -1.07258
          2,  436,        462,        595,       10.1,        101,       5.05   ,   -1.53591
          2,  437,        913,        640,       10.1,        101,       5.05   ,    1.09423
          2,  438,        611,        127,       10.1,        101,       5.05   ,   -1.23102
          2,  439,        250,        499,       10.1,        101,       5.05   , -0.0189288
          2,  440,        282,        180,       10.1,        101,       5.05   ,  -0.294351
          2,  441,        820,        497,       10.1,        101,       5.05   ,   -1.11122
          2,  442,        841,         53,       10.1,        101,       5.05   ,  0.0966025
          2,  443,        173,        816,       10.1,        101,       5.05   ,  -0.702281
          2,  444,        262,         71,       10.1,        101,       5.05   ,  -0.264605
          2,  445,        586,        917,       10.1,        101,       5.05   ,   -1.02637
          2,  446,         35,        418,       10.1,        101,       5.05   ,    1.54214
          2,  447,        810,        814,       10.1,        101,       5.05   ,   0.149299
          2,  448,        499,        193,       10.1,        101,       5.05   ,   0.418269
          2,  449,        492,        443,       10.1,        101,       5.05   ,   -1.38725
          2,  450,        947,        842,       10.1,        101,       5.05   ,   -1.00827
          2,  451,        472,        454,       10.1,        101,       5.05   ,  -0.549154
          2,  452,        883,        159,       10.1,        101,       5.05   ,   -1.11499
          2,  453,        332,        784,       10.1,        101,       5.05   ,   -1.56935
          2,  454,         13,        984,       10.1,        101,       5.05   ,  0.0590243
          2,  455,        762,        226,       10.1,        101,       5.05   ,      1.529
          2,  456,        135,        108,       10.1,        101,       5.05   ,  -0.764218
          2,  457,        943,        112,       10.1,        101,       5.05   ,   0.553963
          2,  458,        927,        453,       10.1,        101,       5.05   ,  -0.514104
          2,  459,        967,        857,       10.1,        101,       5.05   ,  -0.322161
          2,  460,        157,        863,       10.1,        101,       5.05   ,    -0.1014
          2,  461,        845,        214,       10.1,        101,       5.05   ,  -0.230592
          2,  462,        555,        126,       10.1,        101,       5.05   ,    0.55504
          2,  463,         67,        989,       10.1,        101,       5.05   ,   -1.39295
          2,  464,        557,        525,       10.1,        101,       5.05   ,  -0.392026
          2,  465,        331,        389,       10.1,        101,       5.05   ,    -0.5581
          2,  466,        200,        289,       10.1,        101,       5.05   ,   0.192693
          2,  467,        776,         45,       10.1,        101,       5.05   ,   -1.27353
          2,  468,        258,        645,       10.1,        101,       5.05   ,   -1.10839
          2,  469,        394,        134,       10.1,        101,       5.05   ,   0.721887
          2,  470,        983,        554,       10.1,        101,       5.05   ,   -1.07656
          2,  471,        548,        616,       10.1,        101,       5.05   ,    1.17549
          2,  472,         22,        649,       10.1,        101,       5.05   ,   0.270852
          2,  473,        423,        849,       10.1,        101,       5.05   ,   0.219389
          2,  474,        114,        642,       10.1,        101,       5.05   ,   -0.86573
          2,  475,        817,        383,       10.1,        101,       5.05   ,  0.0565891
          2,  476,         31,         76,       10.1,        101,       5.05   ,  -0.725213
          2,  477,        382,        338,       10.1,        101,       5.05   ,    1.19892
          2,  478,        655,        992,       10.1,        101,       5.05   , -0.0650024
          2,  479,        523,        937,       10.1,        101,       5.05   ,  -0.505864
          2,  480,        618,        211,       10.1,        101,       5.05   ,    1.32018
          2,  481,        549,        823,       10.1,        101,       5.05   , -0.0677644
          2,  482,        760,        781,       10.1,        101,       5.05   ,   -1.45133
          2,  483,         36,        151,       10.1,        101,       5.05   ,  -0.337939
          2,  484,        459,        413,       10.1,        101,       5.05   ,   -1.24125
          2,  485,        738,        442,       10.1,        101,       5.05   ,  -0.770306
          2,  486,        108,        506,       10.1,        101,       5.05   ,  -0.207312
          2,  487,        370,        662,       10.1,        101,       5.05   ,  -0.267727
          2,  488,          5,         11,       10.1,        101,       5.05   ,  -0.211148
          2,  489,        659,        756,       10.1,        101,       5.05   ,  -0.700309
          2,  490,        844,        107,       10.1,        101,       5.05   ,   -1.31798
          2,  491,        890,        775,       10.1,        101,       5.05   ,  -0.291794
          2,  492,        821,        849,       10.1,        101,       5.05   ,  -0.955915
          2,  493,        768,        228,       10.1,        101,       5.05   ,   0.409007
          2,  494,        230,         24,       10.1,        101,       5.05   ,   -1.20724
          2,  495,        472,        203,       10.1,        101,       5.05   ,  -0.932628
          2,  496,        200,        557,       10.1,        101,       5.05   ,   0.694379
          2,  497,        239,        158,       10.1,        101,       5.05   ,   0.578223
          2,  498,        741,        145,       10.1,        101,       5.05   , -0.0938484
          2,  499,        983,        565,       10.1,        101,       5.05   ,   -1.15654
          2,  500,        906,        791,       10.1,        101,       5.05   ,   -1.34933
          2,  501,        527,         42,       10.1,        101,       5.05   ,  -0.641973
          2,  502,        923,        107,       10.1,        101,       5.05   ,    1.13713
          2,  503,         54,        795,       10.1,        101,       5.05   ,   0.482024
          2,  504,        763,        581,       10.1,        101,       5.05   ,    1.14517
          2,  505,        925,        696,       10.1,        101,       5.05   ,  -0.386526
          2,  506,         97,        937,       10.1,        101,       5.05   ,  -0.746261
          2,  507,        983,        166,       10.1,        101,       5.05   ,    0.35292
          2,  508,        974,        146,       10.1,        101,       5.05   ,    1.44766
          2,  509,        304,        197,       10.1,        101,       5.05   ,  -0.948146
          2,  510,        802,        897,       10.1,        101,       5.05   ,  -0.629732
          2,  511,        208,        441,       10.1,        101,       5.05   , -0.0312278
          2,  512,        780,        690,       10.1,        101,       5.05   ,  0.0694968
          2,  513,        847,        158,       10.1,        101,       5.05   ,   0.234186
          2,  514,        956,        350,       10.1,        101,       5.05   ,   0.910836
          2,  515,        728,        921,       10.1,        101,       5.05   ,  -0.514983
          2,  516,        134,        995,       10.1,        101,       5.05   ,  -0.464824
          2,  517,        464,        926,       10.1,        101,       5.05   ,   0.597586
          2,  518,        887,        259,       10.1,        101,       5.05   ,    1.33352
          2,  519,        377,        185,       10.1,        101,       5.05   ,   -1.24847
          2,  520,        898,        933,       10.1,        101,       5.05   ,  0.0144857
          2,  521,         71,        121,       10.1,        101,       5.05   ,    1.21266
          2,  522,         54,        510,       10.1,        101,       5.05   ,   0.672968
          2,  523,        517,        443,       10.1,        101,       5.05   ,  -0.831569
          2,  524,        583,        510,       10.1,        101,       5.05   ,  -0.270162
          2,  525,        781,        385,       10.1,        101,       5.05   ,  -0.594297
          2,  526,        573,        689,       10.1,        101,       5.05   ,    1.16999
          2,  527,        490,        878,       10.1,        101,       5.05   ,   0.507046
          2,  528,        382,        509,       10.1,        101,       5.05   ,    1.01924
          2,  529,        705,        819,       10.1,        101,       5.05   ,  -0.361545
          2,  530,        721,        253,       10.1,        101,       5.05   ,   -1.43733
          2,  531,        856,        548,       10.1,        101,       5.05   ,   0.275497
          2,  532,        200,        355,       10.1,        101,       5.05   ,   0.309273
          2,  533,        926,        167,       10.1,        101,       5.05   ,     1.3543
          2,  534,        819,        374,       10.1,        101,       5.05   ,  -0.346545
          2,  535,         98,        376,       10.1,        101,       5.05   ,    1.48065
          2,  536,        652,        673,       10.1,        101,       5.05   ,  -0.409126
          2,  537,        788,        171,       10.1,        101,       5.05   ,  -0.106346
          2,  538,        599,        864,       10.1,        101,       5.05   ,   -1.41358
          2,  539,        134,        113,       10.1,        101,       5.05   ,   -1.44191
          2,  540,        756,        259,       10.1,        101,       5.05   ,   -1.12844
          2,  541,        910,        634,       10.1,        101,       5.05   , -0.0158397
          2,  542,        232,        256,       10.1,        101,       5.05   ,    0.89264
          2,  543,        828,        750,       10.1,        101,       5.05   ,   -1.17241
          2,  544,        381,        830,       10.1,        101,       5.05   ,   0.479459
          2,  545,        225,         21,       10.1,        101,       5.05   ,  -0.519743
          2,  546,        916,        229,       10.1,        101,       5.05   ,  -0.713724
          2,  547,        963,        212,       10.1,        101,       5.05   ,   -0.95589
          2,  548,        245,        821,       10.1,        101,       5.05   ,  -0.092681
          2,  549,        600,        328,       10.1,        101,       5.05   ,   -1.43305
          2,  550,        733,        502,       10.1,        101,       5.05   ,   0.768282
          2,  551,        832,        679,       10.1,        101,       5.05   ,    1.33097
          2,  552,        267,        224,       10.1,        101,       5.05   ,  -0.567049
          2,  553,        146,        708,       10.1,        101,       5.05   ,   0.631331
          2,  554,        886,        316,       10.1,        101,       5.05   ,    1.18898
          2,  555,        959,        473,       10.1,        101,       5.05   ,    0.96818
          2,  556,        507,        680,       10.1,        101,       5.05   ,  -0.513889
          2,  557,        406,        732,       10.1,        101,       5.05   ,   -1.56676
          2,  558,        514,        157,       10.1,        101,       5.05   ,   0.282542
          2,  559,        527,        571,       10.1,        101,       5.05   ,  -0.920301
          2,  560,        986,        952,       10.1,        101,       5.05   ,   0.245074
          2,  561,        897,        874,       10.1,        101,       5.05   ,   0.826869
          2,  562,        657,        883,       10.1,        101,       5.05   ,    1.30928
          2,  563,        939,        662,       10.1,        101,       5.05   ,  -0.944413
          2,  564,        783,        756,       10.1,        101,       5.05   ,    1.44426
          2,  565,        626,        210,       10.1,        101,       5.05   ,  -0.328863
          2,  566,        177,        935,       10.1,        101,       5.05   ,   -0.58978
          2,  567,        902,        912,       10.1,        101,       5.05   ,   -1.11475
          2,  568,        150,         74,       10.1,        101,       5.05   ,   0.403047
          2,  569,        547,        986,       10.1,        101,       5.05   ,   0.291194
          2,  570,        438,        677,       10.1,        101,       5.05   ,   0.736539
          2,  571,        416,         92,       10.1,        101,       5.05   ,    1.53193
          2,  572,        154,         82,       10.1,        101,       5.05   ,   0.785527
          2,  573,        417,        125,       10.1,        101,       5.05   ,    0.40807
          2,  574,        977,        149,       10.1,        101,       5.05   ,   -1.15223
          2,  575,        635,        462,       10.1,        101,       5.05   ,  0.0280769
          2,  576,        605,          7,       10.1,        101,       5.05   ,      1.286
          2,  577,        984,        897,       10.1,        101,       5.05   ,    1.17072
          2,  578,        221,        615,       10.1,        101,       5.05   ,  0.0535262
          2,  579,        744,        152,       10.1,        101,       5.05   ,   0.867655
          2,  580,        831,        943,       10.1,        101,       5.05   ,  -0.511335
          2,  581,        243,        617,       10.1,        101,       5.05   ,   -1.45677
          2,  582,        409,        778,       10.1,        101,       5.05   ,   -1.21484
          2,  583,        731,        895,       10.1,        101,       5.05   ,   -1.01756
          2,  584,        942,        575,       10.1,        101,       5.05   ,   -1.17167
          2,  585,        971,        279,       10.1,        101,       5.05   ,   0.782305
          2,  586,        877,        553,       10.1,        101,       5.05   ,  -0.828318
          2,  587,        874,         31,       10.1,        101,       5.05   ,  -0.984312
          2,  588,        676,        222,       10.1,        101,       5.05   ,  -0.923394
          2,  589,        525,        507,       10.1,        101,       5.05   ,   0.407006
          2,  590,         30,        520,       10.1,        101,       5.05   ,  -0.533116
          2,  591,        467,        853,       10.1,        101,       5.05   ,    1.40907
          2,  592,        200,        269,       10.1,        101,       5.05   ,   0.993217
          2,  593,        679,        405,       10.1,        101,       5.05   ,   0.206349
          2,  594,        959,        820,       10.1,        101,       5.05   ,   0.405207
          2,  595,        359,        128,       10.1,        101,       5.05   ,   0.487824
          2,  596,        913,        190,       10.1,        101,       5.05   ,   0.981423
          2,  597,        158,        589,       10.1,        101,       5.05   ,   -1.14245
          2,  598,        789,        796,       10.1,        101,       5.05   ,  -0.525843
          2,  599,        123,        399,       10.1,        101,       5.05   ,   0.153102
          2,  600,        901,        746,       10.1,        101,       5.05   ,  -0.410647
          2,  601,        934,        712,       10.1,        101,       5.05   ,   -1.43462
          2,  602,        924,        395,       10.1,        101,       5.05   ,   -1.41315
          2,  603,        332,        273,       10.1,        101,       5.05   ,  -0.893585
          2,  604,        273,        332,       10.1,        101,       5.05   ,   0.910784
          2,  605,         25,         50,       10.1,        101,       5.05   ,  -0.939826
          2,  606,        350,        132,       10.1,        101,       5.05   ,    0.95025
          2,  607,        713,        389,       10.1,        101,       5.05   ,   0.864552
          2,  608,        644,        826,       10.1,        101,       5.05   ,    1.40847
          2,  609,        342,        981,       10.1,        101,       5.05   ,   0.059514
          2,  610,         29,        354,       10.1,        101,       5.05   , -0.0180138
          2,  611,        382,        936,       10.1,        101,       5.05   ,  -0.510479
          2,  612,        165,        941,       10.1,        101,       5.05   ,  -0.349454
          2,  613,        893,        284,       10.1,        101,       5.05   ,    1.48387
          2,  614,        433,         55,       10.1,        101,       5.05   ,   -1.46848
          2,  615,        659,        186,       10.1,        101,       5.05   ,    -1.3393
          2,  616,        717,        912,       10.1,        101,       5.05   ,   0.585039
          2,  617,        253,        695,       10.1,        101,       5.05   ,    1.20056
          2,  618,        174,        184,       10.1,        101,       5.05   ,     1.3181
          2,  619,        785,        394,       10.1,        101,       5.05   ,   -1.24895
          2,  620,        404,        745,       10.1,        101,       5.05   ,   0.495906
          2,  621,        426,        574,       10.1,        101,       5.05   ,   0.223438
          2,  622,        865,        246,       10.1,        101,       5.05   ,   0.539799
          2,  623,        137,        157,       10.1,        101,       5.05   ,    1.39904
          2,  624,        144,         66,       10.1,        101,       5.05   ,  0.0721281
          2,  625,        672,        134,       10.1,        101,       5.05   ,  -0.748324
          2,  626,        466,        586,       10.1,        101,       5.05   ,  -0.589739
          2,  627,        990,          4,       10.1,        101,       5.05   ,   0.307642
          2,  628,        140,        820,       10.1,        101,       5.05   ,   -1.06963
          2,  629,        680,          9,       10.1,        101,       5.05   ,  -0.689058
          2,  630,         26,        779,       10.1,        101,       5.05   ,   0.988825
          2,  631,        539,        169,       10.1,        101,       5.05   ,    -1.5537
          2,  632,         20,          1,       10.1,        101,       5.05   ,   0.766251
          2,  633,        565,         78,       10.1,        101,       5.05   ,   -1.55852
          2,  634,        809,        102,       10.1,        101,       5.05   ,   -1.53933
          2,  635,        722,        907,       10.1,        101,       5.05   ,  -0.264693
          2,  636,        555,         11,       10.1,        101,       5.05   ,   0.453368
          2,  637,         10,        254,       10.1,        101,       5.05   ,   -1.51909
          2,  638,        355,        431,       10.1,        101,       5.05   ,    1.04456
          2,  639,        419,        658,       10.1,        101,       5.05   ,    1.00308
          2,  640,        353,        562,       10.1,        101,       5.05   ,    1.22518
          2,  641,          2,        261,       10.1,        101,       5.05   ,   0.585213
          2,  642,        746,        121,       10.1,        101,       5.05   ,    1.51616
          2,  643,        810,        890,       10.1,        101,       5.05   , -0.0632314
          2,  644,        293,         15,       10.1,        101,       5.05   ,   0.461086
          2,  645,        302,        932,       10.1,        101,       5.05   ,  -0.889962
          2,  646,        579,        222,       10.1,        101,       5.05   ,    1.34425
          2,  647,        118,        698,       10.1,        101,       5.05   ,   -1.28924
          2,  648,         26,        430,       10.1,        101,       5.05   ,   0.155146
          2,  649,        910,        402,       10.1,        101,       5.05   ,    1.19986
          2,  650,        723,        663,       10.1,        101,       5.05   ,   0.176147
          2,  651,        504,        224,       10.1,        101,       5.05   , -0.0694074
          2,  652,        561,        141,       10.1,        101,       5.05   ,    1.55113
          2,  653,        912,        540,       10.1,        101,       5.05   ,    1.08647
          2,  654,        448,        314,       10.1,        101,       5.05   ,  -0.432429
          2,  655,        358,        371,       10.1,        101,       5.05   ,   0.180372
          2,  656,        341,        885,       10.1,        101,       5.05   ,     1.2227
          2,  657,        348,        403,       10.1,        101,       5.05   ,    0.71102
          2,  658,        638,        745,       10.1,        101,       5.05   ,  -0.826072
          2,  659,        504,         90,       10.1,        101,       5.05   ,    1.27989
          2,  660,        416,        896,       10.1,        101,       5.05   ,    1.42895
          2,  661,        314,        916,       10.1,        101,       5.05   ,   -1.00385
          2,  662,        940,        282,       10.1,        101,       5.05   ,    0.39448
          2,  663,        764,        198,       10.1,        101,       5.05   ,   0.844945
          2,  664,        601,        573,       10.1,        101,       5.05   ,  -0.841007
          2,  665,        933,        627,       10.1,        101,       5.05   ,   0.764565
          2,  666,        841,         39,       10.1,        101,       5.05   ,   -1.35995
          2,  667,        494,        960,       10.1,        101,       5.05   ,   -1.52938
          2,  668,        903,        885,       10.1,        101,       5.05   ,   -1.02231
          2,  669,        468,        672,       10.1,        101,       5.05   ,    1.01295
          2,  670,        744,        616,       10.1,        101,       5.05   ,   0.835171
          2,  671,         80,        560,       10.1,        101,       5.05   ,  -0.372607
          2,  672,        982,        663,       10.1,        101,       5.05   ,   0.351369
          2,  673,          8,        345,       10.1,        101,       5.05   ,   0.674639
          2,  674,         76,        480,       10.1,        101,       5.05   ,  -0.932731
          2,  675,        782,        991,       10.1,        101,       5.05   ,  0.0917948
          2,  676,        214,        963,       10.1,        101,       5.05   ,  0.0623624
------------------------------------------------------------------------------
Component[2] Total Sloped Parallelepiped = 676