Component 1 maximum area=0.326731 [on 1000x1000]
Component type: Ellipse
---------------------------------------------------------------------------------------
--------------|------- Center-----|----- dimensions---------|----------------------
component| id|    X       |     Y      |  Width/a     | height/b |   hoop   |   Slope   
---------------------------------------------------------------------------------------
          1,    1,        290,        380,       50.5,       50.5,      2.525   ,    1.56062
          1,    2,        471,        653,       50.5,       50.5,      2.525   ,   0.273929
          1,    3,        279,        691,       50.5,       50.5,      2.525   ,   0.841129
          1,    4,        679,        528,       50.5,       50.5,      2.525   ,   0.197712
          1,    5,         81,        858,       50.5,       50.5,      2.525   ,-0.00901351
          1,    6,        885,        335,       50.5,       50.5,      2.525   ,    1.46304
          1,    7,        112,        961,       50.5,       50.5,      2.525   ,   -1.28645
          1,    8,        839,        698,       50.5,       50.5,      2.525   ,   0.729888
          1,    9,        568,         42,       50.5,       50.5,      2.525   ,    1.44172
          1,   10,        744,        392,       50.5,       50.5,      2.525   ,  -0.670559
          1,   11,        358,        208,       50.5,       50.5,      2.525   ,  0.0734221
          1,   12,        828,        695,       50.5,       50.5,      2.525   ,    1.04051
          1,   13,        111,        142,       50.5,       50.5,      2.525   ,  -0.810755
          1,   14,        133,        935,       50.5,       50.5,      2.525   , -0.0664865
          1,   15,        153,        486,       50.5,       50.5,      2.525   ,    1.48306
          1,   16,        181,        493,       50.5,       50.5,      2.525   ,   -1.42134
          1,   17,        919,         40,       50.5,       50.5,      2.525   ,   0.924838
          1,   18,        496,        757,       50.5,       50.5,      2.525   ,  -0.722759
          1,   19,        488,        334,       50.5,       50.5,      2.525   ,   -1.12982
          1,   20,        826,        706,       50.5,       50.5,      2.525   ,   0.337388
          1,   21,         52,        515,       50.5,       50.5,      2.525   ,  -0.517357
          1,   22,        972,        980,       50.5,       50.5,      2.525   ,  -0.785692
          1,   23,        932,        707,       50.5,       50.5,      2.525   ,  -0.423419
          1,   24,        524,        903,       50.5,       50.5,      2.525   ,   0.403941
          1,   25,        313,        272,       50.5,       50.5,      2.525   ,   0.114982
          1,   26,        936,        126,       50.5,       50.5,      2.525   ,   -1.41971
          1,   27,        222,        343,       50.5,       50.5,      2.525   ,  -0.586641
          1,   28,          4,        189,       50.5,       50.5,      2.525   ,   0.870148
          1,   29,        213,         61,       50.5,       50.5,      2.525   ,    1.28857
          1,   30,        497,        350,       50.5,       50.5,      2.525   ,  -0.955178
          1,   31,        626,        401,       50.5,       50.5,      2.525   ,   0.445781
          1,   32,        573,        424,       50.5,       50.5,      2.525   ,  -0.441588
          1,   33,        548,        792,       50.5,       50.5,      2.525   ,   0.891755
          1,   34,        610,        808,       50.5,       50.5,      2.525   ,  -0.436357
          1,   35,        698,         24,       50.5,       50.5,      2.525   ,    1.41966
          1,   36,        450,        304,       50.5,       50.5,      2.525   ,   0.637321
          1,   37,        829,        495,       50.5,       50.5,      2.525   ,   0.873224
          1,   38,        595,        849,       50.5,       50.5,      2.525   ,    -1.1745
          1,   39,        831,        155,       50.5,       50.5,      2.525   ,  -0.705864
          1,   40,        716,        669,       50.5,       50.5,      2.525   ,    1.31051
          1,   41,        126,        864,       50.5,       50.5,      2.525   ,  -0.412149
          1,   42,        615,        304,       50.5,       50.5,      2.525   ,  -0.569911
          1,   43,        647,        498,       50.5,       50.5,      2.525   ,  -0.173271
          1,   44,        962,         27,       50.5,       50.5,      2.525   ,  -0.172101
          1,   45,        281,        252,       50.5,       50.5,      2.525   ,   -1.29639
          1,   46,        822,        850,       50.5,       50.5,      2.525   ,  -0.695479
          1,   47,        264,        246,       50.5,       50.5,      2.525   ,    0.58606
          1,   48,         21,        953,       50.5,       50.5,      2.525   ,   0.912351
          1,   49,        353,        610,       50.5,       50.5,      2.525   ,   -1.38024
          1,   50,        614,        870,       50.5,       50.5,      2.525   ,  -0.603572
          1,   51,        372,        746,       50.5,       50.5,      2.525   ,  -0.824206
          1,   52,        725,         34,       50.5,       50.5,      2.525   ,  -0.915822
          1,   53,        941,        557,       50.5,       50.5,      2.525   ,  -0.906578
------------------------------------------------------------------------------
Component[1] Total Ellipsoids = 53