Component 1 maximum area=0.326731 [on 1000x1000]
Component type: Ellipse
---------------------------------------------------------------------------------------
--------------|------- Center-----|----- dimensions---------|----------------------
component| id|    X       |     Y      |  Width/a     | height/b |   hoop   |   Slope   
---------------------------------------------------------------------------------------
          1,    1,        616,        763,       50.5,       50.5,      2.525   ,   0.973826
          1,    2,        516,        781,       50.5,       50.5,      2.525   ,    -1.0156
          1,    3,        112,        400,       50.5,       50.5,      2.525   ,  -0.215849
          1,    4,          1,         52,       50.5,       50.5,      2.525   ,  -0.400716
          1,    5,        403,        297,       50.5,       50.5,      2.525   ,  -0.730378
          1,    6,        630,        272,       50.5,       50.5,      2.525   ,    0.49091
          1,    7,        856,        169,       50.5,       50.5,      2.525   ,    1.15783
          1,    8,        939,        116,       50.5,       50.5,      2.525   ,    1.35041
          1,    9,        215,        882,       50.5,       50.5,      2.525   ,   -0.73243
          1,   10,          2,        516,       50.5,       50.5,      2.525   ,   -1.36013
          1,   11,        158,        934,       50.5,       50.5,      2.525   ,  -0.955852
          1,   12,        219,        326,       50.5,       50.5,      2.525   ,    1.35382
          1,   13,        581,        481,       50.5,       50.5,      2.525   ,  -0.202339
          1,   14,        213,         56,       50.5,       50.5,      2.525   ,   0.573024
          1,   15,        512,        555,       50.5,       50.5,      2.525   ,  -0.898089
          1,   16,        169,        895,       50.5,       50.5,      2.525   ,   0.838613
          1,   17,        938,        414,       50.5,       50.5,      2.525   ,   0.944487
          1,   18,        435,        243,       50.5,       50.5,      2.525   ,   -1.10537
          1,   19,        578,        838,       50.5,       50.5,      2.525   ,   0.230326
          1,   20,        526,         71,       50.5,       50.5,      2.525   ,     1.1583
          1,   21,        324,        726,       50.5,       50.5,      2.525   ,   -0.46049
          1,   22,         17,        897,       50.5,       50.5,      2.525   ,   -1.13632
          1,   23,        338,        437,       50.5,       50.5,      2.525   ,  -0.344206
          1,   24,        748,        433,       50.5,       50.5,      2.525   ,   0.307562
          1,   25,          8,        799,       50.5,       50.5,      2.525   ,   0.821681
          1,   26,         25,         33,       50.5,       50.5,      2.525   ,  -0.631473
          1,   27,        758,         60,       50.5,       50.5,      2.525   ,  -0.846891
          1,   28,        538,        269,       50.5,       50.5,      2.525   ,   -1.26635
          1,   29,        969,        292,       50.5,       50.5,      2.525   ,   -1.36315
          1,   30,        829,         69,       50.5,       50.5,      2.525   ,   -1.10887
          1,   31,        703,        679,       50.5,       50.5,      2.525   ,   0.608698
          1,   32,          1,        360,       50.5,       50.5,      2.525   ,  -0.365795
          1,   33,         11,        854,       50.5,       50.5,      2.525   ,    1.23716
          1,   34,        404,        763,       50.5,       50.5,      2.525   ,  -0.928236
          1,   35,        396,        759,       50.5,       50.5,      2.525   ,  -0.535946
          1,   36,        541,        307,       50.5,       50.5,      2.525   ,   -1.09265
          1,   37,        586,        873,       50.5,       50.5,      2.525   ,   0.341916
          1,   38,        624,        991,       50.5,       50.5,      2.525   ,   -1.26922
          1,   39,        106,        706,       50.5,       50.5,      2.525   ,   0.269405
          1,   40,        211,        530,       50.5,       50.5,      2.525   ,  -0.370843
          1,   41,        753,        405,       50.5,       50.5,      2.525   ,    1.07039
          1,   42,        851,        297,       50.5,       50.5,      2.525   ,   0.404923
          1,   43,        658,        925,       50.5,       50.5,      2.525   ,   -1.07547
          1,   44,        615,        592,       50.5,       50.5,      2.525   ,   -1.31224
          1,   45,        655,         33,       50.5,       50.5,      2.525   ,-0.00220768
          1,   46,        736,        182,       50.5,       50.5,      2.525   ,   0.975838
          1,   47,         32,         40,       50.5,       50.5,      2.525   ,    1.23195
          1,   48,        979,        374,       50.5,       50.5,      2.525   ,    1.00928
          1,   49,        820,        359,       50.5,       50.5,      2.525   ,  -0.933235
          1,   50,        982,        936,       50.5,       50.5,      2.525   ,   0.756063
          1,   51,        809,        615,       50.5,       50.5,      2.525   ,  0.0449203
          1,   52,        377,        477,       50.5,       50.5,      2.525   , -0.0920221
------------------------------------------------------------------------------
Component[1] Total Ellipsoids = 52