Component 2 maximum area=0.323322 [on 1000x1000]
Component type: Sloped rectangle
---------------------------------------------------------------------------------------
--------------|------- Center-----|----- dimensions---------|----------------------
component| id|    X       |     Y      |  Width/a     | height/b |   hoop   |   Slope   
---------------------------------------------------------------------------------------
          2,    1,         37,        867,       10.1,        101,       5.05   ,     1.2813
          2,    2,        169,        632,       10.1,        101,       5.05   ,    1.33864
          2,    3,        399,         63,       10.1,        101,       5.05   ,     1.5113
          2,    4,        898,        562,       10.1,        101,       5.05   ,    1.05675
          2,    5,        948,        803,       10.1,        101,       5.05   ,   0.923148
          2,    6,        524,        533,       10.1,        101,       5.05   ,   -1.46704
          2,    7,        561,        527,       10.1,        101,       5.05   ,    1.46255
          2,    8,        431,        407,       10.1,        101,       5.05   ,   0.809594
          2,    9,        179,        896,       10.1,        101,       5.05   ,    1.52047
          2,   10,        871,        503,       10.1,        101,       5.05   ,  -0.810444
          2,   11,        369,        839,       10.1,        101,       5.05   ,   -1.07191
          2,   12,        483,        386,       10.1,        101,       5.05   ,     1.0955
          2,   13,         33,        621,       10.1,        101,       5.05   ,   0.795294
          2,   14,        871,        611,       10.1,        101,       5.05   ,   0.729192
          2,   15,        471,        164,       10.1,        101,       5.05   ,   0.394164
          2,   16,        132,        873,       10.1,        101,       5.05   ,   0.292151
          2,   17,        838,        391,       10.1,        101,       5.05   ,  -0.793957
          2,   18,        703,        400,       10.1,        101,       5.05   ,  -0.407189
          2,   19,        705,        685,       10.1,        101,       5.05   ,  0.0439294
          2,   20,        691,        296,       10.1,        101,       5.05   ,    1.51805
          2,   21,        199,        288,       10.1,        101,       5.05   ,  -0.772147
          2,   22,        428,        607,       10.1,        101,       5.05   , -0.0128751
          2,   23,         65,        681,       10.1,        101,       5.05   ,   -1.10625
          2,   24,        274,        991,       10.1,        101,       5.05   ,   0.286181
          2,   25,         40,        168,       10.1,        101,       5.05   ,   -1.06795
          2,   26,        903,        678,       10.1,        101,       5.05   ,    1.13222
          2,   27,        142,        763,       10.1,        101,       5.05   ,  -0.797583
          2,   28,        178,        317,       10.1,        101,       5.05   ,  -0.620188
          2,   29,         75,        492,       10.1,        101,       5.05   ,  -0.377068
          2,   30,        225,        814,       10.1,        101,       5.05   ,    1.56364
          2,   31,        888,        453,       10.1,        101,       5.05   ,  -0.417803
          2,   32,        976,        549,       10.1,        101,       5.05   ,    0.12995
          2,   33,         38,        268,       10.1,        101,       5.05   ,   0.971044
          2,   34,        122,         21,       10.1,        101,       5.05   ,   0.673526
          2,   35,        427,        352,       10.1,        101,       5.05   ,  -0.986071
          2,   36,        651,        223,       10.1,        101,       5.05   ,   -1.38179
          2,   37,        855,        434,       10.1,        101,       5.05   ,   0.488895
          2,   38,        101,        426,       10.1,        101,       5.05   ,   0.194641
          2,   39,        774,        527,       10.1,        101,       5.05   ,    1.32058
          2,   40,        232,        487,       10.1,        101,       5.05   ,   0.231742
          2,   41,        825,        239,       10.1,        101,       5.05   ,  -0.632885
          2,   42,        471,        100,       10.1,        101,       5.05   ,   -1.25159
          2,   43,        209,        578,       10.1,        101,       5.05   ,   0.848529
          2,   44,        205,        563,       10.1,        101,       5.05   ,  -0.292761
          2,   45,        929,        584,       10.1,        101,       5.05   ,  -0.272903
          2,   46,        433,        926,       10.1,        101,       5.05   ,   -1.22031
          2,   47,        417,        365,       10.1,        101,       5.05   ,  -0.853751
          2,   48,         36,        193,       10.1,        101,       5.05   , -0.0930255
          2,   49,        501,        180,       10.1,        101,       5.05   ,    1.29587
          2,   50,        510,        854,       10.1,        101,       5.05   ,   -1.11619
          2,   51,        114,        259,       10.1,        101,       5.05   ,     0.3145
          2,   52,        973,        564,       10.1,        101,       5.05   ,   -0.99084
          2,   53,        887,         88,       10.1,        101,       5.05   ,   -1.44841
          2,   54,        455,         54,       10.1,        101,       5.05   ,    0.26698
          2,   55,        725,        561,       10.1,        101,       5.05   ,  -0.507977
          2,   56,        897,        720,       10.1,        101,       5.05   ,   -1.50222
          2,   57,        808,        994,       10.1,        101,       5.05   ,  -0.116792
          2,   58,        252,        418,       10.1,        101,       5.05   ,       0.92
          2,   59,        385,        983,       10.1,        101,       5.05   ,    1.44621
          2,   60,        886,        446,       10.1,        101,       5.05   ,   -1.33731
          2,   61,        849,        170,       10.1,        101,       5.05   ,    -1.0437
          2,   62,        385,        630,       10.1,        101,       5.05   ,    -1.4775
          2,   63,        109,        996,       10.1,        101,       5.05   ,   -1.07118
          2,   64,        890,        115,       10.1,        101,       5.05   ,   0.671271
          2,   65,        770,        854,       10.1,        101,       5.05   ,   -1.24236
          2,   66,        794,        675,       10.1,        101,       5.05   ,  -0.184386
          2,   67,        820,        113,       10.1,        101,       5.05   ,   -1.00257
          2,   68,        443,        272,       10.1,        101,       5.05   ,   -1.19801
          2,   69,        692,        863,       10.1,        101,       5.05   ,  -0.192557
          2,   70,        853,        367,       10.1,        101,       5.05   , -0.0849132
          2,   71,        647,        276,       10.1,        101,       5.05   ,   0.440849
          2,   72,         90,        953,       10.1,        101,       5.05   ,  -0.334854
          2,   73,        699,        703,       10.1,        101,       5.05   ,    1.35266
          2,   74,        117,        327,       10.1,        101,       5.05   ,   -0.67128
          2,   75,        145,        820,       10.1,        101,       5.05   ,   0.270646
          2,   76,        828,        153,       10.1,        101,       5.05   ,  -0.694757
          2,   77,        146,         61,       10.1,        101,       5.05   ,  -0.186201
          2,   78,        512,        364,       10.1,        101,       5.05   ,   0.198493
          2,   79,        607,        554,       10.1,        101,       5.05   ,   0.306796
          2,   80,        914,        417,       10.1,        101,       5.05   ,   -1.42762
          2,   81,        762,        403,       10.1,        101,       5.05   ,   0.818697
          2,   82,        649,        163,       10.1,        101,       5.05   ,   -1.21615
          2,   83,        423,        649,       10.1,        101,       5.05   ,    1.41287
          2,   84,        331,         46,       10.1,        101,       5.05   ,      1.357
          2,   85,        107,         92,       10.1,        101,       5.05   ,  -0.200653
          2,   86,        573,        265,       10.1,        101,       5.05   ,  -0.773923
          2,   87,        428,        861,       10.1,        101,       5.05   ,   0.242072
          2,   88,        936,        531,       10.1,        101,       5.05   ,   0.567213
          2,   89,        918,        128,       10.1,        101,       5.05   ,   0.615834
          2,   90,        616,        848,       10.1,        101,       5.05   ,  -0.360251
          2,   91,         83,        194,       10.1,        101,       5.05   ,   0.615073
          2,   92,        215,        854,       10.1,        101,       5.05   ,    -1.1831
          2,   93,        421,        940,       10.1,        101,       5.05   ,   -0.35463
          2,   94,        805,        167,       10.1,        101,       5.05   ,    1.50265
          2,   95,        216,        431,       10.1,        101,       5.05   ,    1.24827
          2,   96,         73,        456,       10.1,        101,       5.05   ,    -1.0819
          2,   97,         84,        356,       10.1,        101,       5.05   ,     0.5512
          2,   98,        465,        408,       10.1,        101,       5.05   ,   -1.54174
          2,   99,        587,        830,       10.1,        101,       5.05   ,    1.14705
          2,  100,        378,        630,       10.1,        101,       5.05   ,  -0.953054
          2,  101,        366,         26,       10.1,        101,       5.05   ,  -0.776714
          2,  102,        313,        911,       10.1,        101,       5.05   ,   -1.47868
          2,  103,        532,        568,       10.1,        101,       5.05   ,   0.141548
          2,  104,        419,        186,       10.1,        101,       5.05   ,   -1.10899
          2,  105,        634,        779,       10.1,        101,       5.05   ,  -0.432694
          2,  106,        514,        820,       10.1,        101,       5.05   ,  -0.634532
          2,  107,        810,        337,       10.1,        101,       5.05   ,  -0.731103
          2,  108,        426,        800,       10.1,        101,       5.05   ,  -0.808665
          2,  109,        197,        757,       10.1,        101,       5.05   ,   0.847098
          2,  110,        359,        217,       10.1,        101,       5.05   ,   0.333097
          2,  111,        792,        519,       10.1,        101,       5.05   ,    1.25524
          2,  112,         86,        972,       10.1,        101,       5.05   ,  -0.830064
          2,  113,        663,        624,       10.1,        101,       5.05   ,   0.141432
          2,  114,        482,        207,       10.1,        101,       5.05   ,    1.06633
          2,  115,        491,        634,       10.1,        101,       5.05   ,   -0.65788
          2,  116,        940,        960,       10.1,        101,       5.05   ,  0.0177974
          2,  117,        802,        145,       10.1,        101,       5.05   ,    0.52366
          2,  118,        865,        620,       10.1,        101,       5.05   ,    1.05058
          2,  119,        102,        133,       10.1,        101,       5.05   ,   0.417643
          2,  120,        775,        792,       10.1,        101,       5.05   ,    1.34862
          2,  121,        437,        699,       10.1,        101,       5.05   ,    1.00162
          2,  122,        232,        283,       10.1,        101,       5.05   , -0.0792856
          2,  123,        469,        330,       10.1,        101,       5.05   ,   -1.08673
          2,  124,        962,        482,       10.1,        101,       5.05   ,  -0.980599
          2,  125,        192,         39,       10.1,        101,       5.05   ,   -1.47589
          2,  126,        992,        935,       10.1,        101,       5.05   ,  -0.418405
          2,  127,        135,        369,       10.1,        101,       5.05   ,   0.259269
          2,  128,        938,        833,       10.1,        101,       5.05   ,  -0.099911
          2,  129,        777,        593,       10.1,        101,       5.05   ,   0.157097
          2,  130,        326,        515,       10.1,        101,       5.05   ,  -0.837152
          2,  131,         56,        411,       10.1,        101,       5.05   ,   -1.08752
          2,  132,        146,        447,       10.1,        101,       5.05   ,  -0.147926
          2,  133,        539,        291,       10.1,        101,       5.05   , -0.0391613
          2,  134,        526,        457,       10.1,        101,       5.05   ,   -1.31265
          2,  135,        549,        337,       10.1,        101,       5.05   ,    -1.3127
          2,  136,        677,        843,       10.1,        101,       5.05   ,   -1.28354
          2,  137,        231,         54,       10.1,        101,       5.05   ,   -1.02583
          2,  138,        851,        613,       10.1,        101,       5.05   ,  -0.807529
          2,  139,        769,        436,       10.1,        101,       5.05   ,   -1.46642
          2,  140,        177,        657,       10.1,        101,       5.05   ,  -0.927987
          2,  141,        898,        143,       10.1,        101,       5.05   ,  -0.270711
          2,  142,        848,        229,       10.1,        101,       5.05   ,   -0.80734
          2,  143,        717,        817,       10.1,        101,       5.05   ,  -0.589685
          2,  144,         21,        491,       10.1,        101,       5.05   ,   0.622269
          2,  145,        970,        857,       10.1,        101,       5.05   ,  -0.968067
          2,  146,        131,        452,       10.1,        101,       5.05   ,    -1.1476
          2,  147,        362,        653,       10.1,        101,       5.05   ,   0.591468
          2,  148,        452,        121,       10.1,        101,       5.05   ,   0.635618
          2,  149,         65,        647,       10.1,        101,       5.05   ,    -0.6897
          2,  150,        432,        416,       10.1,        101,       5.05   ,  -0.224184
          2,  151,        600,        755,       10.1,        101,       5.05   ,   0.842278
          2,  152,        989,        104,       10.1,        101,       5.05   ,   0.657036
          2,  153,        862,        404,       10.1,        101,       5.05   ,   -1.10103
          2,  154,        299,        242,       10.1,        101,       5.05   ,    1.08297
          2,  155,        370,        548,       10.1,        101,       5.05   ,   -1.38232
          2,  156,        391,         23,       10.1,        101,       5.05   ,   0.617338
          2,  157,        219,        836,       10.1,        101,       5.05   ,   -1.21522
          2,  158,        812,        242,       10.1,        101,       5.05   ,    1.46552
          2,  159,        648,        638,       10.1,        101,       5.05   ,  -0.811255
          2,  160,        429,        693,       10.1,        101,       5.05   ,   -1.25921
          2,  161,        374,        624,       10.1,        101,       5.05   ,    1.27714
          2,  162,        911,        545,       10.1,        101,       5.05   ,   -1.53135
          2,  163,        155,        207,       10.1,        101,       5.05   ,   -1.19694
          2,  164,         13,        485,       10.1,        101,       5.05   ,   0.117152
          2,  165,        747,        962,       10.1,        101,       5.05   ,    1.52897
          2,  166,        467,        777,       10.1,        101,       5.05   ,   0.164877
          2,  167,        467,        856,       10.1,        101,       5.05   ,   -1.09174
          2,  168,        836,        506,       10.1,        101,       5.05   ,   -1.12133
          2,  169,         75,         46,       10.1,        101,       5.05   ,   -1.31527
          2,  170,        570,        448,       10.1,        101,       5.05   ,  -0.457587
          2,  171,        915,         40,       10.1,        101,       5.05   ,    1.16031
          2,  172,          1,        350,       10.1,        101,       5.05   ,  -0.604229
          2,  173,        858,        755,       10.1,        101,       5.05   ,    1.04617
          2,  174,        552,        654,       10.1,        101,       5.05   ,    -1.0087
          2,  175,        121,        114,       10.1,        101,       5.05   ,  -0.295424
          2,  176,        433,         25,       10.1,        101,       5.05   ,   -1.10367
          2,  177,        593,        392,       10.1,        101,       5.05   , -0.0836668
          2,  178,        114,        338,       10.1,        101,       5.05   ,  -0.753734
          2,  179,         30,        227,       10.1,        101,       5.05   ,   -1.44658
          2,  180,        884,        925,       10.1,        101,       5.05   ,    1.20903
          2,  181,        970,        710,       10.1,        101,       5.05   ,   -1.26798
          2,  182,        520,        948,       10.1,        101,       5.05   ,   -1.31142
          2,  183,        292,        784,       10.1,        101,       5.05   ,   0.209693
          2,  184,        525,        789,       10.1,        101,       5.05   ,   0.120434
          2,  185,        433,        395,       10.1,        101,       5.05   ,  -0.262735
          2,  186,        884,        111,       10.1,        101,       5.05   ,   0.784294
          2,  187,        393,        614,       10.1,        101,       5.05   ,   0.943566
          2,  188,        206,        491,       10.1,        101,       5.05   ,  -0.430623
          2,  189,        500,        701,       10.1,        101,       5.05   ,  -0.672016
          2,  190,        687,        433,       10.1,        101,       5.05   ,   0.223343
          2,  191,        921,        481,       10.1,        101,       5.05   ,    1.48726
          2,  192,        645,        501,       10.1,        101,       5.05   ,    1.11504
          2,  193,        583,        306,       10.1,        101,       5.05   , -0.0260649
          2,  194,        967,        410,       10.1,        101,       5.05   ,  -0.163943
          2,  195,        387,         65,       10.1,        101,       5.05   ,     -1.036
          2,  196,        263,        267,       10.1,        101,       5.05   ,    1.51445
          2,  197,        953,        620,       10.1,        101,       5.05   ,   0.767356
          2,  198,        767,        257,       10.1,        101,       5.05   ,  -0.628218
          2,  199,         11,        227,       10.1,        101,       5.05   ,    0.70581
          2,  200,        521,        406,       10.1,        101,       5.05   ,  -0.317358
          2,  201,        206,        223,       10.1,        101,       5.05   ,  -0.997175
          2,  202,        168,        505,       10.1,        101,       5.05   ,   -1.48686
          2,  203,        755,         15,       10.1,        101,       5.05   ,   -1.40131
          2,  204,        626,        337,       10.1,        101,       5.05   ,   0.579891
          2,  205,        997,        733,       10.1,        101,       5.05   ,  -0.193619
          2,  206,        404,        758,       10.1,        101,       5.05   ,   -1.03092
          2,  207,        841,        310,       10.1,        101,       5.05   ,   0.625345
          2,  208,        835,        253,       10.1,        101,       5.05   ,   -1.17857
          2,  209,        965,        109,       10.1,        101,       5.05   ,  -0.149825
          2,  210,        409,        226,       10.1,        101,       5.05   ,    1.36711
          2,  211,        979,        618,       10.1,        101,       5.05   ,    1.56576
          2,  212,        874,        530,       10.1,        101,       5.05   ,   -1.22915
          2,  213,        981,        871,       10.1,        101,       5.05   ,   0.607437
          2,  214,        566,        911,       10.1,        101,       5.05   ,   0.105608
          2,  215,         79,        555,       10.1,        101,       5.05   ,    1.33534
          2,  216,        283,        317,       10.1,        101,       5.05   ,   -1.28828
          2,  217,        438,        507,       10.1,        101,       5.05   ,   -1.24671
          2,  218,        254,        922,       10.1,        101,       5.05   ,   0.744622
          2,  219,        465,        661,       10.1,        101,       5.05   ,    -1.0245
          2,  220,        369,        557,       10.1,        101,       5.05   ,     0.1477
          2,  221,        268,        742,       10.1,        101,       5.05   ,    1.47517
          2,  222,        736,        237,       10.1,        101,       5.05   ,    1.06675
          2,  223,        594,        296,       10.1,        101,       5.05   ,  -0.514685
          2,  224,         76,        829,       10.1,        101,       5.05   ,   0.630991
          2,  225,        718,        808,       10.1,        101,       5.05   ,    1.10673
          2,  226,        919,        917,       10.1,        101,       5.05   ,   -0.93511
          2,  227,        481,        164,       10.1,        101,       5.05   ,   0.222225
          2,  228,        770,        887,       10.1,        101,       5.05   ,   -1.05932
          2,  229,        332,        909,       10.1,        101,       5.05   ,   -1.47208
          2,  230,         19,        211,       10.1,        101,       5.05   ,   0.281263
          2,  231,        513,        728,       10.1,        101,       5.05   ,   0.648812
          2,  232,        631,        165,       10.1,        101,       5.05   ,    1.09494
          2,  233,         23,        677,       10.1,        101,       5.05   ,    1.14922
          2,  234,        669,        307,       10.1,        101,       5.05   ,   -1.06909
          2,  235,        720,        942,       10.1,        101,       5.05   ,    1.14714
          2,  236,        507,        205,       10.1,        101,       5.05   ,   0.930154
          2,  237,        413,        692,       10.1,        101,       5.05   ,     1.4783
          2,  238,        155,        855,       10.1,        101,       5.05   ,    1.16389
          2,  239,        930,        485,       10.1,        101,       5.05   ,   0.204991
          2,  240,        936,        899,       10.1,        101,       5.05   ,    1.22946
          2,  241,        109,        766,       10.1,        101,       5.05   ,  -0.579372
          2,  242,        858,        534,       10.1,        101,       5.05   ,   0.947812
          2,  243,        473,        445,       10.1,        101,       5.05   ,  -0.147414
          2,  244,        133,        838,       10.1,        101,       5.05   ,   -1.23427
          2,  245,        356,        272,       10.1,        101,       5.05   ,   -1.50632
          2,  246,        434,        909,       10.1,        101,       5.05   ,    1.12101
          2,  247,        274,        649,       10.1,        101,       5.05   ,   -1.36636
          2,  248,        959,        445,       10.1,        101,       5.05   ,   -1.48302
          2,  249,        796,         81,       10.1,        101,       5.05   ,  -0.992516
          2,  250,        602,        867,       10.1,        101,       5.05   ,   -1.51063
          2,  251,        615,        543,       10.1,        101,       5.05   ,  0.0722257
          2,  252,        925,        674,       10.1,        101,       5.05   ,   0.548049
          2,  253,        701,        331,       10.1,        101,       5.05   ,    1.56552
          2,  254,        771,        522,       10.1,        101,       5.05   ,  -0.567662
          2,  255,        711,        895,       10.1,        101,       5.05   ,   -1.52828
          2,  256,        642,        198,       10.1,        101,       5.05   ,    1.45861
          2,  257,        489,        754,       10.1,        101,       5.05   ,  -0.991565
          2,  258,         12,        358,       10.1,        101,       5.05   ,   0.498968
          2,  259,        544,        934,       10.1,        101,       5.05   ,    1.40171
          2,  260,        448,        405,       10.1,        101,       5.05   ,      1.396
          2,  261,        856,        895,       10.1,        101,       5.05   ,   0.540633
          2,  262,        384,        875,       10.1,        101,       5.05   ,   0.225514
          2,  263,        956,        648,       10.1,        101,       5.05   ,   -1.15127
          2,  264,        457,        139,       10.1,        101,       5.05   ,  -0.434644
          2,  265,        995,        820,       10.1,        101,       5.05   ,  -0.904541
          2,  266,        177,        438,       10.1,        101,       5.05   ,    1.46899
          2,  267,        651,        608,       10.1,        101,       5.05   ,  -0.061205
          2,  268,        705,         42,       10.1,        101,       5.05   ,   -1.18401
          2,  269,         63,         35,       10.1,        101,       5.05   ,  -0.590941
          2,  270,        150,        193,       10.1,        101,       5.05   ,   -1.21877
          2,  271,        658,        992,       10.1,        101,       5.05   ,   0.487082
          2,  272,        722,         34,       10.1,        101,       5.05   ,  0.0843063
          2,  273,        107,        461,       10.1,        101,       5.05   ,   -1.17977
          2,  274,        239,        395,       10.1,        101,       5.05   ,   -1.49033
          2,  275,        277,        168,       10.1,        101,       5.05   ,  -0.907633
          2,  276,        114,        339,       10.1,        101,       5.05   ,    -1.0038
          2,  277,        151,        284,       10.1,        101,       5.05   ,     -1.181
          2,  278,        677,        701,       10.1,        101,       5.05   ,    1.31484
          2,  279,        744,        599,       10.1,        101,       5.05   ,  -0.775292
          2,  280,        416,        877,       10.1,        101,       5.05   ,    1.18489
          2,  281,        923,        380,       10.1,        101,       5.05   ,  -0.488884
          2,  282,        241,        513,       10.1,        101,       5.05   ,   -0.41962
          2,  283,        815,        204,       10.1,        101,       5.05   ,   0.928353
          2,  284,        933,        200,       10.1,        101,       5.05   ,   -1.34061
          2,  285,        944,        120,       10.1,        101,       5.05   ,  0.0318143
          2,  286,        156,        975,       10.1,        101,       5.05   ,   0.527148
          2,  287,        632,        928,       10.1,        101,       5.05   ,   -1.25063
          2,  288,        385,        257,       10.1,        101,       5.05   ,     1.3536
          2,  289,        729,        982,       10.1,        101,       5.05   ,   0.547697
          2,  290,        482,        784,       10.1,        101,       5.05   ,    0.31179
          2,  291,        191,         79,       10.1,        101,       5.05   ,    1.38776
          2,  292,        836,        758,       10.1,        101,       5.05   ,   0.218992
          2,  293,        692,        977,       10.1,        101,       5.05   ,    1.25554
          2,  294,        616,        702,       10.1,        101,       5.05   ,   0.933638
          2,  295,        159,        185,       10.1,        101,       5.05   ,   0.427462
          2,  296,        881,        804,       10.1,        101,       5.05   , -0.0872592
          2,  297,        302,        783,       10.1,        101,       5.05   ,  -0.700763
          2,  298,        622,        706,       10.1,        101,       5.05   ,    -1.1933
          2,  299,        271,        264,       10.1,        101,       5.05   ,   0.644786
          2,  300,        935,        772,       10.1,        101,       5.05   ,  -0.341175
          2,  301,        614,        649,       10.1,        101,       5.05   ,   -1.40679
          2,  302,        326,        181,       10.1,        101,       5.05   ,   -1.20593
          2,  303,        157,          1,       10.1,        101,       5.05   ,  -0.046026
          2,  304,        337,        434,       10.1,        101,       5.05   ,    1.45834
          2,  305,        880,        848,       10.1,        101,       5.05   ,   -1.40379
          2,  306,        890,        886,       10.1,        101,       5.05   ,   -1.33731
          2,  307,        715,        708,       10.1,        101,       5.05   ,   0.402933
          2,  308,        747,        474,       10.1,        101,       5.05   ,   0.751179
          2,  309,         90,        268,       10.1,        101,       5.05   ,   -1.34319
          2,  310,        694,        514,       10.1,        101,       5.05   ,   -1.51359
          2,  311,        241,        776,       10.1,        101,       5.05   ,   -1.31723
          2,  312,        782,        796,       10.1,        101,       5.05   ,  0.0341668
          2,  313,        801,        242,       10.1,        101,       5.05   ,   0.692443
          2,  314,        624,        913,       10.1,        101,       5.05   ,   0.451313
          2,  315,        617,        405,       10.1,        101,       5.05   ,    1.26028
          2,  316,        391,        980,       10.1,        101,       5.05   ,   0.064749
          2,  317,        480,        494,       10.1,        101,       5.05   ,   0.506425
          2,  318,        800,         98,       10.1,        101,       5.05   ,   0.872907
          2,  319,        145,        285,       10.1,        101,       5.05   ,   0.878969
          2,  320,        591,        323,       10.1,        101,       5.05   ,   -1.04755
          2,  321,        524,        714,       10.1,        101,       5.05   ,   -1.04191
          2,  322,        106,        779,       10.1,        101,       5.05   ,  -0.592989
          2,  323,        123,        394,       10.1,        101,       5.05   ,  -0.483645
          2,  324,        499,        655,       10.1,        101,       5.05   ,   -1.20541
          2,  325,        184,        676,       10.1,        101,       5.05   ,  -0.484264
          2,  326,        919,        683,       10.1,        101,       5.05   ,  -0.730855
          2,  327,        696,        297,       10.1,        101,       5.05   ,   0.866331
          2,  328,        706,        738,       10.1,        101,       5.05   ,   -1.39282
          2,  329,        561,        524,       10.1,        101,       5.05   ,  -0.900456
          2,  330,        468,         43,       10.1,        101,       5.05   ,  -0.208324
          2,  331,        690,        667,       10.1,        101,       5.05   ,  -0.513445
          2,  332,        814,        214,       10.1,        101,       5.05   ,    1.02668
          2,  333,        706,        351,       10.1,        101,       5.05   ,   0.663743
          2,  334,        296,        324,       10.1,        101,       5.05   ,   0.371577
          2,  335,        798,        714,       10.1,        101,       5.05   ,   0.991775
          2,  336,        488,        697,       10.1,        101,       5.05   ,   0.680512
          2,  337,        577,        997,       10.1,        101,       5.05   ,  -0.405371
          2,  338,        496,        306,       10.1,        101,       5.05   ,   -1.18874
          2,  339,        600,        674,       10.1,        101,       5.05   ,    -1.4434
          2,  340,        495,        119,       10.1,        101,       5.05   ,  -0.376678
          2,  341,        281,        264,       10.1,        101,       5.05   ,   0.460656
          2,  342,        510,        291,       10.1,        101,       5.05   ,   -1.06139
          2,  343,        207,        633,       10.1,        101,       5.05   ,  -0.705427
          2,  344,        438,        476,       10.1,        101,       5.05   ,   -1.40411
          2,  345,        288,        704,       10.1,        101,       5.05   , -0.0786805
          2,  346,        543,        608,       10.1,        101,       5.05   ,    1.49682
          2,  347,        811,        547,       10.1,        101,       5.05   ,   -1.07853
          2,  348,        745,        684,       10.1,        101,       5.05   ,   0.097486
          2,  349,        632,        186,       10.1,        101,       5.05   ,   0.771316
          2,  350,        484,        499,       10.1,        101,       5.05   ,   0.193704
          2,  351,        955,        943,       10.1,        101,       5.05   ,    1.25357
          2,  352,        427,        154,       10.1,        101,       5.05   ,   -1.15554
          2,  353,         53,        597,       10.1,        101,       5.05   ,   -1.34048
          2,  354,        378,        749,       10.1,        101,       5.05   ,  -0.250578
          2,  355,        789,        149,       10.1,        101,       5.05   ,    1.29302
          2,  356,        538,        402,       10.1,        101,       5.05   ,  -0.544744
          2,  357,         60,        927,       10.1,        101,       5.05   ,   -1.27435
          2,  358,        837,        457,       10.1,        101,       5.05   ,  -0.607644
          2,  359,         42,        750,       10.1,        101,       5.05   ,   0.268857
          2,  360,        627,         58,       10.1,        101,       5.05   ,   -1.28179
          2,  361,        801,        942,       10.1,        101,       5.05   ,   -1.37255
          2,  362,        235,        129,       10.1,        101,       5.05   ,    -1.4899
          2,  363,        334,        800,       10.1,        101,       5.05   ,  -0.584858
          2,  364,        505,        347,       10.1,        101,       5.05   ,  -0.253886
          2,  365,        384,        390,       10.1,        101,       5.05   ,  -0.254953
          2,  366,        876,        744,       10.1,        101,       5.05   ,  -0.799402
          2,  367,        717,        214,       10.1,        101,       5.05   ,  -0.605922
          2,  368,        433,        353,       10.1,        101,       5.05   ,    0.92074
          2,  369,        979,        467,       10.1,        101,       5.05   ,   0.152616
          2,  370,        865,        588,       10.1,        101,       5.05   ,    1.36557
          2,  371,        956,         94,       10.1,        101,       5.05   ,    1.05382
          2,  372,        416,        275,       10.1,        101,       5.05   ,    1.25557
          2,  373,        714,        927,       10.1,        101,       5.05   ,   0.519741
          2,  374,        652,        943,       10.1,        101,       5.05   ,  -0.950876
          2,  375,        715,        827,       10.1,        101,       5.05   ,   -1.55314
          2,  376,         53,        644,       10.1,        101,       5.05   ,   -1.36021
          2,  377,        867,        687,       10.1,        101,       5.05   ,    1.50024
          2,  378,        203,        351,       10.1,        101,       5.05   ,  -0.170687
          2,  379,         39,        378,       10.1,        101,       5.05   ,  -0.108061
          2,  380,        287,        270,       10.1,        101,       5.05   ,   0.482377
          2,  381,        596,        387,       10.1,        101,       5.05   ,   -1.49276
          2,  382,        468,        683,       10.1,        101,       5.05   ,   0.994805
          2,  383,        578,        809,       10.1,        101,       5.05   ,   -0.20497
          2,  384,        583,        619,       10.1,        101,       5.05   ,    1.12278
          2,  385,        729,        158,       10.1,        101,       5.05   ,  -0.146938
          2,  386,        881,         91,       10.1,        101,       5.05   ,    1.46766
          2,  387,        318,        285,       10.1,        101,       5.05   ,   -1.11893
          2,  388,        805,        950,       10.1,        101,       5.05   ,    1.10937
          2,  389,        885,        279,       10.1,        101,       5.05   ,   0.118122
          2,  390,        201,        812,       10.1,        101,       5.05   ,    1.26916
          2,  391,        438,        718,       10.1,        101,       5.05   ,   -0.43613
          2,  392,        485,        855,       10.1,        101,       5.05   ,    1.49387
          2,  393,        214,        904,       10.1,        101,       5.05   ,  -0.153249
          2,  394,        322,        870,       10.1,        101,       5.05   ,   0.234534
          2,  395,        590,        243,       10.1,        101,       5.05   ,   -0.60979
          2,  396,        240,        114,       10.1,        101,       5.05   ,    1.50164
          2,  397,        684,        821,       10.1,        101,       5.05   ,   0.408321
          2,  398,        278,        522,       10.1,        101,       5.05   ,   0.933753
          2,  399,        813,        568,       10.1,        101,       5.05   ,   -1.53512
          2,  400,        909,        454,       10.1,        101,       5.05   ,   0.278972
          2,  401,        318,        111,       10.1,        101,       5.05   ,  -0.270296
          2,  402,        771,        725,       10.1,        101,       5.05   ,   -0.21856
          2,  403,        206,        821,       10.1,        101,       5.05   ,  -0.445621
          2,  404,        470,        197,       10.1,        101,       5.05   ,  -0.607307
          2,  405,        120,        449,       10.1,        101,       5.05   ,    1.28506
          2,  406,        153,        666,       10.1,        101,       5.05   ,  0.0057036
          2,  407,        641,        323,       10.1,        101,       5.05   ,   -0.45542
          2,  408,        399,        648,       10.1,        101,       5.05   ,  -0.659939
          2,  409,        697,        224,       10.1,        101,       5.05   ,   0.188661
          2,  410,        659,          5,       10.1,        101,       5.05   ,   -1.28932
          2,  411,        622,        439,       10.1,        101,       5.05   ,   0.559648
          2,  412,        703,        679,       10.1,        101,       5.05   ,  -0.368571
          2,  413,        910,        229,       10.1,        101,       5.05   ,   0.889877
          2,  414,        974,        405,       10.1,        101,       5.05   ,    0.55755
          2,  415,        817,        442,       10.1,        101,       5.05   ,  -0.720673
          2,  416,         56,        203,       10.1,        101,       5.05   ,  -0.939396
          2,  417,        805,        884,       10.1,        101,       5.05   ,   0.484786
          2,  418,        345,        996,       10.1,        101,       5.05   ,   -1.05928
          2,  419,        900,        770,       10.1,        101,       5.05   ,    -0.4185
          2,  420,        641,        297,       10.1,        101,       5.05   ,  -0.189041
          2,  421,        815,        111,       10.1,        101,       5.05   , -0.0103661
          2,  422,        124,        500,       10.1,        101,       5.05   ,  -0.263798
          2,  423,        200,        295,       10.1,        101,       5.05   ,  -0.537139
          2,  424,        199,        326,       10.1,        101,       5.05   ,    1.12395
          2,  425,        313,        390,       10.1,        101,       5.05   ,  -0.176483
          2,  426,        360,        224,       10.1,        101,       5.05   ,  -0.658116
          2,  427,        520,        236,       10.1,        101,       5.05   ,  -0.828861
          2,  428,        989,        304,       10.1,        101,       5.05   ,  -0.487515
          2,  429,        723,        807,       10.1,        101,       5.05   ,    0.54868
          2,  430,        857,        682,       10.1,        101,       5.05   ,  -0.143894
          2,  431,        306,        110,       10.1,        101,       5.05   , -0.0964325
          2,  432,        663,        584,       10.1,        101,       5.05   ,    1.47185
          2,  433,        597,         70,       10.1,        101,       5.05   ,   -1.19847
          2,  434,        666,        955,       10.1,        101,       5.05   ,    1.12132
          2,  435,        998,        738,       10.1,        101,       5.05   ,   0.646016
          2,  436,        452,        632,       10.1,        101,       5.05   ,    1.17807
          2,  437,        424,         82,       10.1,        101,       5.05   ,  -0.349081
          2,  438,        617,        506,       10.1,        101,       5.05   ,    1.33155
          2,  439,        204,        968,       10.1,        101,       5.05   ,   0.285712
          2,  440,        145,        804,       10.1,        101,       5.05   ,    0.73246
          2,  441,        416,        595,       10.1,        101,       5.05   ,   0.547254
          2,  442,        212,        488,       10.1,        101,       5.05   ,   -1.51442
          2,  443,        893,        397,       10.1,        101,       5.05   ,   -0.52472
          2,  444,        508,        152,       10.1,        101,       5.05   ,    1.45528
          2,  445,        437,        241,       10.1,        101,       5.05   ,  -0.375824
          2,  446,        270,        211,       10.1,        101,       5.05   ,  -0.119702
          2,  447,        857,        530,       10.1,        101,       5.05   ,   0.167411
          2,  448,        889,        774,       10.1,        101,       5.05   ,   0.095721
          2,  449,        660,        630,       10.1,        101,       5.05   ,   -1.04993
          2,  450,        243,        824,       10.1,        101,       5.05   ,     1.0502
          2,  451,        751,        915,       10.1,        101,       5.05   ,   0.810106
          2,  452,        932,         57,       10.1,        101,       5.05   ,   -1.27214
          2,  453,         30,        362,       10.1,        101,       5.05   ,   0.904393
          2,  454,        811,        207,       10.1,        101,       5.05   ,   -1.07915
          2,  455,         78,        488,       10.1,        101,       5.05   ,   -1.07042
          2,  456,        633,        416,       10.1,        101,       5.05   ,  0.0430311
          2,  457,        357,         63,       10.1,        101,       5.05   ,   0.256819
          2,  458,        159,        383,       10.1,        101,       5.05   ,    1.03988
          2,  459,        993,        126,       10.1,        101,       5.05   ,  -0.619724
          2,  460,        564,        614,       10.1,        101,       5.05   ,   -1.17383
          2,  461,        566,        526,       10.1,        101,       5.05   ,  -0.468641
          2,  462,        151,         84,       10.1,        101,       5.05   ,   0.288119
          2,  463,        717,         45,       10.1,        101,       5.05   ,   -1.11345
          2,  464,        397,        999,       10.1,        101,       5.05   ,   -1.05003
          2,  465,        902,        559,       10.1,        101,       5.05   ,     1.5363
          2,  466,         48,        297,       10.1,        101,       5.05   ,   -1.34811
          2,  467,        416,        144,       10.1,        101,       5.05   ,   0.217842
          2,  468,        652,        521,       10.1,        101,       5.05   ,    1.19556
          2,  469,         45,        705,       10.1,        101,       5.05   ,   0.105744
          2,  470,        758,        873,       10.1,        101,       5.05   ,  -0.295739
          2,  471,        546,        595,       10.1,        101,       5.05   ,   0.195593
          2,  472,        931,        711,       10.1,        101,       5.05   ,   0.202561
          2,  473,        111,        868,       10.1,        101,       5.05   ,   0.988213
          2,  474,        421,        678,       10.1,        101,       5.05   ,   0.359664
          2,  475,        677,        704,       10.1,        101,       5.05   ,   0.487045
          2,  476,        373,        527,       10.1,        101,       5.05   ,   -1.43368
          2,  477,        947,        766,       10.1,        101,       5.05   ,   0.617046
          2,  478,        994,        123,       10.1,        101,       5.05   ,  -0.736411
          2,  479,        422,        122,       10.1,        101,       5.05   ,   0.133339
          2,  480,        732,        998,       10.1,        101,       5.05   ,   -0.84562
          2,  481,        602,        656,       10.1,        101,       5.05   ,   -1.55719
          2,  482,        259,        315,       10.1,        101,       5.05   ,   -1.37306
          2,  483,        234,        448,       10.1,        101,       5.05   ,    0.28411
          2,  484,        879,        338,       10.1,        101,       5.05   ,   -1.27263
          2,  485,        175,        567,       10.1,        101,       5.05   ,  -0.522029
          2,  486,        260,        400,       10.1,        101,       5.05   ,   0.883145
          2,  487,         47,        966,       10.1,        101,       5.05   ,  0.0397855
          2,  488,        747,        927,       10.1,        101,       5.05   ,   0.198806
          2,  489,        670,         66,       10.1,        101,       5.05   ,   0.340143
          2,  490,        943,        203,       10.1,        101,       5.05   ,    1.06808
          2,  491,        579,        919,       10.1,        101,       5.05   ,   0.081887
          2,  492,        311,        159,       10.1,        101,       5.05   ,   0.588385
          2,  493,        776,        334,       10.1,        101,       5.05   ,  -0.200698
          2,  494,        836,        902,       10.1,        101,       5.05   ,    1.05658
          2,  495,        833,        430,       10.1,        101,       5.05   ,   0.997894
          2,  496,        388,        407,       10.1,        101,       5.05   ,  -0.971013
          2,  497,        935,        978,       10.1,        101,       5.05   ,  -0.793398
          2,  498,         30,        282,       10.1,        101,       5.05   ,  -0.687641
          2,  499,         43,        735,       10.1,        101,       5.05   ,     1.2687
          2,  500,         56,        512,       10.1,        101,       5.05   ,   0.147434
          2,  501,        396,        385,       10.1,        101,       5.05   ,    1.04935
          2,  502,        871,         69,       10.1,        101,       5.05   ,   0.324713
          2,  503,        614,        978,       10.1,        101,       5.05   ,  -0.283542
          2,  504,        102,        359,       10.1,        101,       5.05   ,  -0.983724
          2,  505,        679,        747,       10.1,        101,       5.05   ,     1.5015
          2,  506,        624,        976,       10.1,        101,       5.05   ,   0.703559
          2,  507,        848,        518,       10.1,        101,       5.05   ,  -0.480129
          2,  508,        916,        760,       10.1,        101,       5.05   ,  0.0413916
          2,  509,        695,        433,       10.1,        101,       5.05   ,   -1.43137
          2,  510,        463,         99,       10.1,        101,       5.05   ,    1.19203
          2,  511,        643,        134,       10.1,        101,       5.05   ,     1.1483
          2,  512,        339,        576,       10.1,        101,       5.05   ,   0.233836
          2,  513,        990,        847,       10.1,        101,       5.05   ,  -0.243199
          2,  514,        930,        292,       10.1,        101,       5.05   ,   0.894998
          2,  515,        116,        105,       10.1,        101,       5.05   ,  -0.452645
          2,  516,         10,        435,       10.1,        101,       5.05   ,   -1.16149
          2,  517,        162,        724,       10.1,        101,       5.05   ,   -0.43073
          2,  518,        775,        768,       10.1,        101,       5.05   ,   -1.01168
          2,  519,         38,         28,       10.1,        101,       5.05   ,  -0.968004
          2,  520,        896,         14,       10.1,        101,       5.05   ,  -0.830747
          2,  521,        640,        682,       10.1,        101,       5.05   ,    1.41172
          2,  522,        187,         19,       10.1,        101,       5.05   ,    -1.4357
          2,  523,        178,         96,       10.1,        101,       5.05   ,  -0.281741
          2,  524,        401,        810,       10.1,        101,       5.05   ,   -1.19231
          2,  525,        559,        715,       10.1,        101,       5.05   ,  -0.257451
          2,  526,        741,        487,       10.1,        101,       5.05   ,   0.769525
          2,  527,        486,        792,       10.1,        101,       5.05   ,     0.2187
          2,  528,        546,          8,       10.1,        101,       5.05   ,   0.719668
          2,  529,        117,        679,       10.1,        101,       5.05   ,  -0.286542
          2,  530,        588,        115,       10.1,        101,       5.05   ,  -0.551029
          2,  531,        355,        646,       10.1,        101,       5.05   ,  -0.275673
          2,  532,        753,        295,       10.1,        101,       5.05   ,    1.33985
          2,  533,        367,        785,       10.1,        101,       5.05   ,  0.0345003
          2,  534,        483,          6,       10.1,        101,       5.05   ,   0.451012
          2,  535,         41,        112,       10.1,        101,       5.05   ,  -0.409154
          2,  536,        460,        582,       10.1,        101,       5.05   ,  -0.133095
          2,  537,        298,        795,       10.1,        101,       5.05   ,  -0.807591
          2,  538,        649,         25,       10.1,        101,       5.05   ,   -1.07114
          2,  539,        545,         77,       10.1,        101,       5.05   ,  -0.806674
          2,  540,        353,        954,       10.1,        101,       5.05   ,  -0.865652
          2,  541,         84,        230,       10.1,        101,       5.05   ,  -0.856047
          2,  542,        402,        963,       10.1,        101,       5.05   ,   -1.02681
          2,  543,        819,        665,       10.1,        101,       5.05   ,   0.975565
          2,  544,        727,        622,       10.1,        101,       5.05   ,  0.0306633
          2,  545,        607,        824,       10.1,        101,       5.05   ,  -0.115875
          2,  546,        329,          7,       10.1,        101,       5.05   ,    1.25737
          2,  547,        170,        753,       10.1,        101,       5.05   ,  -0.731587
          2,  548,        817,        667,       10.1,        101,       5.05   ,   0.226676
          2,  549,        664,        719,       10.1,        101,       5.05   ,   -1.22178
          2,  550,        673,        979,       10.1,        101,       5.05   ,   0.945673
          2,  551,        851,        774,       10.1,        101,       5.05   ,  -0.316562
          2,  552,         99,        363,       10.1,        101,       5.05   ,   0.849418
          2,  553,        164,        160,       10.1,        101,       5.05   ,  -0.127866
          2,  554,        424,        417,       10.1,        101,       5.05   ,   0.792741
          2,  555,        622,        637,       10.1,        101,       5.05   ,    1.41012
          2,  556,        329,        978,       10.1,        101,       5.05   ,  -0.876845
          2,  557,        735,        132,       10.1,        101,       5.05   ,  0.0168107
          2,  558,        259,        165,       10.1,        101,       5.05   ,  -0.677071
          2,  559,        939,        835,       10.1,        101,       5.05   ,   -1.09655
          2,  560,        310,        873,       10.1,        101,       5.05   ,   0.439677
          2,  561,        166,        918,       10.1,        101,       5.05   ,   -1.29201
          2,  562,        393,         77,       10.1,        101,       5.05   ,  -0.387042
          2,  563,        631,        163,       10.1,        101,       5.05   ,    1.38287
          2,  564,        374,        316,       10.1,        101,       5.05   ,    1.06996
          2,  565,        607,        497,       10.1,        101,       5.05   ,    1.33253
          2,  566,        179,        590,       10.1,        101,       5.05   ,  -0.783373
          2,  567,        340,         22,       10.1,        101,       5.05   ,   -1.03358
          2,  568,        549,        630,       10.1,        101,       5.05   ,  -0.475361
          2,  569,        451,         55,       10.1,        101,       5.05   ,   -1.54303
          2,  570,        325,        280,       10.1,        101,       5.05   ,  -0.946326
          2,  571,        789,        128,       10.1,        101,       5.05   , -0.0623233
          2,  572,        559,        677,       10.1,        101,       5.05   ,   0.937583
          2,  573,        527,        256,       10.1,        101,       5.05   ,    1.24775
          2,  574,         86,        819,       10.1,        101,       5.05   ,    1.52326
          2,  575,        220,        883,       10.1,        101,       5.05   ,   0.433671
          2,  576,        519,        769,       10.1,        101,       5.05   , 0.00837253
          2,  577,        373,        351,       10.1,        101,       5.05   ,  -0.889204
          2,  578,        573,        512,       10.1,        101,       5.05   ,  -0.150158
          2,  579,        519,        406,       10.1,        101,       5.05   ,    0.45017
          2,  580,        620,        916,       10.1,        101,       5.05   ,  -0.623209
          2,  581,        979,         62,       10.1,        101,       5.05   ,   -1.41692
          2,  582,        364,        363,       10.1,        101,       5.05   ,  -0.558152
          2,  583,        388,        997,       10.1,        101,       5.05   ,    1.39915
          2,  584,         63,        459,       10.1,        101,       5.05   ,    1.56002
          2,  585,        717,          8,       10.1,        101,       5.05   ,   0.792454
          2,  586,        255,        707,       10.1,        101,       5.05   ,    1.05845
          2,  587,        795,        977,       10.1,        101,       5.05   ,   0.484594
          2,  588,        289,        224,       10.1,        101,       5.05   ,   0.386046
          2,  589,        835,        851,       10.1,        101,       5.05   ,    1.24351
          2,  590,         81,        136,       10.1,        101,       5.05   ,   0.591501
          2,  591,        960,        628,       10.1,        101,       5.05   ,    1.07753
          2,  592,        827,        814,       10.1,        101,       5.05   ,    1.38333
          2,  593,         98,        701,       10.1,        101,       5.05   ,    1.53631
          2,  594,        185,        171,       10.1,        101,       5.05   ,   -1.33746
          2,  595,        824,        281,       10.1,        101,       5.05   ,   0.814863
          2,  596,        993,        294,       10.1,        101,       5.05   ,    -1.0037
          2,  597,        335,        258,       10.1,        101,       5.05   ,  -0.929098
          2,  598,        738,        436,       10.1,        101,       5.05   ,  -0.855088
          2,  599,        673,        755,       10.1,        101,       5.05   ,   0.632971
          2,  600,        356,        470,       10.1,        101,       5.05   ,   0.412983
          2,  601,        748,        228,       10.1,        101,       5.05   ,   -1.55937
          2,  602,        835,        733,       10.1,        101,       5.05   ,  -0.329474
          2,  603,         92,         92,       10.1,        101,       5.05   ,   0.457741
          2,  604,        340,        376,       10.1,        101,       5.05   ,    1.11695
          2,  605,        455,        509,       10.1,        101,       5.05   ,   0.224807
          2,  606,        587,        365,       10.1,        101,       5.05   ,   0.413742
          2,  607,        751,        799,       10.1,        101,       5.05   ,  -0.765293
          2,  608,        727,        667,       10.1,        101,       5.05   ,   0.750733
          2,  609,        912,        999,       10.1,        101,       5.05   ,    1.28741
          2,  610,        592,        460,       10.1,        101,       5.05   ,   0.955606
          2,  611,        766,        565,       10.1,        101,       5.05   ,   -1.22218
          2,  612,        823,        899,       10.1,        101,       5.05   ,   0.961585
          2,  613,        528,        333,       10.1,        101,       5.05   ,  -0.101759
          2,  614,        900,        482,       10.1,        101,       5.05   ,   0.326068
          2,  615,        911,         98,       10.1,        101,       5.05   ,  -0.940771
          2,  616,        263,        592,       10.1,        101,       5.05   ,   0.773994
          2,  617,        588,        289,       10.1,        101,       5.05   ,   -1.00627
          2,  618,         56,        828,       10.1,        101,       5.05   ,  0.0692671
          2,  619,        252,        532,       10.1,        101,       5.05   ,    1.27826
          2,  620,        954,        917,       10.1,        101,       5.05   ,   -1.23036
          2,  621,        607,        855,       10.1,        101,       5.05   ,    1.25269
          2,  622,         23,        996,       10.1,        101,       5.05   ,  -0.704353
          2,  623,        735,        715,       10.1,        101,       5.05   ,   0.616818
          2,  624,        919,        374,       10.1,        101,       5.05   ,    1.32072
          2,  625,        471,        186,       10.1,        101,       5.05   ,    1.18754
          2,  626,          7,        243,       10.1,        101,       5.05   ,   -1.36314
          2,  627,        620,        777,       10.1,        101,       5.05   ,   0.997372
          2,  628,        430,         15,       10.1,        101,       5.05   ,  -0.941518
          2,  629,         93,        335,       10.1,        101,       5.05   ,   0.991662
          2,  630,        537,        361,       10.1,        101,       5.05   ,    1.14151
          2,  631,        447,        879,       10.1,        101,       5.05   ,   0.726448
          2,  632,         75,        872,       10.1,        101,       5.05   ,   -1.35725
          2,  633,        585,        456,       10.1,        101,       5.05   ,   -1.19139
          2,  634,        725,        821,       10.1,        101,       5.05   ,   0.489828
          2,  635,        669,        425,       10.1,        101,       5.05   ,  -0.737844
          2,  636,        292,        722,       10.1,        101,       5.05   ,    0.81663
          2,  637,        500,        436,       10.1,        101,       5.05   ,   -1.55264
          2,  638,        471,        885,       10.1,        101,       5.05   ,    1.50284
          2,  639,         11,        489,       10.1,        101,       5.05   ,    1.22429
          2,  640,         64,        510,       10.1,        101,       5.05   ,  -0.166127
          2,  641,        723,        771,       10.1,        101,       5.05   ,  -0.373867
          2,  642,        329,        536,       10.1,        101,       5.05   ,   0.268222
          2,  643,        969,        369,       10.1,        101,       5.05   ,    1.10794
          2,  644,        571,        862,       10.1,        101,       5.05   ,   -1.37643
------------------------------------------------------------------------------
Component[2] Total Sloped Parallelepiped = 644