Component 1 maximum area=0.326731 [on 1000x1000]
Component type: Ellipse
---------------------------------------------------------------------------------------
--------------|------- Center-----|----- dimensions---------|----------------------
component| id|    X       |     Y      |  Width/a     | height/b |   hoop   |   Slope   
---------------------------------------------------------------------------------------
          1,    1,         81,         77,       50.5,       50.5,      2.525   ,   0.356051
          1,    2,        620,        226,       50.5,       50.5,      2.525   ,   -1.16063
          1,    3,        285,        526,       50.5,       50.5,      2.525   ,   0.837706
          1,    4,        414,        492,       50.5,       50.5,      2.525   ,   -1.46739
          1,    5,        795,        681,       50.5,       50.5,      2.525   ,  -0.133065
          1,    6,        898,        559,       50.5,       50.5,      2.525   ,    1.00522
          1,    7,        473,         25,       50.5,       50.5,      2.525   ,    0.33773
          1,    8,        570,        942,       50.5,       50.5,      2.525   ,   -1.49704
          1,    9,         38,        839,       50.5,       50.5,      2.525   ,   -1.32011
          1,   10,        584,        463,       50.5,       50.5,      2.525   ,   -1.08853
          1,   11,        468,        709,       50.5,       50.5,      2.525   ,   0.731397
          1,   12,        121,        142,       50.5,       50.5,      2.525   ,  -0.775626
          1,   13,        905,        725,       50.5,       50.5,      2.525   ,   -1.43826
          1,   14,         91,        259,       50.5,       50.5,      2.525   ,    1.30455
          1,   15,        144,        988,       50.5,       50.5,      2.525   ,   0.972271
          1,   16,         95,        916,       50.5,       50.5,      2.525   ,  -0.113234
          1,   17,        430,        242,       50.5,       50.5,      2.525   ,   0.385225
          1,   18,        424,        755,       50.5,       50.5,      2.525   ,   -1.52636
          1,   19,         79,        956,       50.5,       50.5,      2.525   ,    1.48615
          1,   20,        409,        157,       50.5,       50.5,      2.525   ,  -0.854672
          1,   21,          8,        664,       50.5,       50.5,      2.525   ,   0.847959
          1,   22,        616,        508,       50.5,       50.5,      2.525   ,  -0.580837
          1,   23,        550,        437,       50.5,       50.5,      2.525   ,    0.88886
          1,   24,        186,        172,       50.5,       50.5,      2.525   ,  -0.320283
          1,   25,        984,        431,       50.5,       50.5,      2.525   ,    1.12586
          1,   26,          6,        630,       50.5,       50.5,      2.525   ,    1.52929
          1,   27,         68,        519,       50.5,       50.5,      2.525   ,    1.29338
          1,   28,        461,        534,       50.5,       50.5,      2.525   ,   -1.52929
          1,   29,        805,        282,       50.5,       50.5,      2.525   ,  -0.767891
          1,   30,        622,        641,       50.5,       50.5,      2.525   ,   0.731798
          1,   31,        142,         76,       50.5,       50.5,      2.525   ,   0.515988
          1,   32,        288,        865,       50.5,       50.5,      2.525   ,  -0.467244
          1,   33,        811,        353,       50.5,       50.5,      2.525   ,   -1.08247
          1,   34,        380,         53,       50.5,       50.5,      2.525   ,  -0.168071
          1,   35,        449,        867,       50.5,       50.5,      2.525   ,   0.585744
          1,   36,        132,        969,       50.5,       50.5,      2.525   ,   0.197255
          1,   37,        628,        720,       50.5,       50.5,      2.525   ,   -1.09601
          1,   38,        147,        842,       50.5,       50.5,      2.525   ,  -0.929012
          1,   39,        821,        235,       50.5,       50.5,      2.525   ,    1.06793
          1,   40,        848,        645,       50.5,       50.5,      2.525   ,     0.4935
          1,   41,        667,        480,       50.5,       50.5,      2.525   ,   -1.46888
          1,   42,        140,        455,       50.5,       50.5,      2.525   ,   -1.32536
          1,   43,         88,        105,       50.5,       50.5,      2.525   ,    1.21803
          1,   44,        893,        769,       50.5,       50.5,      2.525   ,   -1.42366
          1,   45,        998,        134,       50.5,       50.5,      2.525   ,   0.813197
          1,   46,        371,        809,       50.5,       50.5,      2.525   ,    1.31633
          1,   47,        245,        623,       50.5,       50.5,      2.525   ,   0.854662
          1,   48,        357,        998,       50.5,       50.5,      2.525   ,   0.772848
          1,   49,        785,        455,       50.5,       50.5,      2.525   ,   -1.08792
          1,   50,        826,        242,       50.5,       50.5,      2.525   ,  -0.343017
          1,   51,        449,        770,       50.5,       50.5,      2.525   ,    1.50461
          1,   52,        703,         12,       50.5,       50.5,      2.525   ,   0.449884
          1,   53,        988,        200,       50.5,       50.5,      2.525   ,   0.466997
------------------------------------------------------------------------------
Component[1] Total Ellipsoids = 53