Component 2 maximum area=0.323322 [on 1000x1000]
Component type: Sloped rectangle
---------------------------------------------------------------------------------------
--------------|------- Center-----|----- dimensions---------|----------------------
component| id|    X       |     Y      |  Width/a     | height/b |   hoop   |   Slope   
---------------------------------------------------------------------------------------
          2,    1,        612,        842,       10.1,        101,       5.05   , -0.0935515
          2,    2,        534,         34,       10.1,        101,       5.05   ,   -1.07175
          2,    3,        755,        292,       10.1,        101,       5.05   ,   -1.05809
          2,    4,        677,        694,       10.1,        101,       5.05   ,    0.95849
          2,    5,        152,        763,       10.1,        101,       5.05   ,   0.585106
          2,    6,        179,        368,       10.1,        101,       5.05   ,   -1.53717
          2,    7,        943,        761,       10.1,        101,       5.05   ,   0.526946
          2,    8,        756,        720,       10.1,        101,       5.05   ,   0.854614
          2,    9,         93,        591,       10.1,        101,       5.05   ,    1.54745
          2,   10,        448,        168,       10.1,        101,       5.05   ,   -1.44462
          2,   11,        872,        658,       10.1,        101,       5.05   ,   -1.47854
          2,   12,        151,        628,       10.1,        101,       5.05   ,   0.517462
          2,   13,        136,        761,       10.1,        101,       5.05   ,    1.34547
          2,   14,        340,         21,       10.1,        101,       5.05   ,   -1.28893
          2,   15,        736,        840,       10.1,        101,       5.05   ,   -1.22135
          2,   16,        836,        736,       10.1,        101,       5.05   ,  -0.341733
          2,   17,        652,        484,       10.1,        101,       5.05   ,  -0.992847
          2,   18,        645,        226,       10.1,        101,       5.05   ,   0.307515
          2,   19,        386,        153,       10.1,        101,       5.05   ,  -0.413757
          2,   20,        902,        316,       10.1,        101,       5.05   ,    1.27266
          2,   21,        170,        956,       10.1,        101,       5.05   ,   0.269989
          2,   22,        215,        276,       10.1,        101,       5.05   ,  -0.962147
          2,   23,        572,        958,       10.1,        101,       5.05   ,    1.35875
          2,   24,        411,        913,       10.1,        101,       5.05   ,   -1.22153
          2,   25,        929,        713,       10.1,        101,       5.05   ,    1.14671
          2,   26,        754,         99,       10.1,        101,       5.05   ,  -0.813614
          2,   27,        929,         82,       10.1,        101,       5.05   ,   0.297311
          2,   28,        137,         31,       10.1,        101,       5.05   ,   -1.44726
          2,   29,        239,        886,       10.1,        101,       5.05   ,  -0.127795
          2,   30,        156,        753,       10.1,        101,       5.05   ,   0.944922
          2,   31,        481,         90,       10.1,        101,       5.05   ,   0.578752
          2,   32,        819,        270,       10.1,        101,       5.05   ,   0.508915
          2,   33,        575,        727,       10.1,        101,       5.05   ,   0.532175
          2,   34,        278,         49,       10.1,        101,       5.05   ,   0.969624
          2,   35,        876,        987,       10.1,        101,       5.05   ,   0.581834
          2,   36,        807,        111,       10.1,        101,       5.05   ,   -1.31011
          2,   37,        452,        515,       10.1,        101,       5.05   ,   -1.22966
          2,   38,        461,        351,       10.1,        101,       5.05   ,    1.54075
          2,   39,        825,        466,       10.1,        101,       5.05   ,  -0.637545
          2,   40,        586,        401,       10.1,        101,       5.05   ,  -0.799484
          2,   41,        910,        196,       10.1,        101,       5.05   ,   0.896821
          2,   42,        950,        148,       10.1,        101,       5.05   ,    1.15653
          2,   43,        197,        885,       10.1,        101,       5.05   ,    1.36975
          2,   44,        583,        601,       10.1,        101,       5.05   ,   -1.09497
          2,   45,        537,        378,       10.1,        101,       5.05   ,  -0.576938
          2,   46,        367,        796,       10.1,        101,       5.05   ,    -1.4062
          2,   47,        765,        267,       10.1,        101,       5.05   ,   0.494429
          2,   48,        431,        844,       10.1,        101,       5.05   ,    1.17426
          2,   49,        182,        401,       10.1,        101,       5.05   ,   -1.27713
          2,   50,        533,         54,       10.1,        101,       5.05   ,   0.961051
          2,   51,        851,        898,       10.1,        101,       5.05   ,   0.971561
          2,   52,        842,        474,       10.1,        101,       5.05   ,  -0.828322
          2,   53,         27,         10,       10.1,        101,       5.05   ,  -0.450055
          2,   54,        420,        212,       10.1,        101,       5.05   ,   0.334892
          2,   55,        923,        898,       10.1,        101,       5.05   ,   0.541655
          2,   56,        765,        843,       10.1,        101,       5.05   ,   0.462576
          2,   57,        106,        872,       10.1,        101,       5.05   , -0.0161489
          2,   58,        793,        976,       10.1,        101,       5.05   ,   0.229488
          2,   59,         11,        147,       10.1,        101,       5.05   ,   0.735755
          2,   60,        385,        612,       10.1,        101,       5.05   ,  -0.937705
          2,   61,        619,        451,       10.1,        101,       5.05   ,   0.930556
          2,   62,        460,         55,       10.1,        101,       5.05   ,    1.55885
          2,   63,        374,        692,       10.1,        101,       5.05   ,     1.1577
          2,   64,        263,        787,       10.1,        101,       5.05   ,  0.0512531
          2,   65,        359,        743,       10.1,        101,       5.05   ,  -0.847405
          2,   66,         50,        157,       10.1,        101,       5.05   ,  -0.174747
          2,   67,        544,        534,       10.1,        101,       5.05   ,   -1.08843
          2,   68,        728,        858,       10.1,        101,       5.05   ,  -0.633521
          2,   69,        927,        556,       10.1,        101,       5.05   ,  -0.622175
          2,   70,        435,        257,       10.1,        101,       5.05   ,  -0.890174
          2,   71,        216,        208,       10.1,        101,       5.05   ,  -0.993565
          2,   72,        400,        597,       10.1,        101,       5.05   ,   0.303608
          2,   73,        119,        319,       10.1,        101,       5.05   ,   -0.60386
          2,   74,        536,        701,       10.1,        101,       5.05   ,   -1.54091
          2,   75,        241,        937,       10.1,        101,       5.05   ,   0.931946
          2,   76,        237,        985,       10.1,        101,       5.05   ,    1.54821
          2,   77,        937,        439,       10.1,        101,       5.05   ,    1.16005
          2,   78,        977,        876,       10.1,        101,       5.05   ,   0.879222
          2,   79,        817,        755,       10.1,        101,       5.05   ,   -1.39081
          2,   80,        696,         77,       10.1,        101,       5.05   ,  0.0451837
          2,   81,        107,        718,       10.1,        101,       5.05   ,  -0.130829
          2,   82,        107,        685,       10.1,        101,       5.05   ,   -1.42631
          2,   83,        320,        271,       10.1,        101,       5.05   ,   0.330508
          2,   84,        931,        839,       10.1,        101,       5.05   ,  -0.526968
          2,   85,        700,        658,       10.1,        101,       5.05   ,   -1.20379
          2,   86,        138,        312,       10.1,        101,       5.05   ,  -0.781272
          2,   87,        238,        455,       10.1,        101,       5.05   ,   0.511985
          2,   88,        496,        426,       10.1,        101,       5.05   ,   0.811832
          2,   89,        616,        496,       10.1,        101,       5.05   ,  -0.827346
          2,   90,        660,        110,       10.1,        101,       5.05   ,   -1.02766
          2,   91,        395,        993,       10.1,        101,       5.05   ,   0.848152
          2,   92,        279,        133,       10.1,        101,       5.05   ,   0.985329
          2,   93,        769,        619,       10.1,        101,       5.05   ,    1.38586
          2,   94,          8,         55,       10.1,        101,       5.05   ,   0.840828
          2,   95,        509,        589,       10.1,        101,       5.05   ,   0.988135
          2,   96,        612,        287,       10.1,        101,       5.05   ,    1.48736
          2,   97,        622,        118,       10.1,        101,       5.05   ,  0.0871855
          2,   98,        177,        704,       10.1,        101,       5.05   ,   0.475903
          2,   99,        995,        957,       10.1,        101,       5.05   ,   -1.53872
          2,  100,        893,        188,       10.1,        101,       5.05   ,   -1.00018
          2,  101,        785,        989,       10.1,        101,       5.05   ,    1.25581
          2,  102,        236,        576,       10.1,        101,       5.05   ,    1.29365
          2,  103,        311,        113,       10.1,        101,       5.05   ,   0.434705
          2,  104,        548,        226,       10.1,        101,       5.05   ,   0.695496
          2,  105,        580,        302,       10.1,        101,       5.05   ,   -1.43552
          2,  106,        676,        556,       10.1,        101,       5.05   ,   0.662848
          2,  107,         26,        394,       10.1,        101,       5.05   ,     -0.516
          2,  108,        167,         41,       10.1,        101,       5.05   ,   0.269824
          2,  109,        320,         70,       10.1,        101,       5.05   ,   0.908124
          2,  110,        795,        177,       10.1,        101,       5.05   ,   -1.19396
          2,  111,        722,        897,       10.1,        101,       5.05   ,  -0.772332
          2,  112,        981,        951,       10.1,        101,       5.05   ,   -1.46155
          2,  113,        388,        718,       10.1,        101,       5.05   ,  -0.626191
          2,  114,        688,        504,       10.1,        101,       5.05   ,   0.305009
          2,  115,        457,        993,       10.1,        101,       5.05   ,   0.387657
          2,  116,        431,        716,       10.1,        101,       5.05   ,    1.31363
          2,  117,        207,        427,       10.1,        101,       5.05   ,    1.23541
          2,  118,        512,        947,       10.1,        101,       5.05   ,  -0.995625
          2,  119,        559,         80,       10.1,        101,       5.05   ,    -1.4214
          2,  120,        313,        836,       10.1,        101,       5.05   ,   -1.17563
          2,  121,        899,        467,       10.1,        101,       5.05   ,     1.0996
          2,  122,        919,        773,       10.1,        101,       5.05   ,   0.263712
          2,  123,        115,        860,       10.1,        101,       5.05   ,       -1.4
          2,  124,        953,        769,       10.1,        101,       5.05   ,  -0.231513
          2,  125,        361,        964,       10.1,        101,       5.05   ,    1.53249
          2,  126,        326,        549,       10.1,        101,       5.05   ,    0.32811
          2,  127,        865,        997,       10.1,        101,       5.05   ,   0.467215
          2,  128,        709,        425,       10.1,        101,       5.05   ,    -1.5579
          2,  129,        388,        533,       10.1,        101,       5.05   ,   0.932009
          2,  130,        448,        503,       10.1,        101,       5.05   ,   0.731981
          2,  131,        900,        877,       10.1,        101,       5.05   ,  -0.164057
          2,  132,        671,        576,       10.1,        101,       5.05   ,   -1.23657
          2,  133,        429,        582,       10.1,        101,       5.05   ,   -1.22878
          2,  134,        950,        752,       10.1,        101,       5.05   ,   0.845839
          2,  135,        303,        360,       10.1,        101,       5.05   ,   0.249343
          2,  136,        676,        170,       10.1,        101,       5.05   , 0.00812517
          2,  137,         20,        932,       10.1,        101,       5.05   ,   0.450003
          2,  138,        141,        348,       10.1,        101,       5.05   ,    -1.0178
          2,  139,        606,        622,       10.1,        101,       5.05   ,  -0.856703
          2,  140,        876,        818,       10.1,        101,       5.05   ,   -0.54876
          2,  141,        353,        255,       10.1,        101,       5.05   ,   0.862696
          2,  142,        725,        501,       10.1,        101,       5.05   ,   -1.44775
          2,  143,        194,        735,       10.1,        101,       5.05   ,  -0.257349
          2,  144,        138,        209,       10.1,        101,       5.05   ,  -0.065506
          2,  145,         62,        881,       10.1,        101,       5.05   ,    1.08042
          2,  146,        112,        504,       10.1,        101,       5.05   ,   -1.21382
          2,  147,        759,        249,       10.1,        101,       5.05   ,    1.02779
          2,  148,        625,         73,       10.1,        101,       5.05   ,    1.18785
          2,  149,        101,        710,       10.1,        101,       5.05   ,    1.51028
          2,  150,        425,         79,       10.1,        101,       5.05   ,   -1.10838
          2,  151,        928,        804,       10.1,        101,       5.05   ,  -0.942932
          2,  152,        972,        584,       10.1,        101,       5.05   ,   0.144754
          2,  153,          4,        360,       10.1,        101,       5.05   ,   -1.16366
          2,  154,        223,        708,       10.1,        101,       5.05   ,    1.35959
          2,  155,        866,        997,       10.1,        101,       5.05   ,   -1.20874
          2,  156,        411,        832,       10.1,        101,       5.05   ,   -1.45907
          2,  157,        975,        569,       10.1,        101,       5.05   ,    0.75204
          2,  158,        853,        195,       10.1,        101,       5.05   ,   0.663231
          2,  159,        507,        344,       10.1,        101,       5.05   , -0.0147799
          2,  160,        407,        539,       10.1,        101,       5.05   ,    1.07197
          2,  161,        131,        760,       10.1,        101,       5.05   ,   -0.24412
          2,  162,        287,        741,       10.1,        101,       5.05   ,   0.221593
          2,  163,        502,        275,       10.1,        101,       5.05   ,  -0.472742
          2,  164,        959,         67,       10.1,        101,       5.05   ,   -1.23332
          2,  165,        843,         12,       10.1,        101,       5.05   ,    1.40057
          2,  166,        933,        285,       10.1,        101,       5.05   ,   0.696327
          2,  167,        124,        444,       10.1,        101,       5.05   ,  -0.455975
          2,  168,        427,        569,       10.1,        101,       5.05   ,  -0.220783
          2,  169,        295,        133,       10.1,        101,       5.05   ,   0.772413
          2,  170,        977,        960,       10.1,        101,       5.05   ,   0.993167
          2,  171,        205,        558,       10.1,        101,       5.05   ,  -0.889766
          2,  172,        350,        277,       10.1,        101,       5.05   ,   0.324019
          2,  173,        218,        439,       10.1,        101,       5.05   ,   0.671422
          2,  174,        232,        294,       10.1,        101,       5.05   ,   0.891541
          2,  175,        880,        765,       10.1,        101,       5.05   ,   -1.16332
          2,  176,        521,        278,       10.1,        101,       5.05   ,  -0.477577
          2,  177,        827,        314,       10.1,        101,       5.05   ,    0.23911
          2,  178,        776,        482,       10.1,        101,       5.05   ,  -0.324119
          2,  179,        713,        226,       10.1,        101,       5.05   ,  -0.249469
          2,  180,        431,        491,       10.1,        101,       5.05   ,   0.549242
          2,  181,        197,         57,       10.1,        101,       5.05   ,   -1.18164
          2,  182,        604,        445,       10.1,        101,       5.05   ,  -0.456133
          2,  183,        462,        904,       10.1,        101,       5.05   ,    0.42091
          2,  184,        742,        788,       10.1,        101,       5.05   ,   0.640145
          2,  185,        848,        444,       10.1,        101,       5.05   ,   0.161295
          2,  186,        877,        842,       10.1,        101,       5.05   ,    1.56229
          2,  187,        644,        601,       10.1,        101,       5.05   ,  -0.750472
          2,  188,        508,        771,       10.1,        101,       5.05   ,  -0.977922
          2,  189,        226,        796,       10.1,        101,       5.05   ,   -0.78211
          2,  190,        348,        247,       10.1,        101,       5.05   ,   0.376181
          2,  191,        755,        723,       10.1,        101,       5.05   ,   0.889362
          2,  192,         19,        585,       10.1,        101,       5.05   ,    0.29219
          2,  193,        525,        117,       10.1,        101,       5.05   ,  -0.774926
          2,  194,        550,        196,       10.1,        101,       5.05   ,    0.51932
          2,  195,        949,        470,       10.1,        101,       5.05   ,    1.47978
          2,  196,        560,        570,       10.1,        101,       5.05   ,    1.10076
          2,  197,        200,        697,       10.1,        101,       5.05   ,  -0.824753
          2,  198,        753,        751,       10.1,        101,       5.05   ,    1.43157
          2,  199,        169,         91,       10.1,        101,       5.05   ,   0.814732
          2,  200,        385,        471,       10.1,        101,       5.05   ,  -0.330364
          2,  201,        439,        771,       10.1,        101,       5.05   ,   -0.15968
          2,  202,        451,        541,       10.1,        101,       5.05   ,    1.26361
          2,  203,        520,        269,       10.1,        101,       5.05   ,    1.30199
          2,  204,        481,        412,       10.1,        101,       5.05   ,   -1.30358
          2,  205,        971,        943,       10.1,        101,       5.05   ,   -1.10473
          2,  206,        311,        808,       10.1,        101,       5.05   ,  -0.179397
          2,  207,        853,        986,       10.1,        101,       5.05   ,  0.0962797
          2,  208,        302,        261,       10.1,        101,       5.05   ,    1.44666
          2,  209,        814,        655,       10.1,        101,       5.05   ,  -0.108071
          2,  210,        347,         62,       10.1,        101,       5.05   ,    1.35023
          2,  211,        493,         49,       10.1,        101,       5.05   ,    1.53708
          2,  212,        237,        847,       10.1,        101,       5.05   ,  -0.408825
          2,  213,        239,        620,       10.1,        101,       5.05   ,  0.0653413
          2,  214,        470,        680,       10.1,        101,       5.05   ,  -0.721831
          2,  215,        166,        724,       10.1,        101,       5.05   ,  -0.593703
          2,  216,        175,         69,       10.1,        101,       5.05   ,   -1.46789
          2,  217,        701,         42,       10.1,        101,       5.05   ,  -0.773895
          2,  218,        988,        148,       10.1,        101,       5.05   ,    1.49965
          2,  219,        703,        741,       10.1,        101,       5.05   ,    1.47085
          2,  220,        368,        843,       10.1,        101,       5.05   ,   -1.16969
          2,  221,        747,        712,       10.1,        101,       5.05   ,  0.0403924
          2,  222,        420,        380,       10.1,        101,       5.05   ,   0.513053
          2,  223,        339,        131,       10.1,        101,       5.05   ,  -0.362662
          2,  224,        617,        790,       10.1,        101,       5.05   ,     1.0642
          2,  225,        621,        886,       10.1,        101,       5.05   ,   -1.28995
          2,  226,        479,        630,       10.1,        101,       5.05   ,   -1.14827
          2,  227,        465,        265,       10.1,        101,       5.05   ,    0.85633
          2,  228,        990,        951,       10.1,        101,       5.05   ,  -0.230745
          2,  229,        532,        657,       10.1,        101,       5.05   ,     0.1738
          2,  230,        176,        633,       10.1,        101,       5.05   ,    1.09728
          2,  231,        182,         62,       10.1,        101,       5.05   ,     1.4848
          2,  232,        937,         74,       10.1,        101,       5.05   ,   -0.20441
          2,  233,        601,        832,       10.1,        101,       5.05   ,    1.01247
          2,  234,         82,        517,       10.1,        101,       5.05   ,   0.945434
          2,  235,        602,        138,       10.1,        101,       5.05   ,   -1.20314
          2,  236,        683,        448,       10.1,        101,       5.05   ,    0.84117
          2,  237,        777,        831,       10.1,        101,       5.05   ,  -0.512204
          2,  238,        123,        326,       10.1,        101,       5.05   ,  -0.775431
          2,  239,        883,        609,       10.1,        101,       5.05   ,   0.929853
          2,  240,        115,        572,       10.1,        101,       5.05   ,  -0.927838
          2,  241,        949,        491,       10.1,        101,       5.05   ,  -0.756702
          2,  242,        974,        416,       10.1,        101,       5.05   ,    1.14418
          2,  243,        534,        360,       10.1,        101,       5.05   ,   0.444541
          2,  244,        558,        287,       10.1,        101,       5.05   ,  -0.629734
          2,  245,         62,        816,       10.1,        101,       5.05   ,  0.0118806
          2,  246,        636,         25,       10.1,        101,       5.05   ,  -0.177208
          2,  247,        257,        609,       10.1,        101,       5.05   ,   0.453133
          2,  248,        636,        898,       10.1,        101,       5.05   ,    -1.1675
          2,  249,        505,        648,       10.1,        101,       5.05   ,   0.489558
          2,  250,          4,        807,       10.1,        101,       5.05   ,  -0.268775
          2,  251,        956,        944,       10.1,        101,       5.05   ,   0.542486
          2,  252,        377,        668,       10.1,        101,       5.05   , -0.0455276
          2,  253,        134,        995,       10.1,        101,       5.05   ,     1.3801
          2,  254,         72,        579,       10.1,        101,       5.05   ,   0.811868
          2,  255,         48,        710,       10.1,        101,       5.05   ,  -0.118147
          2,  256,        433,        143,       10.1,        101,       5.05   ,   0.147923
          2,  257,        769,        966,       10.1,        101,       5.05   ,   0.476927
          2,  258,        521,        631,       10.1,        101,       5.05   ,    1.13001
          2,  259,        888,        986,       10.1,        101,       5.05   ,   0.453049
          2,  260,        817,        868,       10.1,        101,       5.05   ,   0.885665
          2,  261,        638,        399,       10.1,        101,       5.05   ,    1.46465
          2,  262,        102,        869,       10.1,        101,       5.05   ,  -0.679954
          2,  263,        806,        176,       10.1,        101,       5.05   ,  -0.974314
          2,  264,        393,        887,       10.1,        101,       5.05   ,    1.54111
          2,  265,        222,        273,       10.1,        101,       5.05   ,   0.301349
          2,  266,        901,        594,       10.1,        101,       5.05   ,   0.161809
          2,  267,        594,        430,       10.1,        101,       5.05   ,   -1.19694
          2,  268,        394,        907,       10.1,        101,       5.05   ,   -1.08035
          2,  269,        137,        453,       10.1,        101,       5.05   ,   0.802544
          2,  270,        428,        187,       10.1,        101,       5.05   ,    1.13161
          2,  271,        719,         55,       10.1,        101,       5.05   ,   -0.52194
          2,  272,        540,        167,       10.1,        101,       5.05   ,  -0.338068
          2,  273,        885,        892,       10.1,        101,       5.05   ,    -1.1742
          2,  274,        251,        720,       10.1,        101,       5.05   ,   0.737885
          2,  275,          2,        690,       10.1,        101,       5.05   ,     1.2099
          2,  276,        566,        231,       10.1,        101,       5.05   ,    1.51254
          2,  277,        422,        280,       10.1,        101,       5.05   ,    1.10192
          2,  278,        114,         57,       10.1,        101,       5.05   ,   -1.12919
          2,  279,         97,        101,       10.1,        101,       5.05   ,   -1.25215
          2,  280,        150,        692,       10.1,        101,       5.05   ,   -1.26822
          2,  281,         83,        891,       10.1,        101,       5.05   ,    -1.2002
          2,  282,        836,        329,       10.1,        101,       5.05   ,  -0.918011
          2,  283,        514,        739,       10.1,        101,       5.05   , -0.0272649
          2,  284,        160,        745,       10.1,        101,       5.05   ,  -0.655712
          2,  285,        685,        439,       10.1,        101,       5.05   ,   0.182274
          2,  286,        897,        233,       10.1,        101,       5.05   ,    1.48987
          2,  287,        774,        171,       10.1,        101,       5.05   ,   0.586142
          2,  288,        774,        337,       10.1,        101,       5.05   ,   -1.36521
          2,  289,        349,        383,       10.1,        101,       5.05   ,    -0.8316
          2,  290,        379,        566,       10.1,        101,       5.05   ,  -0.649354
          2,  291,        464,         81,       10.1,        101,       5.05   ,    1.13536
          2,  292,        575,         47,       10.1,        101,       5.05   ,  -0.312951
          2,  293,        377,        388,       10.1,        101,       5.05   ,  -0.787426
          2,  294,        262,        492,       10.1,        101,       5.05   ,   -1.45698
          2,  295,        835,        285,       10.1,        101,       5.05   ,-0.00951494
          2,  296,        552,        165,       10.1,        101,       5.05   ,   0.387786
          2,  297,        982,        531,       10.1,        101,       5.05   ,  -0.230467
          2,  298,        463,        672,       10.1,        101,       5.05   ,    1.01376
          2,  299,        775,        757,       10.1,        101,       5.05   ,   -0.83593
          2,  300,        905,         65,       10.1,        101,       5.05   ,    1.17381
          2,  301,        610,        459,       10.1,        101,       5.05   ,    1.46588
          2,  302,        581,        664,       10.1,        101,       5.05   ,  -0.842707
          2,  303,        784,        334,       10.1,        101,       5.05   ,   0.604715
          2,  304,        920,        682,       10.1,        101,       5.05   ,    0.26504
          2,  305,        594,        563,       10.1,        101,       5.05   ,    1.25997
          2,  306,        271,        169,       10.1,        101,       5.05   ,    1.23504
          2,  307,        163,        865,       10.1,        101,       5.05   ,  -0.850843
          2,  308,        156,        426,       10.1,        101,       5.05   ,    -1.1543
          2,  309,        948,        551,       10.1,        101,       5.05   ,   0.578303
          2,  310,        108,        635,       10.1,        101,       5.05   ,  -0.683851
          2,  311,        314,        380,       10.1,        101,       5.05   ,   -1.27357
          2,  312,        563,        182,       10.1,        101,       5.05   ,    1.19137
          2,  313,        999,        709,       10.1,        101,       5.05   ,   -1.00845
          2,  314,        533,        745,       10.1,        101,       5.05   ,  -0.684319
          2,  315,        832,         95,       10.1,        101,       5.05   ,    1.17386
          2,  316,        660,        100,       10.1,        101,       5.05   ,  -0.398453
          2,  317,        455,        902,       10.1,        101,       5.05   ,    1.54875
          2,  318,        247,        644,       10.1,        101,       5.05   ,   -1.24091
          2,  319,        821,        398,       10.1,        101,       5.05   ,  -0.427101
          2,  320,         56,        109,       10.1,        101,       5.05   ,    1.26665
          2,  321,        810,        118,       10.1,        101,       5.05   ,   -1.53074
          2,  322,        638,        280,       10.1,        101,       5.05   ,  -0.543572
          2,  323,        272,         59,       10.1,        101,       5.05   ,    -1.0182
          2,  324,        697,        259,       10.1,        101,       5.05   ,    1.43368
          2,  325,        636,        560,       10.1,        101,       5.05   ,  -0.414258
          2,  326,        851,        614,       10.1,        101,       5.05   ,    1.22613
          2,  327,        576,        220,       10.1,        101,       5.05   ,  -0.242161
          2,  328,         90,        911,       10.1,        101,       5.05   ,   -1.54136
          2,  329,        697,        450,       10.1,        101,       5.05   ,   -1.56864
          2,  330,        410,        404,       10.1,        101,       5.05   ,   -1.21185
          2,  331,        313,        697,       10.1,        101,       5.05   ,   -1.40106
          2,  332,        607,        922,       10.1,        101,       5.05   ,   0.484941
          2,  333,        438,        977,       10.1,        101,       5.05   , -0.0913909
          2,  334,        461,        181,       10.1,        101,       5.05   ,   -1.06405
          2,  335,        753,         36,       10.1,        101,       5.05   ,   -1.09037
          2,  336,        242,        722,       10.1,        101,       5.05   ,   -1.01417
          2,  337,        168,        644,       10.1,        101,       5.05   ,   -1.53633
          2,  338,        395,        548,       10.1,        101,       5.05   ,  -0.311838
          2,  339,        779,        602,       10.1,        101,       5.05   ,  -0.584628
          2,  340,        929,        295,       10.1,        101,       5.05   ,-0.00129764
          2,  341,        767,        996,       10.1,        101,       5.05   ,  -0.711606
          2,  342,        739,         46,       10.1,        101,       5.05   ,   0.140692
          2,  343,        175,        580,       10.1,        101,       5.05   ,  -0.856231
          2,  344,          9,        178,       10.1,        101,       5.05   ,  -0.152338
          2,  345,        620,        204,       10.1,        101,       5.05   ,     1.1992
          2,  346,        376,         20,       10.1,        101,       5.05   ,   0.167241
          2,  347,         62,        886,       10.1,        101,       5.05   ,    0.59406
          2,  348,        858,        819,       10.1,        101,       5.05   ,  -0.881937
          2,  349,        604,        735,       10.1,        101,       5.05   ,   0.563788
          2,  350,        801,        512,       10.1,        101,       5.05   ,  -0.898906
          2,  351,        757,        888,       10.1,        101,       5.05   ,  -0.689739
          2,  352,        664,        250,       10.1,        101,       5.05   ,   0.281553
          2,  353,        633,        461,       10.1,        101,       5.05   ,  -0.303428
          2,  354,        593,        155,       10.1,        101,       5.05   ,   -1.23631
          2,  355,        942,        520,       10.1,        101,       5.05   ,   -0.28753
          2,  356,        156,        430,       10.1,        101,       5.05   ,   -1.56577
          2,  357,        738,         90,       10.1,        101,       5.05   ,  -0.202963
          2,  358,        567,        624,       10.1,        101,       5.05   ,   0.955335
          2,  359,        747,        595,       10.1,        101,       5.05   , 0.00197029
          2,  360,        391,        409,       10.1,        101,       5.05   ,   0.891199
          2,  361,        703,        637,       10.1,        101,       5.05   , -0.0822821
          2,  362,        487,        321,       10.1,        101,       5.05   ,    1.29068
          2,  363,        331,        264,       10.1,        101,       5.05   , -0.0391985
          2,  364,        783,        190,       10.1,        101,       5.05   ,    1.17265
          2,  365,        745,         24,       10.1,        101,       5.05   ,  -0.876381
          2,  366,        502,        480,       10.1,        101,       5.05   ,   0.898116
          2,  367,        782,        948,       10.1,        101,       5.05   ,    1.55414
          2,  368,        826,        657,       10.1,        101,       5.05   ,  -0.896719
          2,  369,        557,         63,       10.1,        101,       5.05   ,   0.621085
          2,  370,        399,        829,       10.1,        101,       5.05   ,   -1.13505
          2,  371,        285,        903,       10.1,        101,       5.05   ,   0.343913
          2,  372,        414,        846,       10.1,        101,       5.05   ,    0.66801
          2,  373,        892,        881,       10.1,        101,       5.05   , -0.0735082
          2,  374,        187,        772,       10.1,        101,       5.05   ,   0.889693
          2,  375,        221,        508,       10.1,        101,       5.05   ,   -1.01972
          2,  376,        169,        233,       10.1,        101,       5.05   ,   0.601758
          2,  377,        277,        113,       10.1,        101,       5.05   ,   0.113702
          2,  378,        276,        236,       10.1,        101,       5.05   ,   -0.96105
          2,  379,         22,         76,       10.1,        101,       5.05   ,   0.626548
          2,  380,         14,        757,       10.1,        101,       5.05   ,  -0.760887
          2,  381,        986,        181,       10.1,        101,       5.05   ,  -0.879969
          2,  382,        602,         26,       10.1,        101,       5.05   ,  -0.348785
          2,  383,        354,        575,       10.1,        101,       5.05   ,   0.687354
          2,  384,        410,        166,       10.1,        101,       5.05   ,    0.20637
          2,  385,        840,        241,       10.1,        101,       5.05   ,   -1.20536
          2,  386,         93,        683,       10.1,        101,       5.05   ,   -1.30489
          2,  387,        146,        586,       10.1,        101,       5.05   , -0.0268359
          2,  388,        871,        178,       10.1,        101,       5.05   ,    1.07822
          2,  389,        361,        294,       10.1,        101,       5.05   ,   0.111381
          2,  390,        300,        571,       10.1,        101,       5.05   ,    1.06185
          2,  391,         23,        437,       10.1,        101,       5.05   ,  -0.256988
          2,  392,         79,        316,       10.1,        101,       5.05   ,   -1.37779
          2,  393,        711,        986,       10.1,        101,       5.05   ,    1.34484
          2,  394,        965,        924,       10.1,        101,       5.05   ,   -1.44396
          2,  395,        837,        663,       10.1,        101,       5.05   ,   -1.01568
          2,  396,        740,        301,       10.1,        101,       5.05   ,  -0.490136
          2,  397,        269,        750,       10.1,        101,       5.05   ,  -0.856797
          2,  398,        669,        478,       10.1,        101,       5.05   ,   0.507871
          2,  399,        793,        235,       10.1,        101,       5.05   ,  0.0211014
          2,  400,        601,        798,       10.1,        101,       5.05   ,   -1.25393
          2,  401,        278,        377,       10.1,        101,       5.05   ,    0.55671
          2,  402,        792,        148,       10.1,        101,       5.05   ,   -1.02292
          2,  403,        566,        497,       10.1,        101,       5.05   ,   -1.10664
          2,  404,          6,        215,       10.1,        101,       5.05   ,  -0.237032
          2,  405,         79,        177,       10.1,        101,       5.05   ,   0.699267
          2,  406,        374,        643,       10.1,        101,       5.05   ,   -0.26453
          2,  407,         55,        467,       10.1,        101,       5.05   ,   -1.50684
          2,  408,        910,        902,       10.1,        101,       5.05   ,   -1.57077
          2,  409,        895,         49,       10.1,        101,       5.05   ,   0.782057
          2,  410,        843,        464,       10.1,        101,       5.05   ,     1.3385
          2,  411,        862,        724,       10.1,        101,       5.05   ,   0.999628
          2,  412,         90,        957,       10.1,        101,       5.05   ,   0.845219
          2,  413,        524,        990,       10.1,        101,       5.05   ,   0.859728
          2,  414,        544,        727,       10.1,        101,       5.05   ,    1.20583
          2,  415,        416,         77,       10.1,        101,       5.05   ,   -1.52249
          2,  416,        105,        164,       10.1,        101,       5.05   ,  0.0100336
          2,  417,        294,        196,       10.1,        101,       5.05   ,   -1.35565
          2,  418,        908,        861,       10.1,        101,       5.05   ,    -1.5453
          2,  419,        801,        278,       10.1,        101,       5.05   , -0.0528306
          2,  420,        900,        666,       10.1,        101,       5.05   , -0.0667471
          2,  421,        420,        635,       10.1,        101,       5.05   ,   -1.46492
          2,  422,        311,        892,       10.1,        101,       5.05   ,  -0.209638
          2,  423,        523,        593,       10.1,        101,       5.05   ,    -1.3832
          2,  424,        989,        259,       10.1,        101,       5.05   ,     1.2029
          2,  425,        247,        693,       10.1,        101,       5.05   ,  0.0733962
          2,  426,        510,         67,       10.1,        101,       5.05   ,  -0.713892
          2,  427,        746,        616,       10.1,        101,       5.05   , -0.0201759
          2,  428,        869,        406,       10.1,        101,       5.05   ,   0.596845
          2,  429,        814,        211,       10.1,        101,       5.05   ,   0.155319
          2,  430,        775,        282,       10.1,        101,       5.05   ,   0.596808
          2,  431,         42,        191,       10.1,        101,       5.05   ,      1.559
          2,  432,        439,         44,       10.1,        101,       5.05   ,    1.02985
          2,  433,        288,        596,       10.1,        101,       5.05   ,   0.901338
          2,  434,        651,         63,       10.1,        101,       5.05   ,  -0.705356
          2,  435,        462,        252,       10.1,        101,       5.05   ,   -0.13095
          2,  436,        330,         24,       10.1,        101,       5.05   ,   -1.52124
          2,  437,        302,        691,       10.1,        101,       5.05   ,  -0.242314
          2,  438,        346,        707,       10.1,        101,       5.05   ,   0.739748
          2,  439,        751,        349,       10.1,        101,       5.05   ,   0.443666
          2,  440,        623,        315,       10.1,        101,       5.05   ,   0.599345
          2,  441,        389,        655,       10.1,        101,       5.05   ,  0.0879634
          2,  442,        836,        412,       10.1,        101,       5.05   ,   0.287774
          2,  443,        105,        741,       10.1,        101,       5.05   ,    1.24789
          2,  444,         46,        484,       10.1,        101,       5.05   ,  -0.432207
          2,  445,        563,        169,       10.1,        101,       5.05   ,  -0.559607
          2,  446,         72,        172,       10.1,        101,       5.05   , 0.00345003
          2,  447,        750,        288,       10.1,        101,       5.05   ,  -0.605525
          2,  448,        617,        768,       10.1,        101,       5.05   ,    1.12592
          2,  449,        999,        722,       10.1,        101,       5.05   ,    1.56718
          2,  450,        108,        146,       10.1,        101,       5.05   ,    -1.1368
          2,  451,         79,        308,       10.1,        101,       5.05   ,    1.46385
          2,  452,        265,        427,       10.1,        101,       5.05   ,   -1.47466
          2,  453,        402,        714,       10.1,        101,       5.05   ,   0.379024
          2,  454,        834,         81,       10.1,        101,       5.05   , -0.0884437
          2,  455,        782,        817,       10.1,        101,       5.05   ,   -1.52555
          2,  456,        858,         33,       10.1,        101,       5.05   ,  -0.240224
          2,  457,        256,        266,       10.1,        101,       5.05   ,   -1.39565
          2,  458,        579,        253,       10.1,        101,       5.05   ,   -1.13009
          2,  459,        782,        575,       10.1,        101,       5.05   ,     1.5047
          2,  460,        996,        571,       10.1,        101,       5.05   ,    1.52609
          2,  461,        535,        618,       10.1,        101,       5.05   ,   0.394812
          2,  462,        558,        793,       10.1,        101,       5.05   ,    1.08523
          2,  463,        576,        875,       10.1,        101,       5.05   ,   -0.37043
          2,  464,        170,        267,       10.1,        101,       5.05   ,   -1.51792
          2,  465,        312,        157,       10.1,        101,       5.05   ,   0.247191
          2,  466,        667,        571,       10.1,        101,       5.05   ,  -0.857466
          2,  467,        731,        968,       10.1,        101,       5.05   ,    0.31914
          2,  468,        908,        355,       10.1,        101,       5.05   ,  -0.678696
          2,  469,        519,        174,       10.1,        101,       5.05   ,  -0.729132
          2,  470,        882,        320,       10.1,        101,       5.05   ,   -1.42152
          2,  471,        431,        219,       10.1,        101,       5.05   ,   -1.21561
          2,  472,        728,        548,       10.1,        101,       5.05   ,   -1.52708
          2,  473,        735,         10,       10.1,        101,       5.05   ,   0.522384
          2,  474,        948,        192,       10.1,        101,       5.05   ,  -0.121571
          2,  475,        395,        730,       10.1,        101,       5.05   ,    1.25252
          2,  476,        301,        800,       10.1,        101,       5.05   ,    1.09477
          2,  477,        947,        905,       10.1,        101,       5.05   ,    1.40396
          2,  478,        530,        852,       10.1,        101,       5.05   ,   0.173695
          2,  479,        377,        167,       10.1,        101,       5.05   ,  -0.485935
          2,  480,        184,        670,       10.1,        101,       5.05   ,    1.08654
          2,  481,        402,        605,       10.1,        101,       5.05   ,    0.39665
          2,  482,        858,        803,       10.1,        101,       5.05   ,    1.26037
          2,  483,        450,        971,       10.1,        101,       5.05   ,   -1.06227
          2,  484,         86,        565,       10.1,        101,       5.05   ,    1.20703
          2,  485,        213,        949,       10.1,        101,       5.05   ,    1.40796
          2,  486,        236,        190,       10.1,        101,       5.05   ,  -0.631508
          2,  487,        360,        344,       10.1,        101,       5.05   ,  -0.866113
          2,  488,        339,        164,       10.1,        101,       5.05   ,    1.01052
          2,  489,        452,        792,       10.1,        101,       5.05   ,   0.620536
          2,  490,        486,        243,       10.1,        101,       5.05   ,   -1.52651
          2,  491,        173,        273,       10.1,        101,       5.05   ,  -0.861819
          2,  492,        681,        480,       10.1,        101,       5.05   ,   0.703903
          2,  493,        172,        763,       10.1,        101,       5.05   ,  -0.559644
          2,  494,        649,        563,       10.1,        101,       5.05   ,    1.07689
          2,  495,        803,        970,       10.1,        101,       5.05   ,   0.382751
          2,  496,        820,        966,       10.1,        101,       5.05   ,   -1.33981
          2,  497,        925,        161,       10.1,        101,       5.05   ,    1.37463
          2,  498,        523,        313,       10.1,        101,       5.05   ,  -0.724578
          2,  499,        693,        854,       10.1,        101,       5.05   ,   0.827071
          2,  500,        609,        202,       10.1,        101,       5.05   ,  -0.704673
          2,  501,        287,        111,       10.1,        101,       5.05   ,   -1.18813
          2,  502,        359,        852,       10.1,        101,       5.05   ,   -1.10334
          2,  503,        844,        616,       10.1,        101,       5.05   ,   0.476955
          2,  504,        676,        967,       10.1,        101,       5.05   ,   0.146842
          2,  505,        432,         24,       10.1,        101,       5.05   ,  -0.705893
          2,  506,        450,        246,       10.1,        101,       5.05   ,   -0.42061
          2,  507,        883,        772,       10.1,        101,       5.05   ,   -1.06503
          2,  508,        254,        278,       10.1,        101,       5.05   ,   -1.54447
          2,  509,        701,        787,       10.1,        101,       5.05   ,   -1.22008
          2,  510,        302,          4,       10.1,        101,       5.05   ,    1.08939
          2,  511,        102,        661,       10.1,        101,       5.05   ,   -1.34523
          2,  512,        735,        325,       10.1,        101,       5.05   ,    1.40915
          2,  513,        651,        240,       10.1,        101,       5.05   ,    1.44057
          2,  514,         28,        675,       10.1,        101,       5.05   ,   0.328062
          2,  515,        153,        412,       10.1,        101,       5.05   ,  -0.948824
          2,  516,         72,        601,       10.1,        101,       5.05   ,  -0.501736
          2,  517,         84,        607,       10.1,        101,       5.05   ,   0.296949
          2,  518,        431,        410,       10.1,        101,       5.05   ,   0.960997
          2,  519,        555,        174,       10.1,        101,       5.05   ,   -0.48444
          2,  520,        361,        413,       10.1,        101,       5.05   ,  -0.259821
          2,  521,        566,        382,       10.1,        101,       5.05   ,    1.25812
          2,  522,        553,        209,       10.1,        101,       5.05   , -0.0530915
          2,  523,        837,         84,       10.1,        101,       5.05   ,   -1.10094
          2,  524,        841,         59,       10.1,        101,       5.05   ,   0.633178
          2,  525,        458,         39,       10.1,        101,       5.05   ,   0.734696
          2,  526,        658,        280,       10.1,        101,       5.05   ,    1.46527
          2,  527,        254,        360,       10.1,        101,       5.05   ,     0.7006
          2,  528,         94,        714,       10.1,        101,       5.05   ,   0.841232
          2,  529,        149,        764,       10.1,        101,       5.05   ,   -1.16762
          2,  530,        277,        328,       10.1,        101,       5.05   ,   0.954571
          2,  531,        400,        452,       10.1,        101,       5.05   ,  -0.950867
          2,  532,        414,        174,       10.1,        101,       5.05   ,   -1.43116
          2,  533,        745,        324,       10.1,        101,       5.05   ,    -1.2678
          2,  534,        294,        903,       10.1,        101,       5.05   ,   0.115918
          2,  535,        546,        620,       10.1,        101,       5.05   ,   -1.28595
          2,  536,        250,        143,       10.1,        101,       5.05   ,   -1.18623
          2,  537,        585,        265,       10.1,        101,       5.05   ,  0.0258608
          2,  538,        358,        218,       10.1,        101,       5.05   ,   -1.28045
          2,  539,        561,         29,       10.1,        101,       5.05   ,     1.1165
          2,  540,        196,        835,       10.1,        101,       5.05   , -0.0319381
          2,  541,        116,        929,       10.1,        101,       5.05   , -0.0238905
          2,  542,        572,        988,       10.1,        101,       5.05   ,   -1.47231
          2,  543,        381,        499,       10.1,        101,       5.05   ,   -0.54641
          2,  544,        299,        715,       10.1,        101,       5.05   ,   -1.34007
          2,  545,        494,        791,       10.1,        101,       5.05   ,   -1.47957
          2,  546,        997,        398,       10.1,        101,       5.05   ,   0.588869
          2,  547,        345,        206,       10.1,        101,       5.05   ,    1.56938
          2,  548,        588,        614,       10.1,        101,       5.05   ,    1.28026
          2,  549,        373,        117,       10.1,        101,       5.05   ,   0.866798
          2,  550,        849,        234,       10.1,        101,       5.05   ,   -1.15085
          2,  551,        117,         85,       10.1,        101,       5.05   ,    -1.2527
          2,  552,        780,        952,       10.1,        101,       5.05   ,   -1.01884
          2,  553,        515,        938,       10.1,        101,       5.05   ,  -0.501345
          2,  554,        803,        916,       10.1,        101,       5.05   ,    1.30847
          2,  555,        680,        675,       10.1,        101,       5.05   ,    1.09328
          2,  556,        817,        453,       10.1,        101,       5.05   ,   -1.08964
          2,  557,        152,         46,       10.1,        101,       5.05   ,   -1.41863
          2,  558,         40,        808,       10.1,        101,       5.05   ,   -1.52962
          2,  559,        845,        298,       10.1,        101,       5.05   ,  -0.572259
          2,  560,        733,        941,       10.1,        101,       5.05   ,   -1.12252
          2,  561,        450,        877,       10.1,        101,       5.05   ,   -1.05818
          2,  562,        970,        258,       10.1,        101,       5.05   ,   0.660762
          2,  563,        382,        373,       10.1,        101,       5.05   ,    1.16058
          2,  564,        531,        424,       10.1,        101,       5.05   ,  -0.572924
          2,  565,        525,        781,       10.1,        101,       5.05   ,  -0.160892
          2,  566,         96,        467,       10.1,        101,       5.05   ,   0.728766
          2,  567,        112,        397,       10.1,        101,       5.05   ,  -0.740864
          2,  568,        586,        946,       10.1,        101,       5.05   ,    -1.1006
          2,  569,        850,        876,       10.1,        101,       5.05   ,  -0.689715
          2,  570,        693,        193,       10.1,        101,       5.05   ,   -1.02127
          2,  571,        465,        732,       10.1,        101,       5.05   ,   -1.34024
          2,  572,        544,        445,       10.1,        101,       5.05   ,  -0.593182
          2,  573,        430,        147,       10.1,        101,       5.05   ,   0.739729
          2,  574,        244,        591,       10.1,        101,       5.05   ,    1.34372
          2,  575,        613,        305,       10.1,        101,       5.05   ,  -0.964524
          2,  576,        860,        578,       10.1,        101,       5.05   ,  0.0719466
          2,  577,        963,        354,       10.1,        101,       5.05   ,  -0.446233
          2,  578,        122,        269,       10.1,        101,       5.05   ,    0.16518
          2,  579,        684,        963,       10.1,        101,       5.05   ,   0.897152
          2,  580,        413,        230,       10.1,        101,       5.05   ,  -0.522653
          2,  581,        873,        647,       10.1,        101,       5.05   ,    1.51935
          2,  582,        749,        201,       10.1,        101,       5.05   ,   -1.00287
          2,  583,        201,        673,       10.1,        101,       5.05   ,  -0.477494
          2,  584,        646,        563,       10.1,        101,       5.05   ,  0.0768274
          2,  585,        624,        554,       10.1,        101,       5.05   ,  -0.148218
          2,  586,        526,        197,       10.1,        101,       5.05   ,  -0.306604
          2,  587,        371,        529,       10.1,        101,       5.05   ,    -1.0161
          2,  588,        613,         34,       10.1,        101,       5.05   ,  -0.778586
          2,  589,        499,        810,       10.1,        101,       5.05   ,  -0.866205
          2,  590,        271,        795,       10.1,        101,       5.05   ,  -0.773127
          2,  591,        632,        279,       10.1,        101,       5.05   ,   0.975394
          2,  592,        100,        550,       10.1,        101,       5.05   ,   -1.48581
          2,  593,        378,          4,       10.1,        101,       5.05   ,    1.51381
          2,  594,        273,        596,       10.1,        101,       5.05   ,   -1.00873
          2,  595,        872,         37,       10.1,        101,       5.05   ,    1.18054
          2,  596,        331,        789,       10.1,        101,       5.05   ,  -0.466911
          2,  597,        776,        791,       10.1,        101,       5.05   ,   0.285556
          2,  598,        585,         89,       10.1,        101,       5.05   ,    0.38768
          2,  599,        683,        606,       10.1,        101,       5.05   ,     1.1561
          2,  600,        116,        295,       10.1,        101,       5.05   ,   -1.53919
          2,  601,        336,        833,       10.1,        101,       5.05   ,   0.582622
          2,  602,        936,        907,       10.1,        101,       5.05   ,  -0.319735
          2,  603,        131,        281,       10.1,        101,       5.05   ,  -0.464898
          2,  604,        988,        373,       10.1,        101,       5.05   , -0.0702975
          2,  605,        328,        344,       10.1,        101,       5.05   ,  -0.441376
          2,  606,        360,        791,       10.1,        101,       5.05   ,    1.14118
          2,  607,         36,        446,       10.1,        101,       5.05   ,  -0.351557
          2,  608,        409,        845,       10.1,        101,       5.05   ,  -0.421026
          2,  609,        725,        793,       10.1,        101,       5.05   ,   -1.40151
          2,  610,        755,        502,       10.1,        101,       5.05   ,  -0.515676
          2,  611,        988,        905,       10.1,        101,       5.05   ,   0.846323
          2,  612,        520,        641,       10.1,        101,       5.05   ,    1.07288
          2,  613,        346,        165,       10.1,        101,       5.05   ,   -1.45159
          2,  614,        676,        505,       10.1,        101,       5.05   ,   -1.47686
          2,  615,        449,        408,       10.1,        101,       5.05   ,   -1.26315
          2,  616,        338,        340,       10.1,        101,       5.05   ,    1.37069
          2,  617,        724,        592,       10.1,        101,       5.05   ,    1.15024
          2,  618,        992,        968,       10.1,        101,       5.05   ,     0.2993
          2,  619,        724,        900,       10.1,        101,       5.05   ,    1.19559
          2,  620,        444,        821,       10.1,        101,       5.05   ,  -0.740083
          2,  621,         30,        735,       10.1,        101,       5.05   ,  -0.784908
          2,  622,        565,        392,       10.1,        101,       5.05   ,  -0.973088
          2,  623,         50,        302,       10.1,        101,       5.05   ,   0.192547
          2,  624,        885,        454,       10.1,        101,       5.05   ,    1.07263
          2,  625,        208,        448,       10.1,        101,       5.05   ,  -0.964279
          2,  626,        982,        525,       10.1,        101,       5.05   ,  0.0221828
          2,  627,        166,        672,       10.1,        101,       5.05   ,   0.212127
          2,  628,         32,        580,       10.1,        101,       5.05   ,     1.5033
          2,  629,        310,        779,       10.1,        101,       5.05   ,    1.44607
          2,  630,        776,        151,       10.1,        101,       5.05   ,   -1.05624
          2,  631,        432,        328,       10.1,        101,       5.05   ,   0.221486
          2,  632,        570,         64,       10.1,        101,       5.05   ,  -0.522475
          2,  633,        144,        108,       10.1,        101,       5.05   ,   -1.40655
          2,  634,        497,        233,       10.1,        101,       5.05   ,   0.489758
          2,  635,        602,        977,       10.1,        101,       5.05   ,   0.323878
          2,  636,        838,        131,       10.1,        101,       5.05   ,   -1.16374
          2,  637,        790,        153,       10.1,        101,       5.05   ,  -0.388526
          2,  638,        831,        897,       10.1,        101,       5.05   ,    1.54948
          2,  639,        315,        296,       10.1,        101,       5.05   ,    1.23385
          2,  640,        743,        918,       10.1,        101,       5.05   ,   0.602258
          2,  641,        960,        477,       10.1,        101,       5.05   ,   -1.44772
          2,  642,        313,        634,       10.1,        101,       5.05   ,   -1.26765
          2,  643,        301,        766,       10.1,        101,       5.05   ,    1.47706
          2,  644,        158,        788,       10.1,        101,       5.05   ,   -1.55831
          2,  645,        305,        612,       10.1,        101,       5.05   ,   -1.32168
          2,  646,        312,        244,       10.1,        101,       5.05   ,   0.301347
          2,  647,         74,        421,       10.1,        101,       5.05   ,   -1.44479
          2,  648,        526,        192,       10.1,        101,       5.05   ,   -1.08114
          2,  649,        548,        730,       10.1,        101,       5.05   ,    1.36217
          2,  650,        596,        652,       10.1,        101,       5.05   ,  -0.658263
          2,  651,        160,        442,       10.1,        101,       5.05   ,  -0.671013
          2,  652,        254,        177,       10.1,        101,       5.05   ,     1.2376
          2,  653,        298,         81,       10.1,        101,       5.05   ,    0.41657
          2,  654,        585,        971,       10.1,        101,       5.05   ,    1.13383
          2,  655,         66,        560,       10.1,        101,       5.05   ,  -0.469266
          2,  656,        931,        786,       10.1,        101,       5.05   ,  0.0528858
          2,  657,         84,        542,       10.1,        101,       5.05   ,  -0.955238
          2,  658,        514,        127,       10.1,        101,       5.05   ,   -1.33216
          2,  659,        762,        811,       10.1,        101,       5.05   ,    1.05296
          2,  660,        755,        754,       10.1,        101,       5.05   ,   0.113226
          2,  661,         18,        255,       10.1,        101,       5.05   ,    1.45994
          2,  662,        517,        996,       10.1,        101,       5.05   ,   -1.06654
          2,  663,        841,        407,       10.1,        101,       5.05   ,   0.796151
          2,  664,        362,        563,       10.1,        101,       5.05   ,   -0.14444
          2,  665,        338,        879,       10.1,        101,       5.05   ,  -0.196289
          2,  666,        608,        236,       10.1,        101,       5.05   ,   0.255809
          2,  667,        931,        194,       10.1,        101,       5.05   ,  -0.643957
          2,  668,        268,        753,       10.1,        101,       5.05   ,  -0.458601
          2,  669,        548,        902,       10.1,        101,       5.05   ,  -0.676196
          2,  670,        894,        885,       10.1,        101,       5.05   ,  -0.835466
          2,  671,         32,        460,       10.1,        101,       5.05   ,   0.646526
          2,  672,        776,        622,       10.1,        101,       5.05   ,   0.134838
          2,  673,        554,        798,       10.1,        101,       5.05   ,  -0.358223
          2,  674,        946,        640,       10.1,        101,       5.05   ,   0.513278
          2,  675,        796,        927,       10.1,        101,       5.05   ,  -0.256225
          2,  676,        542,        815,       10.1,        101,       5.05   ,  -0.554112
          2,  677,        394,        355,       10.1,        101,       5.05   ,   -1.54097
          2,  678,        909,        912,       10.1,        101,       5.05   ,   -1.20672
          2,  679,        450,        370,       10.1,        101,       5.05   ,    1.23573
          2,  680,        913,        327,       10.1,        101,       5.05   ,   0.558786
          2,  681,        949,        598,       10.1,        101,       5.05   ,   -0.04101
          2,  682,        289,        303,       10.1,        101,       5.05   ,  -0.802956
          2,  683,        101,        383,       10.1,        101,       5.05   ,  -0.311115
          2,  684,        783,        570,       10.1,        101,       5.05   ,  -0.927823
          2,  685,        616,        337,       10.1,        101,       5.05   ,  0.0303628
          2,  686,        441,        444,       10.1,        101,       5.05   ,   0.929494
          2,  687,        242,        982,       10.1,        101,       5.05   ,    -1.3195
------------------------------------------------------------------------------
Component[2] Total Sloped Parallelepiped = 687