Component 1 maximum area=0.326731 [on 1000x1000]
Component type: Ellipse
---------------------------------------------------------------------------------------
--------------|------- Center-----|----- dimensions---------|----------------------
component| id|    X       |     Y      |  Width/a     | height/b |   hoop   |   Slope   
---------------------------------------------------------------------------------------
          1,    1,        180,        207,       50.5,       50.5,      2.525   ,   0.880935
          1,    2,        166,        159,       50.5,       50.5,      2.525   ,   0.664453
          1,    3,        558,        936,       50.5,       50.5,      2.525   ,   0.846558
          1,    4,        280,        197,       50.5,       50.5,      2.525   ,   -1.02144
          1,    5,        775,         65,       50.5,       50.5,      2.525   ,   0.983155
          1,    6,        508,        932,       50.5,       50.5,      2.525   ,   0.929973
          1,    7,        405,        915,       50.5,       50.5,      2.525   ,    1.54827
          1,    8,        725,        949,       50.5,       50.5,      2.525   ,    1.10677
          1,    9,        234,        185,       50.5,       50.5,      2.525   ,   -1.36567
          1,   10,        436,        543,       50.5,       50.5,      2.525   ,   0.441225
          1,   11,        586,        731,       50.5,       50.5,      2.525   ,  -0.571357
          1,   12,        541,        173,       50.5,       50.5,      2.525   ,   -1.10306
          1,   13,        674,        236,       50.5,       50.5,      2.525   ,     1.2252
          1,   14,        108,        648,       50.5,       50.5,      2.525   ,    -1.2694
          1,   15,        523,        115,       50.5,       50.5,      2.525   ,   -1.43272
          1,   16,        375,        957,       50.5,       50.5,      2.525   ,   0.681832
          1,   17,        278,        745,       50.5,       50.5,      2.525   ,  -0.366951
          1,   18,        474,        525,       50.5,       50.5,      2.525   ,   0.366216
          1,   19,        446,        805,       50.5,       50.5,      2.525   ,   -1.09341
          1,   20,        585,        215,       50.5,       50.5,      2.525   ,  -0.112128
          1,   21,        713,        896,       50.5,       50.5,      2.525   ,   0.714438
          1,   22,         83,        826,       50.5,       50.5,      2.525   ,  -0.681876
          1,   23,        706,        531,       50.5,       50.5,      2.525   ,  -0.196516
          1,   24,        762,         63,       50.5,       50.5,      2.525   ,  -0.146321
          1,   25,          3,        232,       50.5,       50.5,      2.525   ,  -0.522922
          1,   26,        409,        293,       50.5,       50.5,      2.525   ,  -0.115734
          1,   27,        150,         59,       50.5,       50.5,      2.525   ,    1.19277
          1,   28,        514,        209,       50.5,       50.5,      2.525   ,   0.216329
          1,   29,        620,        728,       50.5,       50.5,      2.525   ,   -1.16042
          1,   30,        982,        792,       50.5,       50.5,      2.525   ,  -0.742123
          1,   31,        582,        699,       50.5,       50.5,      2.525   ,   -1.07942
          1,   32,        385,        597,       50.5,       50.5,      2.525   ,   -1.43468
          1,   33,        289,        516,       50.5,       50.5,      2.525   ,    1.44033
          1,   34,        340,        260,       50.5,       50.5,      2.525   ,   -0.85647
          1,   35,        239,        655,       50.5,       50.5,      2.525   ,   -1.31864
          1,   36,        477,        381,       50.5,       50.5,      2.525   ,   0.816452
          1,   37,        705,        699,       50.5,       50.5,      2.525   ,   0.062443
          1,   38,        916,        937,       50.5,       50.5,      2.525   ,  -0.446672
          1,   39,        213,          9,       50.5,       50.5,      2.525   ,   0.941274
          1,   40,        429,        349,       50.5,       50.5,      2.525   ,    -1.3401
          1,   41,        310,        952,       50.5,       50.5,      2.525   ,  -0.484309
          1,   42,         93,        392,       50.5,       50.5,      2.525   ,  -0.287808
          1,   43,        342,        882,       50.5,       50.5,      2.525   ,  -0.477384
          1,   44,        457,        517,       50.5,       50.5,      2.525   ,     -0.462
          1,   45,        819,        364,       50.5,       50.5,      2.525   ,   0.344981
          1,   46,        676,        987,       50.5,       50.5,      2.525   ,   -0.58611
          1,   47,        120,         85,       50.5,       50.5,      2.525   ,   0.426108
          1,   48,        695,        139,       50.5,       50.5,      2.525   ,   -1.22435
          1,   49,        497,        767,       50.5,       50.5,      2.525   ,  -0.615797
          1,   50,        177,        194,       50.5,       50.5,      2.525   ,   -1.27252
          1,   51,        488,        567,       50.5,       50.5,      2.525   ,  -0.458564
          1,   52,        332,        404,       50.5,       50.5,      2.525   ,    1.54307
          1,   53,        675,        820,       50.5,       50.5,      2.525   ,  0.0578567
          1,   54,         93,        548,       50.5,       50.5,      2.525   ,   -1.46626
------------------------------------------------------------------------------
Component[1] Total Ellipsoids = 54