Component 2 maximum area=0.323322 [on 1000x1000]
Component type: Sloped rectangle
---------------------------------------------------------------------------------------
--------------|------- Center-----|----- dimensions---------|----------------------
component| id|    X       |     Y      |  Width/a     | height/b |   hoop   |   Slope   
---------------------------------------------------------------------------------------
          2,    1,        395,         90,       10.1,        101,       5.05   ,    -1.4934
          2,    2,        917,        136,       10.1,        101,       5.05   ,   0.484019
          2,    3,        759,        871,       10.1,        101,       5.05   ,    -1.0473
          2,    4,        533,        311,       10.1,        101,       5.05   ,   -1.00587
          2,    5,        615,        749,       10.1,        101,       5.05   ,    1.21326
          2,    6,        659,         51,       10.1,        101,       5.05   ,  -0.438046
          2,    7,        331,        973,       10.1,        101,       5.05   ,  -0.627032
          2,    8,         75,        751,       10.1,        101,       5.05   ,  -0.212185
          2,    9,         36,         42,       10.1,        101,       5.05   ,   0.173995
          2,   10,        205,        685,       10.1,        101,       5.05   ,    1.25903
          2,   11,        362,        408,       10.1,        101,       5.05   ,   0.417448
          2,   12,        849,        514,       10.1,        101,       5.05   ,   -1.38038
          2,   13,        848,        240,       10.1,        101,       5.05   ,   0.643129
          2,   14,        604,         61,       10.1,        101,       5.05   ,   0.812822
          2,   15,         25,        502,       10.1,        101,       5.05   ,   -0.63879
          2,   16,        316,        613,       10.1,        101,       5.05   ,    1.15759
          2,   17,        414,        938,       10.1,        101,       5.05   ,  -0.789909
          2,   18,        154,        614,       10.1,        101,       5.05   ,    1.42544
          2,   19,        620,        965,       10.1,        101,       5.05   ,   0.247376
          2,   20,        972,        707,       10.1,        101,       5.05   ,    1.10034
          2,   21,        286,        267,       10.1,        101,       5.05   ,   -1.11002
          2,   22,        515,        703,       10.1,        101,       5.05   ,   0.189211
          2,   23,        470,         38,       10.1,        101,       5.05   ,   -1.16177
          2,   24,        637,        475,       10.1,        101,       5.05   ,   -0.26585
          2,   25,        159,        468,       10.1,        101,       5.05   ,  -0.425799
          2,   26,        700,        777,       10.1,        101,       5.05   , -0.0296416
          2,   27,        332,        167,       10.1,        101,       5.05   ,   -1.20077
          2,   28,        635,        748,       10.1,        101,       5.05   ,   -0.71763
          2,   29,         95,        466,       10.1,        101,       5.05   ,   0.235758
          2,   30,         56,         54,       10.1,        101,       5.05   ,   -1.40667
          2,   31,        628,        114,       10.1,        101,       5.05   ,   -1.35769
          2,   32,        684,         23,       10.1,        101,       5.05   ,   -1.43948
          2,   33,        128,        189,       10.1,        101,       5.05   ,    1.28021
          2,   34,         15,        568,       10.1,        101,       5.05   ,   -1.24346
          2,   35,        704,        321,       10.1,        101,       5.05   ,  -0.954855
          2,   36,        567,        481,       10.1,        101,       5.05   ,   -1.40861
          2,   37,        292,        328,       10.1,        101,       5.05   ,   -0.19733
          2,   38,        960,        153,       10.1,        101,       5.05   ,   0.856263
          2,   39,        233,        325,       10.1,        101,       5.05   ,  -0.416976
          2,   40,        784,        864,       10.1,        101,       5.05   ,    1.18467
          2,   41,        631,        847,       10.1,        101,       5.05   ,    1.21977
          2,   42,        931,        772,       10.1,        101,       5.05   ,  -0.757906
          2,   43,        307,         49,       10.1,        101,       5.05   ,   0.584655
          2,   44,        384,        392,       10.1,        101,       5.05   ,    1.22567
          2,   45,        137,        839,       10.1,        101,       5.05   ,  -0.184139
          2,   46,        482,        512,       10.1,        101,       5.05   ,  -0.614193
          2,   47,        976,        485,       10.1,        101,       5.05   ,    1.15768
          2,   48,        154,        945,       10.1,        101,       5.05   ,   0.891471
          2,   49,        157,         69,       10.1,        101,       5.05   ,   0.793937
          2,   50,        697,        414,       10.1,        101,       5.05   ,  -0.530222
          2,   51,        551,        285,       10.1,        101,       5.05   ,    1.24849
          2,   52,        941,         86,       10.1,        101,       5.05   ,    1.40463
          2,   53,        965,        660,       10.1,        101,       5.05   ,   0.104515
          2,   54,        881,        201,       10.1,        101,       5.05   ,    1.26934
          2,   55,        590,        127,       10.1,        101,       5.05   ,    1.29586
          2,   56,        347,        596,       10.1,        101,       5.05   ,   0.631702
          2,   57,        657,        381,       10.1,        101,       5.05   ,  0.0522528
          2,   58,         57,        800,       10.1,        101,       5.05   ,  -0.933845
          2,   59,        127,        801,       10.1,        101,       5.05   ,    1.46821
          2,   60,        622,        234,       10.1,        101,       5.05   ,     1.5205
          2,   61,        305,        110,       10.1,        101,       5.05   ,   0.756926
          2,   62,        807,        253,       10.1,        101,       5.05   ,    1.13915
          2,   63,        721,        652,       10.1,        101,       5.05   ,   -1.56646
          2,   64,        405,        268,       10.1,        101,       5.05   ,   -0.57526
          2,   65,        289,        455,       10.1,        101,       5.05   ,   0.167192
          2,   66,        929,        213,       10.1,        101,       5.05   ,  -0.784454
          2,   67,        110,        398,       10.1,        101,       5.05   ,   0.328668
          2,   68,        911,        674,       10.1,        101,       5.05   ,   0.224334
          2,   69,        641,        748,       10.1,        101,       5.05   ,  0.0297693
          2,   70,        295,         71,       10.1,        101,       5.05   ,   0.106852
          2,   71,        910,        597,       10.1,        101,       5.05   ,   -1.19342
          2,   72,        827,        959,       10.1,        101,       5.05   ,  -0.495246
          2,   73,        871,        534,       10.1,        101,       5.05   ,   -1.32417
          2,   74,        270,        260,       10.1,        101,       5.05   ,  -0.643881
          2,   75,        527,        369,       10.1,        101,       5.05   ,   0.775521
          2,   76,        770,         63,       10.1,        101,       5.05   ,   -1.45332
          2,   77,        957,        839,       10.1,        101,       5.05   ,   0.952938
          2,   78,        662,        298,       10.1,        101,       5.05   ,   -1.49544
          2,   79,        899,        332,       10.1,        101,       5.05   ,    1.43907
          2,   80,        884,        774,       10.1,        101,       5.05   ,   0.899055
          2,   81,        410,         80,       10.1,        101,       5.05   ,  -0.568189
          2,   82,        606,         43,       10.1,        101,       5.05   ,   0.975295
          2,   83,         89,        724,       10.1,        101,       5.05   , -0.0512943
          2,   84,        143,        579,       10.1,        101,       5.05   ,   0.949935
          2,   85,        305,        828,       10.1,        101,       5.05   ,   0.617463
          2,   86,        849,        481,       10.1,        101,       5.05   ,   0.670354
          2,   87,         47,        869,       10.1,        101,       5.05   ,     1.1784
          2,   88,        234,        282,       10.1,        101,       5.05   ,   0.399459
          2,   89,        764,        604,       10.1,        101,       5.05   ,    1.56816
          2,   90,        684,        707,       10.1,        101,       5.05   ,    1.24336
          2,   91,         17,        527,       10.1,        101,       5.05   ,   0.744723
          2,   92,        243,        804,       10.1,        101,       5.05   ,   0.936108
          2,   93,        155,        563,       10.1,        101,       5.05   ,    0.67629
          2,   94,        226,        701,       10.1,        101,       5.05   ,   0.313124
          2,   95,        877,        200,       10.1,        101,       5.05   ,  -0.226103
          2,   96,        273,        592,       10.1,        101,       5.05   ,  -0.963989
          2,   97,        820,        597,       10.1,        101,       5.05   ,   -1.15764
          2,   98,        492,        735,       10.1,        101,       5.05   ,   -0.55716
          2,   99,        366,        730,       10.1,        101,       5.05   ,    1.31581
          2,  100,         48,        188,       10.1,        101,       5.05   ,  -0.831659
          2,  101,        827,        967,       10.1,        101,       5.05   ,    1.56752
          2,  102,         59,        836,       10.1,        101,       5.05   ,   -0.99547
          2,  103,        241,        326,       10.1,        101,       5.05   ,   -0.56839
          2,  104,        806,        506,       10.1,        101,       5.05   ,    1.13636
          2,  105,         15,        230,       10.1,        101,       5.05   ,  -0.316598
          2,  106,        203,        744,       10.1,        101,       5.05   ,    1.00656
          2,  107,        573,        583,       10.1,        101,       5.05   ,   -1.25663
          2,  108,        363,        880,       10.1,        101,       5.05   ,   -1.00238
          2,  109,        685,        278,       10.1,        101,       5.05   ,  -0.619501
          2,  110,         19,        505,       10.1,        101,       5.05   ,  0.0328397
          2,  111,        993,        417,       10.1,        101,       5.05   ,    1.39634
          2,  112,        183,        428,       10.1,        101,       5.05   ,   0.706448
          2,  113,        702,         25,       10.1,        101,       5.05   ,  -0.752494
          2,  114,         66,        528,       10.1,        101,       5.05   ,  -0.922938
          2,  115,        581,        140,       10.1,        101,       5.05   ,  -0.917537
          2,  116,        934,        671,       10.1,        101,       5.05   ,  -0.245585
          2,  117,        865,        985,       10.1,        101,       5.05   ,   0.613598
          2,  118,        820,        768,       10.1,        101,       5.05   ,  -0.156011
          2,  119,        416,        896,       10.1,        101,       5.05   ,   0.763934
          2,  120,        907,        416,       10.1,        101,       5.05   ,    1.00854
          2,  121,        237,        760,       10.1,        101,       5.05   ,  -0.720434
          2,  122,        375,        783,       10.1,        101,       5.05   ,    1.41931
          2,  123,        358,        597,       10.1,        101,       5.05   ,   0.477996
          2,  124,        760,        856,       10.1,        101,       5.05   ,   0.163693
          2,  125,        452,        494,       10.1,        101,       5.05   ,   -1.34744
          2,  126,        506,        773,       10.1,        101,       5.05   ,    1.14903
          2,  127,        631,        930,       10.1,        101,       5.05   ,   0.872257
          2,  128,        848,        111,       10.1,        101,       5.05   ,  -0.418812
          2,  129,        389,        549,       10.1,        101,       5.05   ,   0.757359
          2,  130,        927,        121,       10.1,        101,       5.05   ,    1.30187
          2,  131,        403,        122,       10.1,        101,       5.05   ,   0.975016
          2,  132,        625,        202,       10.1,        101,       5.05   ,   -1.10079
          2,  133,        572,        769,       10.1,        101,       5.05   ,   0.458157
          2,  134,        199,         84,       10.1,        101,       5.05   ,    1.42018
          2,  135,        550,         80,       10.1,        101,       5.05   , -0.0828771
          2,  136,        634,        971,       10.1,        101,       5.05   ,   -1.40197
          2,  137,        921,        774,       10.1,        101,       5.05   ,  -0.560539
          2,  138,        943,        753,       10.1,        101,       5.05   ,  0.0806191
          2,  139,        551,        339,       10.1,        101,       5.05   ,    1.05246
          2,  140,        466,        224,       10.1,        101,       5.05   ,    1.50142
          2,  141,        388,         39,       10.1,        101,       5.05   ,  -0.907202
          2,  142,        248,        608,       10.1,        101,       5.05   ,   -1.41721
          2,  143,        682,        570,       10.1,        101,       5.05   ,   0.509098
          2,  144,         84,        799,       10.1,        101,       5.05   ,   0.755222
          2,  145,          6,        871,       10.1,        101,       5.05   ,  -0.720886
          2,  146,        571,         79,       10.1,        101,       5.05   , -0.0876866
          2,  147,        316,        254,       10.1,        101,       5.05   ,   -1.25007
          2,  148,        410,        507,       10.1,        101,       5.05   ,    -1.2822
          2,  149,        432,        724,       10.1,        101,       5.05   ,   -1.22349
          2,  150,         88,        766,       10.1,        101,       5.05   ,   0.526643
          2,  151,        810,        775,       10.1,        101,       5.05   ,   -1.20045
          2,  152,        781,         18,       10.1,        101,       5.05   ,  -0.329343
          2,  153,        691,         47,       10.1,        101,       5.05   ,  -0.896627
          2,  154,        220,        462,       10.1,        101,       5.05   ,  -0.386981
          2,  155,        795,         42,       10.1,        101,       5.05   ,   -1.32435
          2,  156,        850,        358,       10.1,        101,       5.05   ,    1.38471
          2,  157,        252,         47,       10.1,        101,       5.05   ,   -1.28477
          2,  158,        875,        222,       10.1,        101,       5.05   ,   0.585805
          2,  159,        757,        572,       10.1,        101,       5.05   ,     1.5487
          2,  160,        308,        919,       10.1,        101,       5.05   ,   0.716855
          2,  161,        609,        913,       10.1,        101,       5.05   ,    0.45326
          2,  162,        226,        132,       10.1,        101,       5.05   ,   -1.08742
          2,  163,        173,        867,       10.1,        101,       5.05   ,    1.30769
          2,  164,        437,        321,       10.1,        101,       5.05   ,    1.41685
          2,  165,        118,        904,       10.1,        101,       5.05   ,  -0.677297
          2,  166,        860,        721,       10.1,        101,       5.05   ,   0.839613
          2,  167,        334,        260,       10.1,        101,       5.05   ,     1.0348
          2,  168,        770,        224,       10.1,        101,       5.05   ,    1.03601
          2,  169,        936,         62,       10.1,        101,       5.05   ,   0.626546
          2,  170,        189,        199,       10.1,        101,       5.05   ,   0.977166
          2,  171,        561,        666,       10.1,        101,       5.05   ,   0.238179
          2,  172,        355,        534,       10.1,        101,       5.05   ,   -1.03747
          2,  173,        464,        897,       10.1,        101,       5.05   ,   -1.17223
          2,  174,        868,        328,       10.1,        101,       5.05   ,    0.69981
          2,  175,        844,        595,       10.1,        101,       5.05   ,  -0.734115
          2,  176,        848,        117,       10.1,        101,       5.05   ,  -0.578468
          2,  177,        952,        681,       10.1,        101,       5.05   ,    1.55837
          2,  178,        265,        356,       10.1,        101,       5.05   ,    1.45121
          2,  179,        367,         95,       10.1,        101,       5.05   ,  -0.625652
          2,  180,        881,        964,       10.1,        101,       5.05   ,   -1.25168
          2,  181,        453,        897,       10.1,        101,       5.05   ,  -0.527219
          2,  182,        889,        641,       10.1,        101,       5.05   ,     0.8262
          2,  183,        454,        437,       10.1,        101,       5.05   ,  -0.424505
          2,  184,        111,        519,       10.1,        101,       5.05   ,   0.429357
          2,  185,        807,        583,       10.1,        101,       5.05   ,   0.902448
          2,  186,        325,        748,       10.1,        101,       5.05   ,   0.781688
          2,  187,        360,        433,       10.1,        101,       5.05   ,  -0.301775
          2,  188,        465,        620,       10.1,        101,       5.05   ,  -0.341768
          2,  189,        996,         58,       10.1,        101,       5.05   ,  -0.823162
          2,  190,        214,        923,       10.1,        101,       5.05   ,   -1.23684
          2,  191,        753,        409,       10.1,        101,       5.05   ,   -1.32932
          2,  192,        198,        981,       10.1,        101,       5.05   ,   0.547978
          2,  193,        213,        746,       10.1,        101,       5.05   ,   0.104145
          2,  194,        273,        504,       10.1,        101,       5.05   ,   0.364116
          2,  195,        926,        256,       10.1,        101,       5.05   ,  -0.725957
          2,  196,        703,        241,       10.1,        101,       5.05   ,   0.725757
          2,  197,        316,        767,       10.1,        101,       5.05   ,  0.0555989
          2,  198,        579,        773,       10.1,        101,       5.05   ,    1.11142
          2,  199,        486,        887,       10.1,        101,       5.05   ,  -0.873871
          2,  200,        694,         46,       10.1,        101,       5.05   ,   0.202663
          2,  201,        987,        696,       10.1,        101,       5.05   ,  0.0325989
          2,  202,        862,        304,       10.1,        101,       5.05   ,  -0.572169
          2,  203,        606,        652,       10.1,        101,       5.05   ,   0.450918
          2,  204,        143,        167,       10.1,        101,       5.05   ,   0.869725
          2,  205,        176,        741,       10.1,        101,       5.05   ,   0.078866
          2,  206,         11,        279,       10.1,        101,       5.05   ,    1.44079
          2,  207,         98,        280,       10.1,        101,       5.05   ,   0.162947
          2,  208,        282,        675,       10.1,        101,       5.05   ,  -0.781232
          2,  209,         82,        658,       10.1,        101,       5.05   ,   -1.04566
          2,  210,        766,        308,       10.1,        101,       5.05   ,  -0.610773
          2,  211,        373,         33,       10.1,        101,       5.05   ,    1.31117
          2,  212,        459,        573,       10.1,        101,       5.05   ,  -0.840442
          2,  213,        975,        939,       10.1,        101,       5.05   ,   0.948507
          2,  214,        769,        618,       10.1,        101,       5.05   ,   0.154186
          2,  215,        975,        443,       10.1,        101,       5.05   ,  -0.561059
          2,  216,        768,         75,       10.1,        101,       5.05   ,    -1.0299
          2,  217,        709,        105,       10.1,        101,       5.05   ,  -0.559959
          2,  218,        720,        976,       10.1,        101,       5.05   ,   0.705728
          2,  219,        137,         87,       10.1,        101,       5.05   ,    1.17492
          2,  220,        767,        920,       10.1,        101,       5.05   , -0.0401837
          2,  221,        748,        256,       10.1,        101,       5.05   ,   -1.20994
          2,  222,        917,        763,       10.1,        101,       5.05   ,  0.0318218
          2,  223,        495,        219,       10.1,        101,       5.05   , -0.0687699
          2,  224,        100,        625,       10.1,        101,       5.05   ,   0.380528
          2,  225,         59,        244,       10.1,        101,       5.05   ,    -1.2055
          2,  226,        968,        908,       10.1,        101,       5.05   ,   0.865849
          2,  227,        309,        563,       10.1,        101,       5.05   ,   0.908349
          2,  228,        944,         48,       10.1,        101,       5.05   ,    0.12274
          2,  229,        117,        924,       10.1,        101,       5.05   ,    1.55456
          2,  230,        330,        976,       10.1,        101,       5.05   ,  -0.801137
          2,  231,        177,        107,       10.1,        101,       5.05   ,   0.765238
          2,  232,          9,        796,       10.1,        101,       5.05   ,  -0.864549
          2,  233,        259,        527,       10.1,        101,       5.05   ,   0.354397
          2,  234,        177,         65,       10.1,        101,       5.05   ,  -0.585757
          2,  235,        886,        159,       10.1,        101,       5.05   ,   0.954651
          2,  236,        116,        883,       10.1,        101,       5.05   ,   0.476312
          2,  237,        872,        334,       10.1,        101,       5.05   ,  -0.251366
          2,  238,        941,        591,       10.1,        101,       5.05   ,   0.109745
          2,  239,        757,        969,       10.1,        101,       5.05   ,    1.46214
          2,  240,        845,        646,       10.1,        101,       5.05   ,  -0.257284
          2,  241,        278,        949,       10.1,        101,       5.05   ,    1.03225
          2,  242,         59,        944,       10.1,        101,       5.05   ,    1.33401
          2,  243,        500,        795,       10.1,        101,       5.05   ,    1.56165
          2,  244,        103,        771,       10.1,        101,       5.05   , -0.0604906
          2,  245,          8,         21,       10.1,        101,       5.05   ,   0.863951
          2,  246,        830,         20,       10.1,        101,       5.05   ,   0.422481
          2,  247,        349,        580,       10.1,        101,       5.05   ,    1.05685
          2,  248,        728,        844,       10.1,        101,       5.05   ,  -0.996686
          2,  249,        903,        841,       10.1,        101,       5.05   ,   0.960286
          2,  250,        606,        685,       10.1,        101,       5.05   , -0.0107641
          2,  251,        294,        923,       10.1,        101,       5.05   ,  0.0979599
          2,  252,         77,        983,       10.1,        101,       5.05   ,   0.328599
          2,  253,        571,        365,       10.1,        101,       5.05   ,  -0.831295
          2,  254,        692,        322,       10.1,        101,       5.05   ,   0.532097
          2,  255,        993,        243,       10.1,        101,       5.05   ,    1.22115
          2,  256,        694,        559,       10.1,        101,       5.05   ,   0.444021
          2,  257,        643,        788,       10.1,        101,       5.05   ,   -1.16127
          2,  258,        893,        783,       10.1,        101,       5.05   ,  -0.233826
          2,  259,        230,        992,       10.1,        101,       5.05   ,   0.310085
          2,  260,        292,        734,       10.1,        101,       5.05   ,   0.216315
          2,  261,        687,        865,       10.1,        101,       5.05   ,  -0.788135
          2,  262,        732,         69,       10.1,        101,       5.05   ,   -1.28558
          2,  263,        179,        764,       10.1,        101,       5.05   ,   -1.12216
          2,  264,        207,         46,       10.1,        101,       5.05   ,  -0.466993
          2,  265,        912,        354,       10.1,        101,       5.05   ,  -0.336104
          2,  266,        689,        572,       10.1,        101,       5.05   ,   0.344748
          2,  267,         67,        455,       10.1,        101,       5.05   ,   -1.04123
          2,  268,        292,        418,       10.1,        101,       5.05   ,   -1.10371
          2,  269,        653,        494,       10.1,        101,       5.05   ,  -0.272749
          2,  270,        630,        333,       10.1,        101,       5.05   ,  -0.836656
          2,  271,        618,        374,       10.1,        101,       5.05   ,   0.242477
          2,  272,        939,        170,       10.1,        101,       5.05   ,     1.2576
          2,  273,         43,        158,       10.1,        101,       5.05   ,   0.443624
          2,  274,        482,        803,       10.1,        101,       5.05   ,    1.35818
          2,  275,        947,        887,       10.1,        101,       5.05   ,  -0.760647
          2,  276,        411,        858,       10.1,        101,       5.05   ,   -1.49159
          2,  277,        331,        282,       10.1,        101,       5.05   ,   0.396165
          2,  278,        762,         81,       10.1,        101,       5.05   ,  -0.105371
          2,  279,        472,        628,       10.1,        101,       5.05   ,  -0.379843
          2,  280,        489,        543,       10.1,        101,       5.05   ,   0.472512
          2,  281,        262,        503,       10.1,        101,       5.05   ,  -0.758826
          2,  282,        792,        361,       10.1,        101,       5.05   ,   0.364999
          2,  283,        716,        575,       10.1,        101,       5.05   ,    1.26106
          2,  284,        832,        298,       10.1,        101,       5.05   ,  -0.461376
          2,  285,        478,        235,       10.1,        101,       5.05   ,  -0.247694
          2,  286,         76,         74,       10.1,        101,       5.05   ,   0.586093
          2,  287,        210,        719,       10.1,        101,       5.05   ,   0.637766
          2,  288,        450,        849,       10.1,        101,       5.05   ,    -1.4489
          2,  289,        664,         64,       10.1,        101,       5.05   ,    1.08825
          2,  290,        340,        495,       10.1,        101,       5.05   ,    1.41857
          2,  291,        169,        204,       10.1,        101,       5.05   ,    1.25131
          2,  292,        780,        602,       10.1,        101,       5.05   ,   0.735159
          2,  293,        379,        374,       10.1,        101,       5.05   ,   -1.26318
          2,  294,         76,        852,       10.1,        101,       5.05   ,    1.06267
          2,  295,        451,        622,       10.1,        101,       5.05   ,    1.37187
          2,  296,        468,        585,       10.1,        101,       5.05   ,   -0.18895
          2,  297,        109,        278,       10.1,        101,       5.05   ,  -0.237475
          2,  298,        686,         45,       10.1,        101,       5.05   ,     0.1354
          2,  299,        835,        622,       10.1,        101,       5.05   ,    1.31916
          2,  300,        891,        719,       10.1,        101,       5.05   ,   0.222605
          2,  301,        125,        401,       10.1,        101,       5.05   ,   0.362052
          2,  302,        312,        475,       10.1,        101,       5.05   ,   0.164482
          2,  303,        330,        360,       10.1,        101,       5.05   ,    1.56824
          2,  304,         66,        732,       10.1,        101,       5.05   , -0.0378098
          2,  305,        879,        590,       10.1,        101,       5.05   ,    1.55481
          2,  306,        316,        630,       10.1,        101,       5.05   ,  -0.219316
          2,  307,         46,        856,       10.1,        101,       5.05   ,   0.420562
          2,  308,         19,        978,       10.1,        101,       5.05   ,   -1.24337
          2,  309,        970,        371,       10.1,        101,       5.05   ,  -0.478611
          2,  310,        733,        782,       10.1,        101,       5.05   ,   0.124876
          2,  311,        808,          4,       10.1,        101,       5.05   ,   0.600874
          2,  312,         21,        429,       10.1,        101,       5.05   ,   -1.21532
          2,  313,        847,        358,       10.1,        101,       5.05   ,  -0.844919
          2,  314,        511,        115,       10.1,        101,       5.05   ,    1.04127
          2,  315,         51,        172,       10.1,        101,       5.05   ,    0.35342
          2,  316,        518,        305,       10.1,        101,       5.05   ,  -0.855145
          2,  317,        106,        965,       10.1,        101,       5.05   ,  -0.283974
          2,  318,        766,        268,       10.1,        101,       5.05   ,   0.902838
          2,  319,        681,        233,       10.1,        101,       5.05   ,  -0.683014
          2,  320,        823,        944,       10.1,        101,       5.05   ,  -0.316234
          2,  321,        618,        729,       10.1,        101,       5.05   ,    1.13241
          2,  322,        254,         33,       10.1,        101,       5.05   ,  -0.742363
          2,  323,        344,        697,       10.1,        101,       5.05   ,  -0.603819
          2,  324,        210,        513,       10.1,        101,       5.05   ,   -0.16312
          2,  325,        970,        547,       10.1,        101,       5.05   ,  -0.395583
          2,  326,          2,        874,       10.1,        101,       5.05   ,   -0.46315
          2,  327,        462,        895,       10.1,        101,       5.05   ,  -0.560222
          2,  328,        607,        367,       10.1,        101,       5.05   ,  0.0394089
          2,  329,        384,        389,       10.1,        101,       5.05   ,   0.109198
          2,  330,        908,        584,       10.1,        101,       5.05   ,  -0.581136
          2,  331,        382,        861,       10.1,        101,       5.05   ,    1.04797
          2,  332,        589,        294,       10.1,        101,       5.05   ,   0.753374
          2,  333,        748,        451,       10.1,        101,       5.05   ,    -0.4514
          2,  334,        499,        129,       10.1,        101,       5.05   ,     1.4211
          2,  335,        634,        537,       10.1,        101,       5.05   ,   -1.37636
          2,  336,        792,        220,       10.1,        101,       5.05   ,  -0.916316
          2,  337,        785,        228,       10.1,        101,       5.05   ,  -0.460216
          2,  338,        711,        960,       10.1,        101,       5.05   ,   0.825838
          2,  339,         40,        886,       10.1,        101,       5.05   ,   0.156165
          2,  340,        959,        733,       10.1,        101,       5.05   ,   0.577336
          2,  341,        299,        568,       10.1,        101,       5.05   ,  0.0550427
          2,  342,          7,        119,       10.1,        101,       5.05   ,   -0.25165
          2,  343,        478,        715,       10.1,        101,       5.05   ,  -0.675281
          2,  344,        200,        508,       10.1,        101,       5.05   ,   0.213152
          2,  345,        386,        586,       10.1,        101,       5.05   ,  -0.625174
          2,  346,        608,        456,       10.1,        101,       5.05   ,  -0.510385
          2,  347,        689,        129,       10.1,        101,       5.05   ,   0.509129
          2,  348,        827,        182,       10.1,        101,       5.05   ,  -0.550903
          2,  349,        496,        221,       10.1,        101,       5.05   ,   0.443387
          2,  350,        186,        344,       10.1,        101,       5.05   ,    1.27544
          2,  351,        294,        771,       10.1,        101,       5.05   ,  -0.843147
          2,  352,        601,        511,       10.1,        101,       5.05   ,    0.29631
          2,  353,        502,        427,       10.1,        101,       5.05   ,   -1.39088
          2,  354,        706,        112,       10.1,        101,       5.05   ,    1.02683
          2,  355,        578,        297,       10.1,        101,       5.05   ,   0.193217
          2,  356,        969,         65,       10.1,        101,       5.05   ,    1.02795
          2,  357,        406,        468,       10.1,        101,       5.05   ,   -0.44182
          2,  358,        595,        973,       10.1,        101,       5.05   ,   0.419549
          2,  359,        249,        728,       10.1,        101,       5.05   ,   -1.52308
          2,  360,        338,        823,       10.1,        101,       5.05   ,  -0.411166
          2,  361,        275,        256,       10.1,        101,       5.05   ,   0.796206
          2,  362,        368,        110,       10.1,        101,       5.05   ,  -0.785699
          2,  363,         87,         29,       10.1,        101,       5.05   ,  0.0684512
          2,  364,        416,        412,       10.1,        101,       5.05   ,   0.192028
          2,  365,        430,         30,       10.1,        101,       5.05   ,   -1.18786
          2,  366,        477,        670,       10.1,        101,       5.05   ,  -0.513745
          2,  367,        173,        807,       10.1,        101,       5.05   ,   0.920413
          2,  368,        986,        986,       10.1,        101,       5.05   ,   -1.47684
          2,  369,        623,         11,       10.1,        101,       5.05   ,   0.685632
          2,  370,          0,        266,       10.1,        101,       5.05   ,  -0.552837
          2,  371,        836,        547,       10.1,        101,       5.05   ,    0.15792
          2,  372,        905,        110,       10.1,        101,       5.05   ,    0.22472
          2,  373,        194,        713,       10.1,        101,       5.05   ,   0.551925
          2,  374,         34,        321,       10.1,        101,       5.05   ,    1.37579
          2,  375,        982,        614,       10.1,        101,       5.05   ,   0.661584
          2,  376,        932,         84,       10.1,        101,       5.05   ,  -0.268338
          2,  377,        302,        138,       10.1,        101,       5.05   ,   0.712578
          2,  378,        833,        412,       10.1,        101,       5.05   ,   0.475367
          2,  379,         82,        417,       10.1,        101,       5.05   ,   -1.14432
          2,  380,        163,        762,       10.1,        101,       5.05   ,   -1.02535
          2,  381,        213,        807,       10.1,        101,       5.05   ,   0.220106
          2,  382,        355,         38,       10.1,        101,       5.05   ,    1.35737
          2,  383,        143,        582,       10.1,        101,       5.05   ,  0.0525724
          2,  384,        921,        993,       10.1,        101,       5.05   ,  0.0379184
          2,  385,        529,        134,       10.1,        101,       5.05   ,  0.0842586
          2,  386,        656,        916,       10.1,        101,       5.05   ,   0.473472
          2,  387,        700,        222,       10.1,        101,       5.05   ,  -0.626367
          2,  388,        492,        806,       10.1,        101,       5.05   ,  -0.751735
          2,  389,        796,         99,       10.1,        101,       5.05   ,   0.589501
          2,  390,        935,        704,       10.1,        101,       5.05   ,  0.0773783
          2,  391,        689,        226,       10.1,        101,       5.05   ,   0.124346
          2,  392,        972,        261,       10.1,        101,       5.05   ,    1.48078
          2,  393,        965,        405,       10.1,        101,       5.05   ,  -0.558614
          2,  394,        648,        846,       10.1,        101,       5.05   ,    -1.4301
          2,  395,        395,        363,       10.1,        101,       5.05   ,   -1.21586
          2,  396,        814,        977,       10.1,        101,       5.05   ,  -0.459063
          2,  397,        263,        516,       10.1,        101,       5.05   ,  -0.360336
          2,  398,        758,        542,       10.1,        101,       5.05   ,   0.837122
          2,  399,        378,        131,       10.1,        101,       5.05   ,    1.52212
          2,  400,         15,        637,       10.1,        101,       5.05   ,   -1.18657
          2,  401,        835,         36,       10.1,        101,       5.05   ,   -0.43341
          2,  402,        756,        919,       10.1,        101,       5.05   ,   -1.15145
          2,  403,        240,        236,       10.1,        101,       5.05   ,   -1.05541
          2,  404,        663,        982,       10.1,        101,       5.05   ,     1.4877
          2,  405,        721,         29,       10.1,        101,       5.05   ,   0.732115
          2,  406,        387,        204,       10.1,        101,       5.05   , -0.0996329
          2,  407,        927,        594,       10.1,        101,       5.05   ,   0.120365
          2,  408,        317,        561,       10.1,        101,       5.05   ,  0.0772245
          2,  409,        370,        680,       10.1,        101,       5.05   ,   0.687682
          2,  410,        371,        854,       10.1,        101,       5.05   ,    1.40834
          2,  411,         79,        799,       10.1,        101,       5.05   ,  -0.752365
          2,  412,        342,        271,       10.1,        101,       5.05   ,    1.49564
          2,  413,        166,        203,       10.1,        101,       5.05   ,   0.940039
          2,  414,        574,        949,       10.1,        101,       5.05   ,     1.3724
          2,  415,        384,        140,       10.1,        101,       5.05   ,  -0.575622
          2,  416,        254,        767,       10.1,        101,       5.05   ,   0.433114
          2,  417,        117,        577,       10.1,        101,       5.05   ,   0.827223
          2,  418,        452,        976,       10.1,        101,       5.05   ,   0.121693
          2,  419,        818,        893,       10.1,        101,       5.05   ,     1.2872
          2,  420,        183,        925,       10.1,        101,       5.05   ,   0.921944
          2,  421,        971,         26,       10.1,        101,       5.05   ,  -0.798255
          2,  422,        202,        168,       10.1,        101,       5.05   ,   -0.96895
          2,  423,        780,        467,       10.1,        101,       5.05   ,  -0.579082
          2,  424,        574,         43,       10.1,        101,       5.05   ,   0.430349
          2,  425,        531,        481,       10.1,        101,       5.05   ,   0.240053
          2,  426,        744,         44,       10.1,        101,       5.05   ,  -0.539804
          2,  427,        480,        383,       10.1,        101,       5.05   ,   0.642567
          2,  428,        219,         58,       10.1,        101,       5.05   ,  -0.583913
          2,  429,        217,        846,       10.1,        101,       5.05   ,   0.429973
          2,  430,        997,         50,       10.1,        101,       5.05   ,    1.49091
          2,  431,        435,        987,       10.1,        101,       5.05   ,   0.147983
          2,  432,        217,        147,       10.1,        101,       5.05   ,    0.16644
          2,  433,        512,         29,       10.1,        101,       5.05   ,  -0.397147
          2,  434,        244,        561,       10.1,        101,       5.05   ,    1.30484
          2,  435,        342,        207,       10.1,        101,       5.05   ,    1.35621
          2,  436,        744,        477,       10.1,        101,       5.05   ,   -1.50209
          2,  437,        668,        864,       10.1,        101,       5.05   ,   -1.53662
          2,  438,         39,        895,       10.1,        101,       5.05   ,   0.269338
          2,  439,        699,        664,       10.1,        101,       5.05   ,  -0.955948
          2,  440,        998,        282,       10.1,        101,       5.05   ,  -0.600796
          2,  441,         62,        644,       10.1,        101,       5.05   ,  -0.770668
          2,  442,        492,        296,       10.1,        101,       5.05   ,    1.26323
          2,  443,        716,        521,       10.1,        101,       5.05   ,   0.464752
          2,  444,        726,        595,       10.1,        101,       5.05   ,  -0.804431
          2,  445,        844,        799,       10.1,        101,       5.05   ,  -0.475441
          2,  446,        546,        537,       10.1,        101,       5.05   ,  -0.628573
          2,  447,        521,        366,       10.1,        101,       5.05   ,   0.911324
          2,  448,        747,         86,       10.1,        101,       5.05   ,   -1.23474
          2,  449,        954,        418,       10.1,        101,       5.05   ,  0.0667764
          2,  450,         93,        257,       10.1,        101,       5.05   ,   0.279283
          2,  451,        715,         22,       10.1,        101,       5.05   ,   -1.46422
          2,  452,        822,        800,       10.1,        101,       5.05   ,   0.795864
          2,  453,        295,         78,       10.1,        101,       5.05   ,   -0.69338
          2,  454,        328,        545,       10.1,        101,       5.05   ,   0.615531
          2,  455,        267,        819,       10.1,        101,       5.05   ,  -0.226199
          2,  456,        796,        304,       10.1,        101,       5.05   ,    1.52481
          2,  457,        885,        908,       10.1,        101,       5.05   ,   0.021372
          2,  458,        685,        313,       10.1,        101,       5.05   ,  -0.425631
          2,  459,        697,        712,       10.1,        101,       5.05   ,  -0.179824
          2,  460,        398,        617,       10.1,        101,       5.05   ,   0.729321
          2,  461,         59,        275,       10.1,        101,       5.05   ,    -1.5143
          2,  462,        531,        437,       10.1,        101,       5.05   ,  -0.848742
          2,  463,        115,        541,       10.1,        101,       5.05   ,   -1.06371
          2,  464,        760,         21,       10.1,        101,       5.05   ,  -0.786237
          2,  465,        896,        328,       10.1,        101,       5.05   ,   0.411033
          2,  466,        180,        550,       10.1,        101,       5.05   ,   -1.28335
          2,  467,        767,        919,       10.1,        101,       5.05   ,    1.30092
          2,  468,        840,        726,       10.1,        101,       5.05   ,    1.25015
          2,  469,        350,         17,       10.1,        101,       5.05   ,  -0.347898
          2,  470,        411,        945,       10.1,        101,       5.05   ,    1.30369
          2,  471,        111,         42,       10.1,        101,       5.05   ,  -0.623071
          2,  472,        251,        663,       10.1,        101,       5.05   ,  -0.231078
          2,  473,        427,        925,       10.1,        101,       5.05   ,   0.200122
          2,  474,        345,        552,       10.1,        101,       5.05   ,  -0.852398
          2,  475,        813,        865,       10.1,        101,       5.05   ,   -1.06178
          2,  476,        680,        847,       10.1,        101,       5.05   ,    1.00685
          2,  477,        467,        658,       10.1,        101,       5.05   ,   -0.32386
          2,  478,        716,         73,       10.1,        101,       5.05   , -0.0115396
          2,  479,        432,        351,       10.1,        101,       5.05   ,   0.452483
          2,  480,        104,        633,       10.1,        101,       5.05   ,   -1.35566
          2,  481,        580,        132,       10.1,        101,       5.05   ,   -1.09903
          2,  482,        383,        171,       10.1,        101,       5.05   ,    1.42309
          2,  483,        644,        237,       10.1,        101,       5.05   ,   0.121685
          2,  484,        426,        654,       10.1,        101,       5.05   ,  -0.198174
          2,  485,        587,        512,       10.1,        101,       5.05   ,   0.616901
          2,  486,          7,        578,       10.1,        101,       5.05   ,   0.924686
          2,  487,        667,        672,       10.1,        101,       5.05   ,  0.0349458
          2,  488,        472,        951,       10.1,        101,       5.05   ,    1.04902
          2,  489,        686,        253,       10.1,        101,       5.05   ,  -0.454757
          2,  490,        522,         86,       10.1,        101,       5.05   , -0.0721474
          2,  491,        972,        226,       10.1,        101,       5.05   ,    1.08368
          2,  492,        150,        810,       10.1,        101,       5.05   ,  -0.791493
          2,  493,        328,         51,       10.1,        101,       5.05   ,   0.971094
          2,  494,        433,        116,       10.1,        101,       5.05   ,     1.1823
          2,  495,         55,        594,       10.1,        101,       5.05   ,    -1.2113
          2,  496,        316,        664,       10.1,        101,       5.05   ,    1.38673
          2,  497,        642,        820,       10.1,        101,       5.05   ,  -0.458159
          2,  498,        382,        857,       10.1,        101,       5.05   ,  -0.815199
          2,  499,        461,        954,       10.1,        101,       5.05   ,   0.992897
          2,  500,        359,        444,       10.1,        101,       5.05   ,   -1.39188
          2,  501,        297,        878,       10.1,        101,       5.05   ,  0.0620077
          2,  502,        586,        101,       10.1,        101,       5.05   ,   -1.24145
          2,  503,        114,        446,       10.1,        101,       5.05   ,   0.930461
          2,  504,        478,        962,       10.1,        101,       5.05   ,   0.689059
          2,  505,        426,        966,       10.1,        101,       5.05   ,  -0.961213
          2,  506,        279,        784,       10.1,        101,       5.05   ,   0.294477
          2,  507,        286,        530,       10.1,        101,       5.05   ,   0.515967
          2,  508,        830,        462,       10.1,        101,       5.05   ,    1.42808
          2,  509,        624,        313,       10.1,        101,       5.05   ,    1.30589
          2,  510,        444,        273,       10.1,        101,       5.05   ,  -0.711164
          2,  511,        859,        593,       10.1,        101,       5.05   ,  -0.367556
          2,  512,        826,        305,       10.1,        101,       5.05   ,   0.491382
          2,  513,        279,        464,       10.1,        101,       5.05   ,   -0.42031
          2,  514,        561,        982,       10.1,        101,       5.05   ,  0.0464004
          2,  515,        419,        836,       10.1,        101,       5.05   ,   -1.34907
          2,  516,        771,         60,       10.1,        101,       5.05   ,   0.462815
          2,  517,        599,        887,       10.1,        101,       5.05   ,   0.765768
          2,  518,        127,        133,       10.1,        101,       5.05   ,   0.761265
          2,  519,        768,        848,       10.1,        101,       5.05   ,  -0.353344
          2,  520,        716,        135,       10.1,        101,       5.05   ,    1.24404
          2,  521,        852,        863,       10.1,        101,       5.05   ,  -0.165686
          2,  522,        791,        900,       10.1,        101,       5.05   ,  -0.963948
          2,  523,        144,        229,       10.1,        101,       5.05   ,    1.49998
          2,  524,        576,        893,       10.1,        101,       5.05   ,   0.714385
          2,  525,        229,        545,       10.1,        101,       5.05   ,   0.327365
          2,  526,        953,        180,       10.1,        101,       5.05   ,   0.132038
          2,  527,        825,        752,       10.1,        101,       5.05   ,    -1.0747
          2,  528,        674,        823,       10.1,        101,       5.05   ,  -0.173555
          2,  529,        215,        855,       10.1,        101,       5.05   ,    1.40658
          2,  530,        433,         21,       10.1,        101,       5.05   ,   0.893756
          2,  531,        194,        476,       10.1,        101,       5.05   ,    0.57887
          2,  532,        818,        465,       10.1,        101,       5.05   ,   -1.33227
          2,  533,        205,        200,       10.1,        101,       5.05   ,  -0.469724
          2,  534,        552,        276,       10.1,        101,       5.05   ,   0.286126
          2,  535,        613,        931,       10.1,        101,       5.05   , -0.0700608
          2,  536,        798,        279,       10.1,        101,       5.05   ,   0.912431
          2,  537,        700,        356,       10.1,        101,       5.05   ,  -0.479466
          2,  538,        530,        887,       10.1,        101,       5.05   ,  -0.445501
          2,  539,         56,        692,       10.1,        101,       5.05   ,   0.340839
          2,  540,        653,        170,       10.1,        101,       5.05   ,   -1.32291
          2,  541,        579,        776,       10.1,        101,       5.05   ,   0.588248
          2,  542,        166,        897,       10.1,        101,       5.05   ,   0.635324
          2,  543,        441,        621,       10.1,        101,       5.05   ,  -0.115848
          2,  544,        191,          1,       10.1,        101,       5.05   ,    -1.3354
          2,  545,        543,        704,       10.1,        101,       5.05   ,   0.164459
          2,  546,        968,        935,       10.1,        101,       5.05   ,  -0.674362
          2,  547,        526,        224,       10.1,        101,       5.05   ,  -0.411583
          2,  548,          9,        571,       10.1,        101,       5.05   ,  -0.409475
          2,  549,        515,        795,       10.1,        101,       5.05   ,  -0.406159
          2,  550,        223,         88,       10.1,        101,       5.05   ,  -0.196156
          2,  551,        745,        484,       10.1,        101,       5.05   ,  -0.747957
          2,  552,        279,        183,       10.1,        101,       5.05   ,  -0.856091
          2,  553,        839,         33,       10.1,        101,       5.05   ,  -0.540471
          2,  554,        371,        689,       10.1,        101,       5.05   ,  -0.799333
          2,  555,        855,        299,       10.1,        101,       5.05   ,   0.327834
          2,  556,        768,        540,       10.1,        101,       5.05   ,   -1.56244
          2,  557,        827,        113,       10.1,        101,       5.05   ,   0.773453
          2,  558,        272,        234,       10.1,        101,       5.05   ,   -1.22938
          2,  559,        888,        479,       10.1,        101,       5.05   , -0.0543781
          2,  560,        313,        837,       10.1,        101,       5.05   ,   0.564964
          2,  561,        613,        968,       10.1,        101,       5.05   ,   0.793563
          2,  562,        659,        597,       10.1,        101,       5.05   ,   -0.33872
          2,  563,        735,         19,       10.1,        101,       5.05   ,  -0.955474
          2,  564,        871,        460,       10.1,        101,       5.05   ,    1.45679
          2,  565,        513,        220,       10.1,        101,       5.05   ,    0.13176
          2,  566,        635,        509,       10.1,        101,       5.05   ,  -0.180872
          2,  567,        365,        290,       10.1,        101,       5.05   ,   0.734982
          2,  568,        783,        526,       10.1,        101,       5.05   ,   0.704372
          2,  569,        844,        799,       10.1,        101,       5.05   ,  -0.996123
          2,  570,        801,        242,       10.1,        101,       5.05   ,   -1.12878
          2,  571,        798,        124,       10.1,        101,       5.05   ,  -0.474587
          2,  572,        551,        336,       10.1,        101,       5.05   ,   -1.03895
          2,  573,        448,        667,       10.1,        101,       5.05   ,  -0.628285
          2,  574,         33,        331,       10.1,        101,       5.05   ,   -1.10777
          2,  575,        408,        269,       10.1,        101,       5.05   ,    1.32285
          2,  576,        220,        423,       10.1,        101,       5.05   ,   0.716952
          2,  577,        917,        395,       10.1,        101,       5.05   ,   -1.52553
          2,  578,        128,        909,       10.1,        101,       5.05   ,  -0.557733
          2,  579,         47,        266,       10.1,        101,       5.05   ,    -1.3706
          2,  580,        777,        423,       10.1,        101,       5.05   , 0.00202202
          2,  581,        869,        804,       10.1,        101,       5.05   ,  -0.671375
          2,  582,        223,        680,       10.1,        101,       5.05   ,  -0.817266
          2,  583,        973,        608,       10.1,        101,       5.05   ,    0.88971
          2,  584,        930,        468,       10.1,        101,       5.05   ,     1.0479
          2,  585,        482,        905,       10.1,        101,       5.05   ,   -1.15915
          2,  586,        405,        521,       10.1,        101,       5.05   ,     1.0414
          2,  587,        295,        675,       10.1,        101,       5.05   ,   -1.05254
          2,  588,        599,        714,       10.1,        101,       5.05   ,    1.56589
          2,  589,        835,        578,       10.1,        101,       5.05   ,  -0.451803
          2,  590,        593,        289,       10.1,        101,       5.05   ,  -0.392898
          2,  591,        417,        425,       10.1,        101,       5.05   ,   0.391267
          2,  592,        176,        960,       10.1,        101,       5.05   ,  -0.763478
          2,  593,        879,        528,       10.1,        101,       5.05   ,   -1.33875
          2,  594,         75,        523,       10.1,        101,       5.05   ,  -0.562331
          2,  595,        883,        236,       10.1,        101,       5.05   ,   0.322321
          2,  596,        270,         74,       10.1,        101,       5.05   ,   0.665799
          2,  597,        657,        371,       10.1,        101,       5.05   ,  -0.682816
          2,  598,        671,        577,       10.1,        101,       5.05   ,   0.542589
          2,  599,        157,        592,       10.1,        101,       5.05   ,  -0.725804
          2,  600,        361,        729,       10.1,        101,       5.05   ,   0.788321
          2,  601,        823,        893,       10.1,        101,       5.05   ,    1.37071
          2,  602,        485,        642,       10.1,        101,       5.05   ,    1.35296
          2,  603,        766,         23,       10.1,        101,       5.05   ,   -1.07017
          2,  604,        729,        910,       10.1,        101,       5.05   ,   0.276462
          2,  605,         82,        752,       10.1,        101,       5.05   , -0.0712113
          2,  606,        635,        625,       10.1,        101,       5.05   ,   0.100474
          2,  607,        294,        888,       10.1,        101,       5.05   ,    1.03337
          2,  608,        267,        609,       10.1,        101,       5.05   , -0.0857775
          2,  609,         92,        893,       10.1,        101,       5.05   ,  -0.389112
          2,  610,        540,        265,       10.1,        101,       5.05   ,   0.313826
          2,  611,        372,        579,       10.1,        101,       5.05   ,  -0.579785
          2,  612,        914,        683,       10.1,        101,       5.05   ,   0.371606
          2,  613,        148,        292,       10.1,        101,       5.05   ,    -1.3099
          2,  614,         15,        661,       10.1,        101,       5.05   ,   -1.37226
          2,  615,        535,        132,       10.1,        101,       5.05   ,  -0.694651
          2,  616,         38,        213,       10.1,        101,       5.05   ,  -0.331978
          2,  617,        754,         58,       10.1,        101,       5.05   ,  -0.577814
          2,  618,        738,        684,       10.1,        101,       5.05   ,  -0.214981
          2,  619,        167,         97,       10.1,        101,       5.05   ,   0.974343
          2,  620,        694,        419,       10.1,        101,       5.05   ,   -0.72914
          2,  621,        521,        647,       10.1,        101,       5.05   ,  -0.822421
          2,  622,        973,        437,       10.1,        101,       5.05   ,   -1.14794
          2,  623,         38,         19,       10.1,        101,       5.05   ,   -1.14034
          2,  624,        197,        438,       10.1,        101,       5.05   ,    -1.0213
          2,  625,        722,        350,       10.1,        101,       5.05   ,   0.819258
          2,  626,          9,         52,       10.1,        101,       5.05   ,  -0.700904
          2,  627,        398,        341,       10.1,        101,       5.05   ,     1.3021
          2,  628,        707,        131,       10.1,        101,       5.05   ,   0.622405
          2,  629,        781,        499,       10.1,        101,       5.05   ,   -1.53064
          2,  630,        151,         33,       10.1,        101,       5.05   , -0.0496146
          2,  631,        971,        610,       10.1,        101,       5.05   ,   -1.20837
          2,  632,        623,        246,       10.1,        101,       5.05   ,   0.410322
          2,  633,        757,        683,       10.1,        101,       5.05   ,   -1.51188
          2,  634,        474,        799,       10.1,        101,       5.05   ,    1.36345
          2,  635,        872,          4,       10.1,        101,       5.05   ,   0.399503
          2,  636,        547,        411,       10.1,        101,       5.05   ,  -0.949306
          2,  637,        818,        504,       10.1,        101,       5.05   ,   0.939968
          2,  638,        729,         81,       10.1,        101,       5.05   ,    1.14189
          2,  639,        951,        980,       10.1,        101,       5.05   ,   0.729468
          2,  640,        316,        191,       10.1,        101,       5.05   ,  -0.421559
          2,  641,        778,        282,       10.1,        101,       5.05   ,   0.988064
          2,  642,        519,        491,       10.1,        101,       5.05   ,    0.35371
          2,  643,        745,        765,       10.1,        101,       5.05   ,   -1.00741
          2,  644,        974,        770,       10.1,        101,       5.05   ,   0.178114
          2,  645,        796,        344,       10.1,        101,       5.05   ,    -1.0599
          2,  646,        753,        611,       10.1,        101,       5.05   ,   0.540088
          2,  647,        382,        703,       10.1,        101,       5.05   ,   0.689936
          2,  648,        684,        334,       10.1,        101,       5.05   ,  -0.488328
          2,  649,        922,        887,       10.1,        101,       5.05   ,   0.593864
          2,  650,        604,        322,       10.1,        101,       5.05   ,   -0.41884
          2,  651,        200,        933,       10.1,        101,       5.05   ,  -0.770177
          2,  652,        213,        614,       10.1,        101,       5.05   ,  -0.873422
          2,  653,        475,        459,       10.1,        101,       5.05   ,  -0.853522
          2,  654,        958,        777,       10.1,        101,       5.05   ,    1.26452
          2,  655,        414,        178,       10.1,        101,       5.05   ,  -0.262743
          2,  656,        650,        470,       10.1,        101,       5.05   ,   -1.09722
          2,  657,         42,        670,       10.1,        101,       5.05   ,   0.114987
          2,  658,        290,        624,       10.1,        101,       5.05   ,    1.51886
          2,  659,         40,        358,       10.1,        101,       5.05   ,   0.529951
          2,  660,        342,        741,       10.1,        101,       5.05   ,  -0.104659
          2,  661,        648,        588,       10.1,        101,       5.05   ,  -0.438865
------------------------------------------------------------------------------
Component[2] Total Sloped Parallelepiped = 661