Component 2 maximum area=0.323322 [on 1000x1000]
Component type: Sloped rectangle
---------------------------------------------------------------------------------------
--------------|------- Center-----|----- dimensions---------|----------------------
component| id|    X       |     Y      |  Width/a     | height/b |   hoop   |   Slope   
---------------------------------------------------------------------------------------
          2,    1,        729,        677,       10.1,        101,       5.05   ,  -0.587554
          2,    2,        208,        321,       10.1,        101,       5.05   ,   -1.11119
          2,    3,        386,        209,       10.1,        101,       5.05   ,  -0.563803
          2,    4,         94,        456,       10.1,        101,       5.05   ,   0.333115
          2,    5,        252,        336,       10.1,        101,       5.05   ,    1.33908
          2,    6,        299,        472,       10.1,        101,       5.05   ,   0.815983
          2,    7,        721,        538,       10.1,        101,       5.05   ,    0.68603
          2,    8,        787,        571,       10.1,        101,       5.05   ,    1.40488
          2,    9,        310,        548,       10.1,        101,       5.05   ,   0.619114
          2,   10,        297,        533,       10.1,        101,       5.05   ,  -0.683799
          2,   11,        347,        692,       10.1,        101,       5.05   ,    1.38911
          2,   12,        176,        627,       10.1,        101,       5.05   ,  -0.369035
          2,   13,        285,        955,       10.1,        101,       5.05   ,  -0.231079
          2,   14,        788,         50,       10.1,        101,       5.05   ,   0.474322
          2,   15,        963,        700,       10.1,        101,       5.05   ,   0.497281
          2,   16,        583,        881,       10.1,        101,       5.05   , -0.0327622
          2,   17,        827,        686,       10.1,        101,       5.05   ,   -1.09324
          2,   18,        593,        933,       10.1,        101,       5.05   ,   -1.10119
          2,   19,        723,        631,       10.1,        101,       5.05   ,  -0.145146
          2,   20,        683,        509,       10.1,        101,       5.05   ,   0.821763
          2,   21,        673,        242,       10.1,        101,       5.05   ,  -0.221153
          2,   22,        802,        850,       10.1,        101,       5.05   ,   0.258057
          2,   23,        884,        279,       10.1,        101,       5.05   ,  -0.651412
          2,   24,        499,        577,       10.1,        101,       5.05   ,  -0.765984
          2,   25,         45,        930,       10.1,        101,       5.05   ,  -0.414633
          2,   26,        780,         64,       10.1,        101,       5.05   ,      1.307
          2,   27,        897,        310,       10.1,        101,       5.05   ,   0.265917
          2,   28,        725,        788,       10.1,        101,       5.05   ,    1.50269
          2,   29,        909,        269,       10.1,        101,       5.05   ,   -1.50263
          2,   30,        953,         50,       10.1,        101,       5.05   ,   0.675706
          2,   31,        149,        657,       10.1,        101,       5.05   ,  -0.245935
          2,   32,        961,        906,       10.1,        101,       5.05   ,   0.133008
          2,   33,         58,        916,       10.1,        101,       5.05   ,    1.00139
          2,   34,         35,        782,       10.1,        101,       5.05   ,  -0.375507
          2,   35,        795,        219,       10.1,        101,       5.05   ,     1.1222
          2,   36,        406,        246,       10.1,        101,       5.05   ,   0.795651
          2,   37,        337,        636,       10.1,        101,       5.05   ,   -1.12327
          2,   38,         42,        576,       10.1,        101,       5.05   ,   -0.89979
          2,   39,        830,        583,       10.1,        101,       5.05   ,   0.228878
          2,   40,        866,         89,       10.1,        101,       5.05   ,   -0.34552
          2,   41,        689,        649,       10.1,        101,       5.05   ,  -0.711836
          2,   42,        821,        574,       10.1,        101,       5.05   ,  -0.591903
          2,   43,        459,        596,       10.1,        101,       5.05   ,   0.044581
          2,   44,        233,        175,       10.1,        101,       5.05   ,    1.05505
          2,   45,        529,        958,       10.1,        101,       5.05   ,    0.22178
          2,   46,        419,        200,       10.1,        101,       5.05   ,   -1.15819
          2,   47,        747,        600,       10.1,        101,       5.05   ,  -0.825416
          2,   48,        591,        933,       10.1,        101,       5.05   , -0.0802783
          2,   49,        804,        358,       10.1,        101,       5.05   ,   0.471391
          2,   50,        184,        666,       10.1,        101,       5.05   ,   0.129548
          2,   51,        669,        197,       10.1,        101,       5.05   ,  -0.870714
          2,   52,        860,        744,       10.1,        101,       5.05   ,   -1.46255
          2,   53,        102,        975,       10.1,        101,       5.05   ,   0.216946
          2,   54,        628,        385,       10.1,        101,       5.05   ,  -0.702865
          2,   55,        476,        826,       10.1,        101,       5.05   ,   -1.35345
          2,   56,        354,        325,       10.1,        101,       5.05   ,  -0.204697
          2,   57,        812,        232,       10.1,        101,       5.05   ,  -0.985973
          2,   58,        583,        669,       10.1,        101,       5.05   ,  -0.538015
          2,   59,        666,        402,       10.1,        101,       5.05   ,    0.21285
          2,   60,        379,        712,       10.1,        101,       5.05   ,  0.0985814
          2,   61,        392,        935,       10.1,        101,       5.05   ,   0.617985
          2,   62,        524,          0,       10.1,        101,       5.05   ,    1.56792
          2,   63,        175,        689,       10.1,        101,       5.05   ,   0.709245
          2,   64,        510,        854,       10.1,        101,       5.05   ,   0.140777
          2,   65,        381,         52,       10.1,        101,       5.05   ,  -0.429934
          2,   66,        116,        885,       10.1,        101,       5.05   ,   -0.51962
          2,   67,        658,        807,       10.1,        101,       5.05   ,   0.294231
          2,   68,        472,        927,       10.1,        101,       5.05   ,  -0.251556
          2,   69,        980,        273,       10.1,        101,       5.05   ,     -1.104
          2,   70,        986,         76,       10.1,        101,       5.05   ,  -0.738615
          2,   71,        787,        879,       10.1,        101,       5.05   ,  -0.596229
          2,   72,        928,        679,       10.1,        101,       5.05   ,    1.20784
          2,   73,        707,        789,       10.1,        101,       5.05   ,   -1.45014
          2,   74,        364,        161,       10.1,        101,       5.05   ,  -0.460909
          2,   75,         98,        144,       10.1,        101,       5.05   ,  -0.336523
          2,   76,        560,        454,       10.1,        101,       5.05   ,   -1.47477
          2,   77,         21,        232,       10.1,        101,       5.05   ,   -1.54813
          2,   78,        367,        242,       10.1,        101,       5.05   ,   -1.25086
          2,   79,        941,        127,       10.1,        101,       5.05   , -0.0596079
          2,   80,        669,        425,       10.1,        101,       5.05   ,   0.502082
          2,   81,         72,        416,       10.1,        101,       5.05   ,  -0.664579
          2,   82,        634,        570,       10.1,        101,       5.05   ,  -0.235029
          2,   83,        539,        405,       10.1,        101,       5.05   ,  -0.709185
          2,   84,        556,        971,       10.1,        101,       5.05   ,   -1.12334
          2,   85,        638,         55,       10.1,        101,       5.05   ,  -0.121313
          2,   86,          3,        541,       10.1,        101,       5.05   ,   0.394051
          2,   87,        108,        685,       10.1,        101,       5.05   ,  -0.716897
          2,   88,        940,        100,       10.1,        101,       5.05   ,    1.08737
          2,   89,        263,        319,       10.1,        101,       5.05   ,  -0.615692
          2,   90,        308,        445,       10.1,        101,       5.05   ,   -1.45409
          2,   91,        485,        597,       10.1,        101,       5.05   ,   -1.37883
          2,   92,        330,        328,       10.1,        101,       5.05   ,    1.42236
          2,   93,        833,          7,       10.1,        101,       5.05   ,   -1.27964
          2,   94,        806,        586,       10.1,        101,       5.05   ,  0.0637109
          2,   95,         43,        475,       10.1,        101,       5.05   ,   -1.36776
          2,   96,        267,        318,       10.1,        101,       5.05   , -0.0263948
          2,   97,        821,        304,       10.1,        101,       5.05   ,  -0.172028
          2,   98,        642,        319,       10.1,        101,       5.05   ,   -1.26526
          2,   99,        147,        975,       10.1,        101,       5.05   ,   0.736937
          2,  100,        119,        676,       10.1,        101,       5.05   ,  -0.947091
          2,  101,        682,        573,       10.1,        101,       5.05   ,  -0.503223
          2,  102,        583,        474,       10.1,        101,       5.05   ,  -0.356588
          2,  103,        925,         99,       10.1,        101,       5.05   ,  -0.047971
          2,  104,        878,        265,       10.1,        101,       5.05   ,  -0.813299
          2,  105,        870,        821,       10.1,        101,       5.05   ,   0.799708
          2,  106,        264,        662,       10.1,        101,       5.05   ,  -0.781441
          2,  107,        444,        191,       10.1,        101,       5.05   ,     1.3275
          2,  108,        570,        716,       10.1,        101,       5.05   ,   0.954414
          2,  109,        603,        481,       10.1,        101,       5.05   ,    1.56281
          2,  110,        990,        539,       10.1,        101,       5.05   ,    1.41389
          2,  111,        335,        505,       10.1,        101,       5.05   , -0.0630134
          2,  112,        951,        813,       10.1,        101,       5.05   ,    1.29604
          2,  113,        825,        341,       10.1,        101,       5.05   ,   -1.22685
          2,  114,         78,        507,       10.1,        101,       5.05   ,   -1.36052
          2,  115,        875,        179,       10.1,        101,       5.05   ,  -0.854879
          2,  116,        526,        916,       10.1,        101,       5.05   ,   -1.16127
          2,  117,        556,        172,       10.1,        101,       5.05   , -0.0061958
          2,  118,        213,        576,       10.1,        101,       5.05   ,  -0.447696
          2,  119,        635,        155,       10.1,        101,       5.05   ,   -1.18108
          2,  120,        909,        140,       10.1,        101,       5.05   ,  -0.690972
          2,  121,        958,        772,       10.1,        101,       5.05   ,   -1.01048
          2,  122,        101,         54,       10.1,        101,       5.05   ,  -0.661425
          2,  123,        744,        434,       10.1,        101,       5.05   ,     0.2885
          2,  124,        363,        323,       10.1,        101,       5.05   ,   -1.06223
          2,  125,        351,         82,       10.1,        101,       5.05   ,    0.88389
          2,  126,        396,         94,       10.1,        101,       5.05   ,   0.228125
          2,  127,        651,        101,       10.1,        101,       5.05   ,  -0.139521
          2,  128,        190,        767,       10.1,        101,       5.05   ,   -1.27964
          2,  129,        401,        401,       10.1,        101,       5.05   ,  -0.478999
          2,  130,        514,        592,       10.1,        101,       5.05   ,   -1.22583
          2,  131,        668,        323,       10.1,        101,       5.05   ,   0.945533
          2,  132,        207,        115,       10.1,        101,       5.05   ,   0.573992
          2,  133,        341,         16,       10.1,        101,       5.05   ,    1.29623
          2,  134,        540,        744,       10.1,        101,       5.05   ,     1.2186
          2,  135,        221,        799,       10.1,        101,       5.05   ,  -0.297603
          2,  136,        146,        574,       10.1,        101,       5.05   ,   -1.09508
          2,  137,        457,        208,       10.1,        101,       5.05   ,   -1.09639
          2,  138,        440,        257,       10.1,        101,       5.05   ,  0.0675793
          2,  139,         71,        104,       10.1,        101,       5.05   ,   0.541239
          2,  140,        643,        228,       10.1,        101,       5.05   ,     0.5366
          2,  141,        948,        699,       10.1,        101,       5.05   ,   0.597115
          2,  142,        568,        554,       10.1,        101,       5.05   ,    1.26153
          2,  143,        916,        669,       10.1,        101,       5.05   ,  -0.522804
          2,  144,        784,        885,       10.1,        101,       5.05   ,   -1.48165
          2,  145,        692,        743,       10.1,        101,       5.05   ,   0.138425
          2,  146,        232,        869,       10.1,        101,       5.05   ,    0.19329
          2,  147,        149,        770,       10.1,        101,       5.05   ,   0.413706
          2,  148,        206,        403,       10.1,        101,       5.05   ,   0.282714
          2,  149,        539,        658,       10.1,        101,       5.05   ,     1.0943
          2,  150,        924,        376,       10.1,        101,       5.05   ,    1.13703
          2,  151,        797,        472,       10.1,        101,       5.05   ,    1.19157
          2,  152,        745,         62,       10.1,        101,       5.05   ,   -0.52793
          2,  153,        193,        949,       10.1,        101,       5.05   ,    1.54053
          2,  154,         60,        235,       10.1,        101,       5.05   ,   -1.45016
          2,  155,        353,        108,       10.1,        101,       5.05   ,   -1.53988
          2,  156,        335,        462,       10.1,        101,       5.05   , -0.0160966
          2,  157,        957,        474,       10.1,        101,       5.05   ,    1.18973
          2,  158,        818,         44,       10.1,        101,       5.05   ,   0.511702
          2,  159,        554,        894,       10.1,        101,       5.05   ,   0.773452
          2,  160,         91,        381,       10.1,        101,       5.05   ,   0.828412
          2,  161,         40,        922,       10.1,        101,       5.05   ,  -0.369256
          2,  162,        755,         54,       10.1,        101,       5.05   ,   -1.38784
          2,  163,        900,        758,       10.1,        101,       5.05   ,  -0.726777
          2,  164,        925,        858,       10.1,        101,       5.05   ,   -1.04332
          2,  165,        319,        348,       10.1,        101,       5.05   ,   0.724911
          2,  166,        210,        507,       10.1,        101,       5.05   ,   0.838917
          2,  167,        733,        522,       10.1,        101,       5.05   ,   0.273851
          2,  168,        800,        637,       10.1,        101,       5.05   ,   0.232617
          2,  169,        764,         99,       10.1,        101,       5.05   ,  -0.618613
          2,  170,        640,        395,       10.1,        101,       5.05   ,   0.991532
          2,  171,        700,        964,       10.1,        101,       5.05   ,    1.07463
          2,  172,        525,        762,       10.1,        101,       5.05   ,    1.18468
          2,  173,        958,        722,       10.1,        101,       5.05   ,   -1.03804
          2,  174,        680,        111,       10.1,        101,       5.05   ,   0.827815
          2,  175,        948,         49,       10.1,        101,       5.05   ,   -1.13398
          2,  176,        310,        390,       10.1,        101,       5.05   ,   -1.12216
          2,  177,        438,        513,       10.1,        101,       5.05   ,  -0.483775
          2,  178,         37,        950,       10.1,        101,       5.05   ,    1.20538
          2,  179,        924,        570,       10.1,        101,       5.05   , -0.0566741
          2,  180,        419,         22,       10.1,        101,       5.05   ,   0.773356
          2,  181,        257,        153,       10.1,        101,       5.05   ,    1.10357
          2,  182,        298,        752,       10.1,        101,       5.05   ,   -1.02233
          2,  183,          7,        144,       10.1,        101,       5.05   ,    0.25744
          2,  184,        440,        964,       10.1,        101,       5.05   ,    1.42519
          2,  185,        584,        452,       10.1,        101,       5.05   ,    1.02328
          2,  186,        121,        618,       10.1,        101,       5.05   ,  -0.323262
          2,  187,        393,        735,       10.1,        101,       5.05   ,    1.38633
          2,  188,        373,        539,       10.1,        101,       5.05   ,  -0.377248
          2,  189,        842,        570,       10.1,        101,       5.05   ,  -0.991219
          2,  190,        734,        103,       10.1,        101,       5.05   ,     1.3821
          2,  191,        124,        114,       10.1,        101,       5.05   ,    -1.2093
          2,  192,        599,        232,       10.1,        101,       5.05   ,   0.723366
          2,  193,        476,        215,       10.1,        101,       5.05   ,  -0.152876
          2,  194,         98,        415,       10.1,        101,       5.05   ,    1.06968
          2,  195,        951,        142,       10.1,        101,       5.05   , -0.0928464
          2,  196,        150,        139,       10.1,        101,       5.05   ,  0.0990004
          2,  197,        989,        279,       10.1,        101,       5.05   ,   0.890803
          2,  198,        109,        419,       10.1,        101,       5.05   ,   0.276967
          2,  199,        569,        410,       10.1,        101,       5.05   ,  -0.683917
          2,  200,        507,        330,       10.1,        101,       5.05   ,    1.34416
          2,  201,        850,        468,       10.1,        101,       5.05   ,   0.805367
          2,  202,        923,         25,       10.1,        101,       5.05   ,  -0.458371
          2,  203,        259,        170,       10.1,        101,       5.05   ,   0.997979
          2,  204,        718,        904,       10.1,        101,       5.05   ,   0.903025
          2,  205,        258,        523,       10.1,        101,       5.05   ,   -1.33914
          2,  206,        856,        234,       10.1,        101,       5.05   ,  -0.578849
          2,  207,        784,        171,       10.1,        101,       5.05   ,    1.42973
          2,  208,        564,        986,       10.1,        101,       5.05   ,   -1.11266
          2,  209,        523,         54,       10.1,        101,       5.05   ,  -0.194954
          2,  210,        721,        501,       10.1,        101,       5.05   ,     1.1099
          2,  211,        690,        596,       10.1,        101,       5.05   ,   -1.29322
          2,  212,         95,        849,       10.1,        101,       5.05   ,   0.990796
          2,  213,         68,        252,       10.1,        101,       5.05   ,   -0.87681
          2,  214,        618,         96,       10.1,        101,       5.05   ,    1.05993
          2,  215,        706,        842,       10.1,        101,       5.05   ,   0.887073
          2,  216,        882,        429,       10.1,        101,       5.05   ,   0.271822
          2,  217,        428,        804,       10.1,        101,       5.05   ,   0.253598
          2,  218,        823,         99,       10.1,        101,       5.05   ,-0.00240904
          2,  219,        225,        717,       10.1,        101,       5.05   ,    0.36464
          2,  220,        823,        629,       10.1,        101,       5.05   ,  -0.470092
          2,  221,         57,        140,       10.1,        101,       5.05   ,  -0.931447
          2,  222,         54,        638,       10.1,        101,       5.05   ,   0.745498
          2,  223,        994,        434,       10.1,        101,       5.05   ,   0.590207
          2,  224,        762,        193,       10.1,        101,       5.05   ,   0.911774
          2,  225,        580,        699,       10.1,        101,       5.05   ,  -0.508453
          2,  226,        319,        751,       10.1,        101,       5.05   ,   0.455103
          2,  227,        220,        384,       10.1,        101,       5.05   ,  -0.842462
          2,  228,        938,        327,       10.1,        101,       5.05   ,   0.706161
          2,  229,         40,        790,       10.1,        101,       5.05   ,   0.199556
          2,  230,        453,        659,       10.1,        101,       5.05   ,  -0.356063
          2,  231,         57,         49,       10.1,        101,       5.05   ,    1.26165
          2,  232,        741,        178,       10.1,        101,       5.05   ,   -1.00923
          2,  233,        278,        821,       10.1,        101,       5.05   ,   0.270853
          2,  234,        791,        348,       10.1,        101,       5.05   ,   0.525281
          2,  235,        505,        209,       10.1,        101,       5.05   ,    1.43175
          2,  236,        140,        501,       10.1,        101,       5.05   ,   0.225329
          2,  237,        840,        901,       10.1,        101,       5.05   ,   0.965756
          2,  238,        432,        568,       10.1,        101,       5.05   ,   0.793699
          2,  239,        465,        335,       10.1,        101,       5.05   ,   0.788245
          2,  240,         28,        714,       10.1,        101,       5.05   ,  -0.376876
          2,  241,        786,        481,       10.1,        101,       5.05   ,    1.12145
          2,  242,        800,         84,       10.1,        101,       5.05   ,   0.236775
          2,  243,        558,        626,       10.1,        101,       5.05   ,    1.52694
          2,  244,        933,        176,       10.1,        101,       5.05   ,   -1.05872
          2,  245,        808,        336,       10.1,        101,       5.05   ,   -0.32513
          2,  246,        785,        992,       10.1,        101,       5.05   ,   0.478931
          2,  247,        942,        109,       10.1,        101,       5.05   ,    0.66709
          2,  248,        392,        390,       10.1,        101,       5.05   ,   0.608417
          2,  249,        606,        396,       10.1,        101,       5.05   ,  0.0684873
          2,  250,        292,        691,       10.1,        101,       5.05   , -0.0586219
          2,  251,        805,        422,       10.1,        101,       5.05   ,  -0.955285
          2,  252,        973,        529,       10.1,        101,       5.05   ,   0.437355
          2,  253,        146,         66,       10.1,        101,       5.05   ,  -0.221294
          2,  254,        499,        777,       10.1,        101,       5.05   ,   -1.17825
          2,  255,        651,        668,       10.1,        101,       5.05   ,   0.343962
          2,  256,        234,        764,       10.1,        101,       5.05   ,   0.269423
          2,  257,        910,        919,       10.1,        101,       5.05   ,   0.403307
          2,  258,        360,        840,       10.1,        101,       5.05   ,  -0.625743
          2,  259,        287,        537,       10.1,        101,       5.05   ,   0.532424
          2,  260,        204,        710,       10.1,        101,       5.05   ,   -1.36226
          2,  261,        656,        633,       10.1,        101,       5.05   ,   0.657732
          2,  262,        916,        381,       10.1,        101,       5.05   ,  -0.413096
          2,  263,        163,        885,       10.1,        101,       5.05   ,   -1.28174
          2,  264,        987,          1,       10.1,        101,       5.05   ,    1.16231
          2,  265,        230,        701,       10.1,        101,       5.05   ,     1.2756
          2,  266,        369,         55,       10.1,        101,       5.05   ,   0.716639
          2,  267,        693,        831,       10.1,        101,       5.05   ,  -0.187813
          2,  268,        354,        499,       10.1,        101,       5.05   ,    1.39442
          2,  269,        674,        924,       10.1,        101,       5.05   ,   -1.17883
          2,  270,        968,         93,       10.1,        101,       5.05   ,  0.0589541
          2,  271,        552,        870,       10.1,        101,       5.05   ,    1.28354
          2,  272,        851,        242,       10.1,        101,       5.05   ,    1.09049
          2,  273,         62,        809,       10.1,        101,       5.05   ,    1.02571
          2,  274,         90,        725,       10.1,        101,       5.05   ,   0.501176
          2,  275,        869,        870,       10.1,        101,       5.05   ,   0.104435
          2,  276,        350,        400,       10.1,        101,       5.05   ,    1.12447
          2,  277,        460,        487,       10.1,        101,       5.05   ,     0.6737
          2,  278,        843,        910,       10.1,        101,       5.05   ,     1.3853
          2,  279,        638,        504,       10.1,        101,       5.05   ,   0.425637
          2,  280,        812,        714,       10.1,        101,       5.05   ,  -0.238339
          2,  281,        126,        750,       10.1,        101,       5.05   ,   -1.18271
          2,  282,         42,        960,       10.1,        101,       5.05   ,  -0.609432
          2,  283,        824,        434,       10.1,        101,       5.05   ,    1.23306
          2,  284,        314,        615,       10.1,        101,       5.05   ,  -0.865683
          2,  285,        221,        368,       10.1,        101,       5.05   ,  -0.521979
          2,  286,        156,        553,       10.1,        101,       5.05   ,   0.499769
          2,  287,        901,        476,       10.1,        101,       5.05   ,   -1.00349
          2,  288,        970,        284,       10.1,        101,       5.05   ,  -0.191223
          2,  289,        579,        336,       10.1,        101,       5.05   ,  0.0561727
          2,  290,        876,        618,       10.1,        101,       5.05   ,   -1.12329
          2,  291,        311,        373,       10.1,        101,       5.05   ,   0.751696
          2,  292,        691,        161,       10.1,        101,       5.05   ,  -0.536762
          2,  293,        235,        177,       10.1,        101,       5.05   ,   0.810237
          2,  294,        447,        604,       10.1,        101,       5.05   ,   0.785445
          2,  295,         39,        941,       10.1,        101,       5.05   , -0.0256513
          2,  296,        213,        490,       10.1,        101,       5.05   , -0.0765637
          2,  297,        227,        865,       10.1,        101,       5.05   ,-0.00259179
          2,  298,         90,        648,       10.1,        101,       5.05   ,     1.3306
          2,  299,        159,        447,       10.1,        101,       5.05   ,   -1.30413
          2,  300,        839,         74,       10.1,        101,       5.05   ,    1.11194
          2,  301,        239,        507,       10.1,        101,       5.05   ,   -1.10854
          2,  302,          7,        708,       10.1,        101,       5.05   ,   -0.26791
          2,  303,        509,        936,       10.1,        101,       5.05   ,   0.203532
          2,  304,        748,        273,       10.1,        101,       5.05   ,  -0.295541
          2,  305,        707,        559,       10.1,        101,       5.05   ,   0.302679
          2,  306,        722,         81,       10.1,        101,       5.05   ,    1.29497
          2,  307,        368,        406,       10.1,        101,       5.05   ,   -1.28633
          2,  308,        550,         51,       10.1,        101,       5.05   ,  -0.793285
          2,  309,        892,         61,       10.1,        101,       5.05   ,  -0.123075
          2,  310,        847,        892,       10.1,        101,       5.05   ,  -0.802137
          2,  311,        271,        129,       10.1,        101,       5.05   ,    1.34404
          2,  312,        819,        645,       10.1,        101,       5.05   ,   -1.33966
          2,  313,        707,          4,       10.1,        101,       5.05   ,    1.30921
          2,  314,        932,        133,       10.1,        101,       5.05   ,    -1.2974
          2,  315,        101,        129,       10.1,        101,       5.05   ,   0.454644
          2,  316,        643,        338,       10.1,        101,       5.05   ,    0.81398
          2,  317,        407,        932,       10.1,        101,       5.05   ,  -0.404357
          2,  318,         83,        503,       10.1,        101,       5.05   ,  -0.410394
          2,  319,        659,        323,       10.1,        101,       5.05   ,  -0.689183
          2,  320,        515,        919,       10.1,        101,       5.05   ,  -0.530025
          2,  321,        241,        382,       10.1,        101,       5.05   ,  -0.972475
          2,  322,        902,        862,       10.1,        101,       5.05   ,   0.809338
          2,  323,         35,        740,       10.1,        101,       5.05   ,   0.364747
          2,  324,        750,        404,       10.1,        101,       5.05   ,   -1.04432
          2,  325,        526,         10,       10.1,        101,       5.05   ,    1.11883
          2,  326,        119,        547,       10.1,        101,       5.05   ,  -0.153175
          2,  327,        439,        645,       10.1,        101,       5.05   ,    1.56889
          2,  328,        558,         38,       10.1,        101,       5.05   ,   -1.18155
          2,  329,         31,        647,       10.1,        101,       5.05   ,    1.31307
          2,  330,        387,        585,       10.1,        101,       5.05   ,   0.669028
          2,  331,        426,        608,       10.1,        101,       5.05   ,  -0.296088
          2,  332,        633,          3,       10.1,        101,       5.05   ,   -1.24876
          2,  333,        330,        919,       10.1,        101,       5.05   ,   -1.46198
          2,  334,        170,        785,       10.1,        101,       5.05   ,    1.32832
          2,  335,        601,        717,       10.1,        101,       5.05   ,  -0.203148
          2,  336,        183,        679,       10.1,        101,       5.05   ,   0.918414
          2,  337,        418,        814,       10.1,        101,       5.05   ,    1.23741
          2,  338,         25,        231,       10.1,        101,       5.05   ,   -1.08913
          2,  339,        964,        552,       10.1,        101,       5.05   ,   -1.14311
          2,  340,        266,        839,       10.1,        101,       5.05   ,  -0.446742
          2,  341,        368,        732,       10.1,        101,       5.05   ,   -1.16329
          2,  342,        894,        745,       10.1,        101,       5.05   ,    1.00695
          2,  343,        604,        104,       10.1,        101,       5.05   ,    1.27573
          2,  344,        288,        138,       10.1,        101,       5.05   ,    -1.0956
          2,  345,        985,        215,       10.1,        101,       5.05   ,   0.101213
          2,  346,        148,        974,       10.1,        101,       5.05   ,   0.148686
          2,  347,        702,        150,       10.1,        101,       5.05   ,    1.49467
          2,  348,        901,        734,       10.1,        101,       5.05   ,   0.528439
          2,  349,        719,        646,       10.1,        101,       5.05   ,  -0.264066
          2,  350,        664,         29,       10.1,        101,       5.05   ,    0.22786
          2,  351,        966,        255,       10.1,        101,       5.05   ,  -0.992229
          2,  352,        761,        473,       10.1,        101,       5.05   ,   0.887361
          2,  353,         92,        158,       10.1,        101,       5.05   , -0.0604566
          2,  354,        222,        360,       10.1,        101,       5.05   ,   0.353423
          2,  355,        345,        607,       10.1,        101,       5.05   ,  -0.124683
          2,  356,         94,        745,       10.1,        101,       5.05   ,    1.17095
          2,  357,        925,        266,       10.1,        101,       5.05   ,   0.858373
          2,  358,        243,        746,       10.1,        101,       5.05   ,   0.848026
          2,  359,         70,        927,       10.1,        101,       5.05   ,  -0.241065
          2,  360,        783,        197,       10.1,        101,       5.05   ,  -0.618851
          2,  361,         49,        809,       10.1,        101,       5.05   ,  -0.486861
          2,  362,        978,        610,       10.1,        101,       5.05   ,  -0.293195
          2,  363,        711,        501,       10.1,        101,       5.05   ,  -0.735814
          2,  364,        355,        363,       10.1,        101,       5.05   ,   0.716007
          2,  365,         94,        846,       10.1,        101,       5.05   , -0.0028746
          2,  366,        130,         80,       10.1,        101,       5.05   ,  -0.439474
          2,  367,        435,        292,       10.1,        101,       5.05   ,   0.983682
          2,  368,        728,        776,       10.1,        101,       5.05   ,  -0.526212
          2,  369,        186,        434,       10.1,        101,       5.05   ,  -0.151679
          2,  370,        348,        863,       10.1,        101,       5.05   ,   0.963667
          2,  371,        825,        691,       10.1,        101,       5.05   ,   -1.19518
          2,  372,        289,        620,       10.1,        101,       5.05   ,  -0.314146
          2,  373,        580,        236,       10.1,        101,       5.05   ,     1.1147
          2,  374,        176,        333,       10.1,        101,       5.05   ,    1.15404
          2,  375,        773,        476,       10.1,        101,       5.05   ,  -0.763849
          2,  376,        509,        297,       10.1,        101,       5.05   ,  -0.083333
          2,  377,        994,        213,       10.1,        101,       5.05   ,    1.44141
          2,  378,        676,        330,       10.1,        101,       5.05   ,   0.809425
          2,  379,        678,        877,       10.1,        101,       5.05   ,    1.38051
          2,  380,        800,        159,       10.1,        101,       5.05   ,    1.50511
          2,  381,         24,        620,       10.1,        101,       5.05   ,    1.00104
          2,  382,        865,        622,       10.1,        101,       5.05   ,  -0.260497
          2,  383,         85,         96,       10.1,        101,       5.05   ,   0.492699
          2,  384,        836,        184,       10.1,        101,       5.05   ,  -0.683368
          2,  385,          0,        134,       10.1,        101,       5.05   ,  -0.868425
          2,  386,        290,        897,       10.1,        101,       5.05   ,   0.899923
          2,  387,        235,        869,       10.1,        101,       5.05   ,  -0.667536
          2,  388,        392,         85,       10.1,        101,       5.05   ,  -0.160206
          2,  389,        754,        680,       10.1,        101,       5.05   ,    1.57075
          2,  390,        511,        436,       10.1,        101,       5.05   ,  0.0931861
          2,  391,        771,        586,       10.1,        101,       5.05   ,   0.115741
          2,  392,         49,        272,       10.1,        101,       5.05   ,   -0.80324
          2,  393,        795,        558,       10.1,        101,       5.05   ,    0.91802
          2,  394,        540,        728,       10.1,        101,       5.05   ,  0.0541302
          2,  395,        479,        676,       10.1,        101,       5.05   ,     1.1501
          2,  396,        973,         74,       10.1,        101,       5.05   ,   0.614928
          2,  397,         95,        933,       10.1,        101,       5.05   ,  -0.662003
          2,  398,        940,        662,       10.1,        101,       5.05   ,   0.169695
          2,  399,        108,        795,       10.1,        101,       5.05   ,   -1.41812
          2,  400,        954,        589,       10.1,        101,       5.05   , -0.0447927
          2,  401,        852,        614,       10.1,        101,       5.05   ,    1.10341
          2,  402,         71,        541,       10.1,        101,       5.05   ,   0.353269
          2,  403,         85,        549,       10.1,        101,       5.05   ,   0.410051
          2,  404,        805,        174,       10.1,        101,       5.05   ,  -0.692142
          2,  405,        830,        855,       10.1,        101,       5.05   ,  -0.121461
          2,  406,        169,        285,       10.1,        101,       5.05   ,  -0.414314
          2,  407,        975,        586,       10.1,        101,       5.05   ,   0.329487
          2,  408,        713,        196,       10.1,        101,       5.05   ,  -0.461241
          2,  409,        850,        441,       10.1,        101,       5.05   ,    1.38203
          2,  410,        901,        160,       10.1,        101,       5.05   ,   0.698959
          2,  411,        693,        152,       10.1,        101,       5.05   ,  -0.825558
          2,  412,        484,        107,       10.1,        101,       5.05   ,  -0.338133
          2,  413,        113,        300,       10.1,        101,       5.05   ,  -0.692405
          2,  414,        215,          8,       10.1,        101,       5.05   ,   0.190398
          2,  415,         25,         30,       10.1,        101,       5.05   ,  -0.162884
          2,  416,        970,        232,       10.1,        101,       5.05   , -0.0747909
          2,  417,        700,         30,       10.1,        101,       5.05   ,   0.558566
          2,  418,        100,        633,       10.1,        101,       5.05   ,    1.08828
          2,  419,        848,        730,       10.1,        101,       5.05   ,  -0.505206
          2,  420,        875,        998,       10.1,        101,       5.05   ,   -1.35714
          2,  421,        703,        706,       10.1,        101,       5.05   ,  -0.653693
          2,  422,        841,        873,       10.1,        101,       5.05   , -0.0803329
          2,  423,        926,        367,       10.1,        101,       5.05   ,  0.0129008
          2,  424,        412,        292,       10.1,        101,       5.05   ,    1.23566
          2,  425,        985,        215,       10.1,        101,       5.05   ,  -0.634955
          2,  426,         64,        885,       10.1,        101,       5.05   ,  -0.456425
          2,  427,        816,        832,       10.1,        101,       5.05   ,   0.709223
          2,  428,        247,        485,       10.1,        101,       5.05   ,   -1.46325
          2,  429,        148,        264,       10.1,        101,       5.05   ,    0.17054
          2,  430,        831,        945,       10.1,        101,       5.05   ,   -1.48095
          2,  431,        797,        646,       10.1,        101,       5.05   ,   0.396621
          2,  432,        627,        686,       10.1,        101,       5.05   ,  -0.772131
          2,  433,        576,        689,       10.1,        101,       5.05   ,    1.17488
          2,  434,        189,        821,       10.1,        101,       5.05   ,    1.37765
          2,  435,         61,        838,       10.1,        101,       5.05   ,   0.102365
          2,  436,        685,        512,       10.1,        101,       5.05   ,  -0.160728
          2,  437,        626,        111,       10.1,        101,       5.05   ,  -0.307292
          2,  438,        568,        228,       10.1,        101,       5.05   ,  -0.772862
          2,  439,        737,        158,       10.1,        101,       5.05   ,   0.710292
          2,  440,        686,        636,       10.1,        101,       5.05   ,    0.21392
          2,  441,        314,        610,       10.1,        101,       5.05   ,  -0.841306
          2,  442,        129,        459,       10.1,        101,       5.05   ,   0.248605
          2,  443,        505,        834,       10.1,        101,       5.05   ,    1.24497
          2,  444,        887,        200,       10.1,        101,       5.05   ,   -1.50409
          2,  445,        814,        324,       10.1,        101,       5.05   ,   -1.39956
          2,  446,        854,        282,       10.1,        101,       5.05   ,   0.649929
          2,  447,        671,        526,       10.1,        101,       5.05   ,   -1.00075
          2,  448,        701,        403,       10.1,        101,       5.05   ,   0.434584
          2,  449,        233,        558,       10.1,        101,       5.05   ,  -0.168974
          2,  450,        800,        958,       10.1,        101,       5.05   , -0.0335863
          2,  451,        724,        298,       10.1,        101,       5.05   ,   0.153516
          2,  452,        323,        933,       10.1,        101,       5.05   ,    1.12291
          2,  453,        212,        889,       10.1,        101,       5.05   ,   -1.48387
          2,  454,        432,        274,       10.1,        101,       5.05   , -0.0963199
          2,  455,        779,        932,       10.1,        101,       5.05   ,   -1.40768
          2,  456,        530,        592,       10.1,        101,       5.05   ,  -0.730727
          2,  457,         14,        430,       10.1,        101,       5.05   ,  -0.190933
          2,  458,        374,        379,       10.1,        101,       5.05   ,   0.698633
          2,  459,         11,        180,       10.1,        101,       5.05   ,   -1.32631
          2,  460,        714,        932,       10.1,        101,       5.05   ,   0.697762
          2,  461,        624,        897,       10.1,        101,       5.05   ,   0.570234
          2,  462,          0,        604,       10.1,        101,       5.05   ,   0.246218
          2,  463,        237,        324,       10.1,        101,       5.05   ,   0.873926
          2,  464,        547,        816,       10.1,        101,       5.05   ,    0.88156
          2,  465,        346,        649,       10.1,        101,       5.05   ,  -0.900146
          2,  466,        511,        145,       10.1,        101,       5.05   ,  -0.670995
          2,  467,        833,        319,       10.1,        101,       5.05   ,  -0.907966
          2,  468,        729,        562,       10.1,        101,       5.05   ,    1.36751
          2,  469,        872,        631,       10.1,        101,       5.05   ,  -0.921261
          2,  470,        126,        704,       10.1,        101,       5.05   ,    -1.0572
          2,  471,        897,        646,       10.1,        101,       5.05   ,   0.634329
          2,  472,        969,        125,       10.1,        101,       5.05   ,  0.0361955
          2,  473,        140,        173,       10.1,        101,       5.05   ,   0.376186
          2,  474,        812,        601,       10.1,        101,       5.05   ,   -1.30163
          2,  475,        968,         84,       10.1,        101,       5.05   ,  -0.968437
          2,  476,         56,        595,       10.1,        101,       5.05   ,   -1.41194
          2,  477,        234,        656,       10.1,        101,       5.05   ,   0.453109
          2,  478,        224,        839,       10.1,        101,       5.05   ,    1.23924
          2,  479,        627,        344,       10.1,        101,       5.05   ,   0.318601
          2,  480,        281,        339,       10.1,        101,       5.05   ,  -0.575122
          2,  481,        350,        934,       10.1,        101,       5.05   ,   0.969729
          2,  482,        579,        117,       10.1,        101,       5.05   ,   -1.01173
          2,  483,        612,        584,       10.1,        101,       5.05   ,    1.03061
          2,  484,        759,        654,       10.1,        101,       5.05   ,  -0.194372
          2,  485,        708,         20,       10.1,        101,       5.05   ,  0.0673417
          2,  486,        286,        290,       10.1,        101,       5.05   ,  -0.107167
          2,  487,        490,        247,       10.1,        101,       5.05   ,  -0.902184
          2,  488,        333,        625,       10.1,        101,       5.05   ,   -1.16162
          2,  489,        980,        526,       10.1,        101,       5.05   , -0.0150376
          2,  490,         53,        567,       10.1,        101,       5.05   ,    1.42147
          2,  491,        826,        320,       10.1,        101,       5.05   ,   0.534382
          2,  492,        884,        985,       10.1,        101,       5.05   ,   0.743751
          2,  493,        172,        315,       10.1,        101,       5.05   ,   -1.12164
          2,  494,        727,        752,       10.1,        101,       5.05   ,  -0.580672
          2,  495,         13,        688,       10.1,        101,       5.05   ,   0.212784
          2,  496,        731,        664,       10.1,        101,       5.05   ,    1.35825
          2,  497,        761,        988,       10.1,        101,       5.05   ,   0.428083
          2,  498,        647,        568,       10.1,        101,       5.05   ,   0.508979
          2,  499,        730,        643,       10.1,        101,       5.05   ,    -1.2602
          2,  500,        788,        316,       10.1,        101,       5.05   ,    -1.0813
          2,  501,        203,        463,       10.1,        101,       5.05   ,  -0.980339
          2,  502,        386,        451,       10.1,        101,       5.05   ,   -1.30417
          2,  503,         63,        277,       10.1,        101,       5.05   ,    1.50579
          2,  504,         86,         16,       10.1,        101,       5.05   ,    0.63265
          2,  505,        919,        763,       10.1,        101,       5.05   ,  0.0381003
          2,  506,        915,        841,       10.1,        101,       5.05   ,    1.21944
          2,  507,        587,        903,       10.1,        101,       5.05   ,   -1.43168
          2,  508,        790,        659,       10.1,        101,       5.05   ,   -1.29251
          2,  509,        419,        536,       10.1,        101,       5.05   ,  -0.933358
          2,  510,        454,        962,       10.1,        101,       5.05   ,   0.944844
          2,  511,        148,        367,       10.1,        101,       5.05   ,    1.11555
          2,  512,        986,        517,       10.1,        101,       5.05   ,   -1.07283
          2,  513,        747,        538,       10.1,        101,       5.05   , 0.00713778
          2,  514,        401,        121,       10.1,        101,       5.05   ,  -0.885304
          2,  515,        553,         24,       10.1,        101,       5.05   ,    1.05111
          2,  516,         56,        594,       10.1,        101,       5.05   ,  -0.589784
          2,  517,        105,        307,       10.1,        101,       5.05   ,   0.770398
          2,  518,        871,        353,       10.1,        101,       5.05   ,    0.60061
          2,  519,        861,        849,       10.1,        101,       5.05   ,   0.414355
          2,  520,        409,        390,       10.1,        101,       5.05   ,   0.374703
          2,  521,        763,        498,       10.1,        101,       5.05   ,   -1.25031
          2,  522,        363,        451,       10.1,        101,       5.05   ,    1.20381
          2,  523,        671,        940,       10.1,        101,       5.05   ,  -0.867406
          2,  524,        537,         48,       10.1,        101,       5.05   ,   0.505195
          2,  525,        349,        496,       10.1,        101,       5.05   ,    1.14289
          2,  526,        774,        805,       10.1,        101,       5.05   ,    -1.3564
          2,  527,        340,        706,       10.1,        101,       5.05   ,    1.06825
          2,  528,        516,        179,       10.1,        101,       5.05   ,    -1.2208
          2,  529,        831,         95,       10.1,        101,       5.05   ,   -1.18214
          2,  530,        123,        106,       10.1,        101,       5.05   ,    1.16478
          2,  531,        241,        311,       10.1,        101,       5.05   ,  -0.653034
          2,  532,        417,        237,       10.1,        101,       5.05   ,    1.05285
          2,  533,         14,        228,       10.1,        101,       5.05   ,   0.896376
          2,  534,        150,        475,       10.1,        101,       5.05   ,   -1.53645
          2,  535,        499,        171,       10.1,        101,       5.05   ,   -1.51399
          2,  536,        208,          4,       10.1,        101,       5.05   ,  -0.022331
          2,  537,        822,        971,       10.1,        101,       5.05   ,   -1.56469
          2,  538,        108,        880,       10.1,        101,       5.05   ,   -1.43397
          2,  539,        231,        495,       10.1,        101,       5.05   ,  -0.830909
          2,  540,        756,        921,       10.1,        101,       5.05   ,  -0.218815
          2,  541,        266,         90,       10.1,        101,       5.05   ,   0.193631
          2,  542,        326,        210,       10.1,        101,       5.05   ,    0.89503
          2,  543,        452,        336,       10.1,        101,       5.05   ,   -1.00495
          2,  544,        918,        139,       10.1,        101,       5.05   ,    1.27374
          2,  545,        328,        883,       10.1,        101,       5.05   ,  -0.273719
          2,  546,        432,        217,       10.1,        101,       5.05   ,   0.323728
          2,  547,        433,        556,       10.1,        101,       5.05   ,    1.45749
          2,  548,        272,         58,       10.1,        101,       5.05   ,   -1.56221
          2,  549,        167,        178,       10.1,        101,       5.05   ,  -0.792421
          2,  550,        887,        316,       10.1,        101,       5.05   ,    1.13535
          2,  551,        500,        705,       10.1,        101,       5.05   ,    1.16461
          2,  552,        260,        594,       10.1,        101,       5.05   ,   0.169522
          2,  553,        936,        623,       10.1,        101,       5.05   ,     0.1206
          2,  554,        334,        385,       10.1,        101,       5.05   ,   0.323287
          2,  555,        845,        954,       10.1,        101,       5.05   ,  -0.239215
          2,  556,        730,        642,       10.1,        101,       5.05   ,   -1.44289
          2,  557,        994,        873,       10.1,        101,       5.05   ,  -0.253371
          2,  558,        776,        872,       10.1,        101,       5.05   ,    0.64357
          2,  559,        493,        290,       10.1,        101,       5.05   ,   -0.68859
          2,  560,        151,        743,       10.1,        101,       5.05   ,    1.24435
          2,  561,          2,        578,       10.1,        101,       5.05   ,   -1.46569
          2,  562,        291,        145,       10.1,        101,       5.05   ,   0.183002
          2,  563,        472,        581,       10.1,        101,       5.05   ,    1.46276
          2,  564,        527,         75,       10.1,        101,       5.05   ,   0.587032
          2,  565,        897,         30,       10.1,        101,       5.05   ,  -0.873312
          2,  566,        694,        834,       10.1,        101,       5.05   ,  -0.689197
          2,  567,        733,        776,       10.1,        101,       5.05   ,  -0.099104
          2,  568,        552,        696,       10.1,        101,       5.05   ,    0.71224
          2,  569,        234,        424,       10.1,        101,       5.05   ,   -0.23555
          2,  570,        882,        108,       10.1,        101,       5.05   ,    1.55806
          2,  571,        251,        897,       10.1,        101,       5.05   ,    1.47164
          2,  572,        341,        105,       10.1,        101,       5.05   ,  -0.429453
          2,  573,        434,        690,       10.1,        101,       5.05   ,   0.741327
          2,  574,        955,        816,       10.1,        101,       5.05   ,   -1.08213
          2,  575,        793,        737,       10.1,        101,       5.05   ,   0.719421
          2,  576,        125,        520,       10.1,        101,       5.05   ,   0.449865
          2,  577,        168,        562,       10.1,        101,       5.05   ,    1.37994
          2,  578,        251,        166,       10.1,        101,       5.05   ,    1.15345
          2,  579,        833,        576,       10.1,        101,       5.05   ,   0.924742
          2,  580,        703,        927,       10.1,        101,       5.05   ,   0.902649
          2,  581,         82,        513,       10.1,        101,       5.05   ,    -1.3508
          2,  582,        780,        383,       10.1,        101,       5.05   ,   0.984858
          2,  583,        632,        494,       10.1,        101,       5.05   ,   -0.57113
          2,  584,        857,        883,       10.1,        101,       5.05   ,   0.858695
          2,  585,         82,        614,       10.1,        101,       5.05   ,   -1.32469
          2,  586,        656,        460,       10.1,        101,       5.05   ,   0.574651
          2,  587,        907,        954,       10.1,        101,       5.05   ,   0.593137
          2,  588,        501,         67,       10.1,        101,       5.05   ,   -1.23751
          2,  589,        165,        540,       10.1,        101,       5.05   ,   0.602983
          2,  590,         86,        379,       10.1,        101,       5.05   ,  -0.109195
          2,  591,        394,        932,       10.1,        101,       5.05   ,  -0.948942
          2,  592,        311,        260,       10.1,        101,       5.05   ,  -0.860293
          2,  593,        158,        364,       10.1,        101,       5.05   ,   0.527155
          2,  594,        527,        335,       10.1,        101,       5.05   ,  -0.876854
          2,  595,        174,         43,       10.1,        101,       5.05   ,  -0.778452
          2,  596,        489,        695,       10.1,        101,       5.05   ,  -0.519309
          2,  597,        815,         24,       10.1,        101,       5.05   ,   0.559034
          2,  598,        915,        792,       10.1,        101,       5.05   ,   0.743374
          2,  599,        807,         17,       10.1,        101,       5.05   ,  -0.780052
          2,  600,        321,        199,       10.1,        101,       5.05   ,   0.692222
          2,  601,        501,        421,       10.1,        101,       5.05   ,   0.774582
          2,  602,        505,        961,       10.1,        101,       5.05   ,  0.0333855
          2,  603,        572,        996,       10.1,        101,       5.05   ,   0.917391
          2,  604,        970,        480,       10.1,        101,       5.05   ,  -0.236681
          2,  605,        481,        670,       10.1,        101,       5.05   ,   0.868258
          2,  606,        585,        507,       10.1,        101,       5.05   ,   -1.52565
          2,  607,         45,        856,       10.1,        101,       5.05   ,    0.38937
          2,  608,         60,        951,       10.1,        101,       5.05   ,    0.65933
          2,  609,        662,        334,       10.1,        101,       5.05   ,  -0.814769
          2,  610,        731,        616,       10.1,        101,       5.05   , -0.0381921
          2,  611,        380,         49,       10.1,        101,       5.05   , -0.0603534
          2,  612,        808,        358,       10.1,        101,       5.05   ,    0.52177
          2,  613,        828,        296,       10.1,        101,       5.05   ,  -0.543775
          2,  614,        848,        338,       10.1,        101,       5.05   ,   0.014715
          2,  615,        743,        567,       10.1,        101,       5.05   ,  -0.552582
          2,  616,        299,        795,       10.1,        101,       5.05   ,    0.85904
          2,  617,        669,        539,       10.1,        101,       5.05   ,   0.579947
          2,  618,        583,        854,       10.1,        101,       5.05   ,   -1.10973
          2,  619,          6,        806,       10.1,        101,       5.05   ,   0.265385
          2,  620,        406,        685,       10.1,        101,       5.05   ,   -1.44774
          2,  621,        101,        328,       10.1,        101,       5.05   ,    1.20014
          2,  622,        746,        216,       10.1,        101,       5.05   ,   -1.11369
          2,  623,        318,        583,       10.1,        101,       5.05   ,  -0.624347
          2,  624,        533,         25,       10.1,        101,       5.05   ,   -1.31863
          2,  625,        218,        823,       10.1,        101,       5.05   ,   0.770709
          2,  626,        355,        740,       10.1,        101,       5.05   ,  -0.599972
          2,  627,        488,        953,       10.1,        101,       5.05   ,  -0.269108
          2,  628,        515,        401,       10.1,        101,       5.05   ,   -1.33501
          2,  629,        969,        162,       10.1,        101,       5.05   ,    1.50913
          2,  630,         94,        798,       10.1,        101,       5.05   ,  0.0125256
          2,  631,        517,        675,       10.1,        101,       5.05   ,   -1.30684
          2,  632,        464,        939,       10.1,        101,       5.05   ,   -1.41408
          2,  633,        933,        235,       10.1,        101,       5.05   ,    1.10824
          2,  634,        410,        716,       10.1,        101,       5.05   ,    1.53128
          2,  635,        778,        113,       10.1,        101,       5.05   ,   0.466621
          2,  636,        737,         27,       10.1,        101,       5.05   ,   -1.24272
          2,  637,        255,        133,       10.1,        101,       5.05   ,  -0.604049
          2,  638,        705,        737,       10.1,        101,       5.05   ,   -0.60028
          2,  639,        676,        760,       10.1,        101,       5.05   ,    1.05345
          2,  640,        878,        683,       10.1,        101,       5.05   ,   0.527791
          2,  641,        456,        676,       10.1,        101,       5.05   ,  0.0758211
          2,  642,        877,        501,       10.1,        101,       5.05   ,   -1.53347
          2,  643,        239,        461,       10.1,        101,       5.05   ,  -0.629373
          2,  644,        544,        176,       10.1,        101,       5.05   ,   0.913397
          2,  645,        496,        387,       10.1,        101,       5.05   ,    1.56905
          2,  646,        387,        445,       10.1,        101,       5.05   ,   0.205935
          2,  647,        435,        901,       10.1,        101,       5.05   ,   0.897293
          2,  648,        267,        915,       10.1,        101,       5.05   ,   0.630863
          2,  649,        464,        288,       10.1,        101,       5.05   ,  -0.557222
          2,  650,        687,        845,       10.1,        101,       5.05   ,    1.41139
          2,  651,        976,         20,       10.1,        101,       5.05   ,   0.795466
          2,  652,        878,        896,       10.1,        101,       5.05   ,   -1.09771
          2,  653,        488,        467,       10.1,        101,       5.05   ,  -0.720143
          2,  654,        191,        689,       10.1,        101,       5.05   ,     1.5138
          2,  655,        220,        892,       10.1,        101,       5.05   ,   0.030443
          2,  656,          1,        739,       10.1,        101,       5.05   , -0.0387328
          2,  657,        205,        280,       10.1,        101,       5.05   ,   0.347505
          2,  658,         25,        725,       10.1,        101,       5.05   ,   0.922147
          2,  659,        774,        361,       10.1,        101,       5.05   ,   -1.13003
          2,  660,        289,        823,       10.1,        101,       5.05   ,   -1.17046
          2,  661,        746,        820,       10.1,        101,       5.05   ,   -1.26098
          2,  662,        902,        368,       10.1,        101,       5.05   , -0.0127802
          2,  663,        348,        506,       10.1,        101,       5.05   ,   -1.07034
          2,  664,        119,        910,       10.1,        101,       5.05   ,   -1.25355
          2,  665,        527,        286,       10.1,        101,       5.05   ,   0.787229
          2,  666,        357,        453,       10.1,        101,       5.05   ,  -0.143747
------------------------------------------------------------------------------
Component[2] Total Sloped Parallelepiped = 666