Component 2 maximum area=0.323322 [on 1000x1000]
Component type: Sloped rectangle
---------------------------------------------------------------------------------------
--------------|------- Center-----|----- dimensions---------|----------------------
component| id|    X       |     Y      |  Width/a     | height/b |   hoop   |   Slope   
---------------------------------------------------------------------------------------
          2,    1,        532,        811,       10.1,        101,       5.05   ,  -0.876358
          2,    2,        597,        993,       10.1,        101,       5.05   ,    1.06715
          2,    3,        478,        716,       10.1,        101,       5.05   ,  -0.585327
          2,    4,        346,        342,       10.1,        101,       5.05   ,    1.11601
          2,    5,        429,        107,       10.1,        101,       5.05   ,  -0.445838
          2,    6,        661,        179,       10.1,        101,       5.05   ,  0.0472731
          2,    7,         44,        697,       10.1,        101,       5.05   ,    1.46041
          2,    8,        374,        732,       10.1,        101,       5.05   ,    1.55575
          2,    9,        149,        117,       10.1,        101,       5.05   ,   0.273001
          2,   10,        296,        166,       10.1,        101,       5.05   ,  -0.995508
          2,   11,        541,        102,       10.1,        101,       5.05   ,  -0.863874
          2,   12,        601,        580,       10.1,        101,       5.05   ,   -1.13941
          2,   13,        203,        971,       10.1,        101,       5.05   ,    1.38565
          2,   14,        491,        646,       10.1,        101,       5.05   ,   0.679744
          2,   15,         41,        390,       10.1,        101,       5.05   ,  -0.517432
          2,   16,        153,        644,       10.1,        101,       5.05   ,  -0.917404
          2,   17,        566,        871,       10.1,        101,       5.05   ,  -0.027036
          2,   18,        271,        348,       10.1,        101,       5.05   ,    1.29085
          2,   19,        414,        731,       10.1,        101,       5.05   ,   0.158118
          2,   20,        456,        166,       10.1,        101,       5.05   ,    1.05184
          2,   21,        270,        513,       10.1,        101,       5.05   ,   0.279224
          2,   22,        450,        466,       10.1,        101,       5.05   ,   0.430479
          2,   23,        231,         87,       10.1,        101,       5.05   ,   -1.48138
          2,   24,        895,        496,       10.1,        101,       5.05   ,   -1.19851
          2,   25,         47,         36,       10.1,        101,       5.05   ,    1.17385
          2,   26,        439,        150,       10.1,        101,       5.05   ,  -0.191337
          2,   27,        915,        458,       10.1,        101,       5.05   ,   -1.09453
          2,   28,        294,        866,       10.1,        101,       5.05   ,    -0.7005
          2,   29,        335,        720,       10.1,        101,       5.05   ,  -0.621842
          2,   30,        859,        193,       10.1,        101,       5.05   ,   -1.06231
          2,   31,        630,         36,       10.1,        101,       5.05   ,  -0.219061
          2,   32,         14,        295,       10.1,        101,       5.05   ,   0.208614
          2,   33,        753,        798,       10.1,        101,       5.05   ,    1.33419
          2,   34,        250,        435,       10.1,        101,       5.05   ,   0.549437
          2,   35,        786,         34,       10.1,        101,       5.05   ,   -1.54753
          2,   36,        731,        794,       10.1,        101,       5.05   ,   0.895151
          2,   37,        785,        784,       10.1,        101,       5.05   ,     1.4017
          2,   38,         25,        804,       10.1,        101,       5.05   ,   0.756011
          2,   39,        287,         88,       10.1,        101,       5.05   ,   -1.47042
          2,   40,        440,        500,       10.1,        101,       5.05   ,    1.49969
          2,   41,        339,        728,       10.1,        101,       5.05   ,  -0.025614
          2,   42,        573,        855,       10.1,        101,       5.05   ,   0.640283
          2,   43,        334,        643,       10.1,        101,       5.05   ,   0.156179
          2,   44,        762,        703,       10.1,        101,       5.05   ,    -1.3466
          2,   45,        272,        540,       10.1,        101,       5.05   ,   0.241574
          2,   46,        355,        182,       10.1,        101,       5.05   ,   -1.47026
          2,   47,        226,        154,       10.1,        101,       5.05   ,    1.45562
          2,   48,        914,         21,       10.1,        101,       5.05   ,    1.04203
          2,   49,        583,        981,       10.1,        101,       5.05   ,    1.46594
          2,   50,        219,        638,       10.1,        101,       5.05   ,   0.685317
          2,   51,        168,        688,       10.1,        101,       5.05   ,   -1.51839
          2,   52,        502,        199,       10.1,        101,       5.05   ,   0.711087
          2,   53,         69,        145,       10.1,        101,       5.05   ,  -0.552074
          2,   54,        167,        345,       10.1,        101,       5.05   ,   -1.48047
          2,   55,         96,        311,       10.1,        101,       5.05   ,   -1.12153
          2,   56,        464,        879,       10.1,        101,       5.05   ,  -0.907648
          2,   57,        644,        789,       10.1,        101,       5.05   ,   0.501364
          2,   58,        343,        512,       10.1,        101,       5.05   , -0.0734607
          2,   59,        165,        792,       10.1,        101,       5.05   ,   -1.56846
          2,   60,        973,        201,       10.1,        101,       5.05   ,  0.0543096
          2,   61,        983,        310,       10.1,        101,       5.05   ,   0.204113
          2,   62,        376,        329,       10.1,        101,       5.05   ,   -1.50381
          2,   63,        606,        274,       10.1,        101,       5.05   ,    1.37974
          2,   64,        641,        733,       10.1,        101,       5.05   ,   0.717581
          2,   65,        908,        499,       10.1,        101,       5.05   ,   0.716293
          2,   66,        287,        613,       10.1,        101,       5.05   ,   0.212629
          2,   67,        233,        866,       10.1,        101,       5.05   ,   -0.55788
          2,   68,        213,        478,       10.1,        101,       5.05   ,   -1.33863
          2,   69,        261,        908,       10.1,        101,       5.05   ,    1.12739
          2,   70,        638,        557,       10.1,        101,       5.05   ,     1.3524
          2,   71,        206,        227,       10.1,        101,       5.05   ,  -0.569247
          2,   72,        739,        950,       10.1,        101,       5.05   ,    1.08613
          2,   73,        584,        431,       10.1,        101,       5.05   ,     1.5181
          2,   74,        468,        236,       10.1,        101,       5.05   ,  -0.104843
          2,   75,        814,        877,       10.1,        101,       5.05   ,  -0.559447
          2,   76,        605,        254,       10.1,        101,       5.05   ,    1.28311
          2,   77,        784,        850,       10.1,        101,       5.05   ,   0.195126
          2,   78,        667,        569,       10.1,        101,       5.05   ,    1.39444
          2,   79,        920,        422,       10.1,        101,       5.05   ,   0.234829
          2,   80,        319,        292,       10.1,        101,       5.05   ,  -0.713856
          2,   81,        970,        364,       10.1,        101,       5.05   ,   0.687015
          2,   82,        927,          3,       10.1,        101,       5.05   ,    1.24291
          2,   83,        171,        711,       10.1,        101,       5.05   ,    1.23239
          2,   84,        315,        300,       10.1,        101,       5.05   ,   -1.02632
          2,   85,        866,         17,       10.1,        101,       5.05   ,    1.36912
          2,   86,        109,         13,       10.1,        101,       5.05   ,  -0.459986
          2,   87,        249,        603,       10.1,        101,       5.05   ,  -0.265244
          2,   88,        385,        348,       10.1,        101,       5.05   ,    1.48306
          2,   89,        434,        975,       10.1,        101,       5.05   ,  0.0239135
          2,   90,         12,        700,       10.1,        101,       5.05   ,    1.56091
          2,   91,        502,        389,       10.1,        101,       5.05   ,   -1.25339
          2,   92,        799,        465,       10.1,        101,       5.05   ,   -1.00497
          2,   93,        494,         35,       10.1,        101,       5.05   ,   -1.11819
          2,   94,        982,        104,       10.1,        101,       5.05   ,    1.53352
          2,   95,         77,        208,       10.1,        101,       5.05   ,    1.42086
          2,   96,        690,         30,       10.1,        101,       5.05   ,  -0.681061
          2,   97,        793,        766,       10.1,        101,       5.05   ,   0.360998
          2,   98,        858,        177,       10.1,        101,       5.05   ,  -0.901881
          2,   99,        431,        183,       10.1,        101,       5.05   ,   0.875752
          2,  100,        290,        452,       10.1,        101,       5.05   ,   0.294884
          2,  101,        931,        975,       10.1,        101,       5.05   ,   -0.86964
          2,  102,        826,        781,       10.1,        101,       5.05   ,    1.50221
          2,  103,         49,        233,       10.1,        101,       5.05   ,    1.05706
          2,  104,        142,          9,       10.1,        101,       5.05   ,    1.52714
          2,  105,        726,        875,       10.1,        101,       5.05   ,   -1.32059
          2,  106,        375,         35,       10.1,        101,       5.05   ,  -0.487982
          2,  107,        738,         36,       10.1,        101,       5.05   , -0.0306566
          2,  108,        574,        885,       10.1,        101,       5.05   ,   0.568801
          2,  109,        788,        318,       10.1,        101,       5.05   ,   0.407657
          2,  110,         81,        144,       10.1,        101,       5.05   ,    1.17506
          2,  111,        573,        208,       10.1,        101,       5.05   ,   -1.49667
          2,  112,        130,        271,       10.1,        101,       5.05   ,  -0.431031
          2,  113,        536,        111,       10.1,        101,       5.05   ,   -1.23985
          2,  114,        443,        522,       10.1,        101,       5.05   ,   -1.09902
          2,  115,        221,         85,       10.1,        101,       5.05   ,  -0.763205
          2,  116,        376,        633,       10.1,        101,       5.05   ,   0.586128
          2,  117,        563,        315,       10.1,        101,       5.05   ,   0.669056
          2,  118,        860,         62,       10.1,        101,       5.05   ,    -1.2937
          2,  119,        645,        270,       10.1,        101,       5.05   , -0.0291036
          2,  120,        312,        289,       10.1,        101,       5.05   ,   0.369372
          2,  121,        849,        105,       10.1,        101,       5.05   ,  -0.643321
          2,  122,        463,        657,       10.1,        101,       5.05   ,   0.572666
          2,  123,        518,        350,       10.1,        101,       5.05   , -0.0260403
          2,  124,        346,        233,       10.1,        101,       5.05   ,   0.467822
          2,  125,        198,        976,       10.1,        101,       5.05   ,  -0.556226
          2,  126,         43,         59,       10.1,        101,       5.05   ,    1.39051
          2,  127,        470,        615,       10.1,        101,       5.05   ,   0.775722
          2,  128,        234,        346,       10.1,        101,       5.05   ,  -0.161936
          2,  129,        166,        379,       10.1,        101,       5.05   ,  -0.827776
          2,  130,        556,        853,       10.1,        101,       5.05   ,   0.523918
          2,  131,        425,        604,       10.1,        101,       5.05   ,    1.37963
          2,  132,        643,        588,       10.1,        101,       5.05   ,  -0.943416
          2,  133,        498,        484,       10.1,        101,       5.05   ,   0.913982
          2,  134,        201,         86,       10.1,        101,       5.05   ,  -0.303407
          2,  135,        884,        800,       10.1,        101,       5.05   ,   -0.58805
          2,  136,         30,        843,       10.1,        101,       5.05   ,   0.769631
          2,  137,        909,        362,       10.1,        101,       5.05   ,  -0.973795
          2,  138,        854,        489,       10.1,        101,       5.05   ,     0.2425
          2,  139,        240,        347,       10.1,        101,       5.05   ,   -1.29087
          2,  140,        380,          2,       10.1,        101,       5.05   ,   -1.16064
          2,  141,        772,        649,       10.1,        101,       5.05   ,     1.1613
          2,  142,        485,        894,       10.1,        101,       5.05   ,   -1.41678
          2,  143,        107,        914,       10.1,        101,       5.05   ,  0.0962677
          2,  144,        695,        424,       10.1,        101,       5.05   ,  -0.524589
          2,  145,        576,         29,       10.1,        101,       5.05   ,  -0.182543
          2,  146,        124,        994,       10.1,        101,       5.05   ,   -1.45406
          2,  147,        224,        306,       10.1,        101,       5.05   ,   -1.32367
          2,  148,        668,        128,       10.1,        101,       5.05   ,   -1.29821
          2,  149,        473,         49,       10.1,        101,       5.05   ,  -0.598432
          2,  150,         91,        688,       10.1,        101,       5.05   ,  -0.594564
          2,  151,        682,        738,       10.1,        101,       5.05   ,   -1.52878
          2,  152,        112,        458,       10.1,        101,       5.05   ,  -0.290721
          2,  153,        701,         70,       10.1,        101,       5.05   ,-0.00897713
          2,  154,        210,        597,       10.1,        101,       5.05   ,   -1.42956
          2,  155,         83,        197,       10.1,        101,       5.05   ,  -0.554484
          2,  156,        371,         61,       10.1,        101,       5.05   ,   -1.16074
          2,  157,        913,         32,       10.1,        101,       5.05   ,    1.55008
          2,  158,        332,        571,       10.1,        101,       5.05   ,   0.877802
          2,  159,        812,        198,       10.1,        101,       5.05   ,  -0.331538
          2,  160,        783,        878,       10.1,        101,       5.05   ,    1.21478
          2,  161,        198,        665,       10.1,        101,       5.05   ,    1.25611
          2,  162,        819,        906,       10.1,        101,       5.05   ,   -1.53264
          2,  163,        950,        406,       10.1,        101,       5.05   , -0.0873692
          2,  164,        823,        711,       10.1,        101,       5.05   ,   0.088249
          2,  165,        322,        685,       10.1,        101,       5.05   ,  -0.339911
          2,  166,        815,        331,       10.1,        101,       5.05   ,   -1.19981
          2,  167,        126,        243,       10.1,        101,       5.05   ,  -0.972283
          2,  168,        350,        726,       10.1,        101,       5.05   ,  -0.298992
          2,  169,        964,        433,       10.1,        101,       5.05   ,  -0.133681
          2,  170,         75,        849,       10.1,        101,       5.05   ,    1.17374
          2,  171,        496,        330,       10.1,        101,       5.05   ,    1.55481
          2,  172,          1,        963,       10.1,        101,       5.05   ,   -0.30537
          2,  173,        202,        825,       10.1,        101,       5.05   ,  -0.543348
          2,  174,        631,        890,       10.1,        101,       5.05   ,    -1.4132
          2,  175,        776,        896,       10.1,        101,       5.05   ,  -0.469006
          2,  176,         58,        492,       10.1,        101,       5.05   ,  -0.961968
          2,  177,        916,        735,       10.1,        101,       5.05   ,    0.41312
          2,  178,        473,        990,       10.1,        101,       5.05   ,   -0.14642
          2,  179,        617,        985,       10.1,        101,       5.05   ,   -1.14398
          2,  180,        268,        431,       10.1,        101,       5.05   ,   0.660928
          2,  181,        573,        246,       10.1,        101,       5.05   ,   -1.54298
          2,  182,        641,        657,       10.1,        101,       5.05   ,  -0.157297
          2,  183,        102,        647,       10.1,        101,       5.05   ,  -0.143406
          2,  184,        485,        394,       10.1,        101,       5.05   ,   0.905315
          2,  185,        951,        607,       10.1,        101,       5.05   ,    1.52761
          2,  186,        436,         79,       10.1,        101,       5.05   ,  0.0104018
          2,  187,        530,        398,       10.1,        101,       5.05   ,   -0.89095
          2,  188,        634,        193,       10.1,        101,       5.05   ,   -1.16988
          2,  189,        562,        858,       10.1,        101,       5.05   ,   -1.04607
          2,  190,         96,        979,       10.1,        101,       5.05   ,   0.288632
          2,  191,        647,        469,       10.1,        101,       5.05   ,   -1.50227
          2,  192,        647,         46,       10.1,        101,       5.05   ,  -0.737151
          2,  193,         88,        826,       10.1,        101,       5.05   ,  -0.749212
          2,  194,        682,        945,       10.1,        101,       5.05   ,    1.39776
          2,  195,        983,        697,       10.1,        101,       5.05   ,   -1.42877
          2,  196,        901,        799,       10.1,        101,       5.05   ,  -0.908764
          2,  197,        195,        470,       10.1,        101,       5.05   ,  -0.842756
          2,  198,        489,        898,       10.1,        101,       5.05   ,   -1.53184
          2,  199,        247,        507,       10.1,        101,       5.05   ,   -1.18085
          2,  200,        821,        384,       10.1,        101,       5.05   ,  -0.310797
          2,  201,        932,        961,       10.1,        101,       5.05   ,  -0.905081
          2,  202,        134,        840,       10.1,        101,       5.05   ,  -0.679758
          2,  203,        332,        883,       10.1,        101,       5.05   ,  -0.903255
          2,  204,        773,        433,       10.1,        101,       5.05   ,    1.27275
          2,  205,        168,        351,       10.1,        101,       5.05   ,   -1.08975
          2,  206,        189,        509,       10.1,        101,       5.05   ,    1.05469
          2,  207,        785,        347,       10.1,        101,       5.05   ,  -0.589397
          2,  208,        601,        880,       10.1,        101,       5.05   ,     1.2467
          2,  209,        905,        456,       10.1,        101,       5.05   ,    1.48911
          2,  210,        692,        716,       10.1,        101,       5.05   ,   0.674311
          2,  211,        493,        432,       10.1,        101,       5.05   ,   -0.85324
          2,  212,        972,        714,       10.1,        101,       5.05   ,    -1.4083
          2,  213,         47,        198,       10.1,        101,       5.05   ,    0.27095
          2,  214,        796,        421,       10.1,        101,       5.05   ,    1.35348
          2,  215,        495,        517,       10.1,        101,       5.05   ,  -0.411473
          2,  216,        642,        494,       10.1,        101,       5.05   ,   0.392188
          2,  217,        806,        413,       10.1,        101,       5.05   ,  -0.300963
          2,  218,         72,        972,       10.1,        101,       5.05   ,    1.04192
          2,  219,         25,        242,       10.1,        101,       5.05   ,  -0.138114
          2,  220,        827,         43,       10.1,        101,       5.05   ,   0.241615
          2,  221,        751,         65,       10.1,        101,       5.05   ,  -0.964218
          2,  222,        193,        575,       10.1,        101,       5.05   ,  -0.194368
          2,  223,        859,        400,       10.1,        101,       5.05   ,   0.910094
          2,  224,        310,        629,       10.1,        101,       5.05   ,   -0.19369
          2,  225,        152,         11,       10.1,        101,       5.05   ,   0.426602
          2,  226,        290,        361,       10.1,        101,       5.05   ,   0.149367
          2,  227,        201,        440,       10.1,        101,       5.05   ,   -1.14432
          2,  228,        698,        625,       10.1,        101,       5.05   ,  -0.528282
          2,  229,         99,        263,       10.1,        101,       5.05   ,  -0.352376
          2,  230,        334,        633,       10.1,        101,       5.05   ,    1.32748
          2,  231,        938,        519,       10.1,        101,       5.05   ,  -0.865331
          2,  232,        599,        814,       10.1,        101,       5.05   , -0.0795818
          2,  233,         71,        478,       10.1,        101,       5.05   ,   0.710369
          2,  234,        276,        190,       10.1,        101,       5.05   ,     1.4701
          2,  235,        659,        870,       10.1,        101,       5.05   ,  -0.673643
          2,  236,        549,        213,       10.1,        101,       5.05   ,   -1.53823
          2,  237,        662,        661,       10.1,        101,       5.05   ,   0.983332
          2,  238,         18,        865,       10.1,        101,       5.05   ,   0.214537
          2,  239,        449,        908,       10.1,        101,       5.05   ,   -1.38514
          2,  240,        575,         88,       10.1,        101,       5.05   ,   0.135235
          2,  241,          5,        910,       10.1,        101,       5.05   ,   0.994655
          2,  242,        889,        348,       10.1,        101,       5.05   ,   -1.53333
          2,  243,        655,        857,       10.1,        101,       5.05   ,   -1.46463
          2,  244,        264,        914,       10.1,        101,       5.05   ,   0.871493
          2,  245,        705,        543,       10.1,        101,       5.05   ,   0.190699
          2,  246,        135,        455,       10.1,        101,       5.05   ,   0.199277
          2,  247,        754,        627,       10.1,        101,       5.05   ,   0.705354
          2,  248,        279,        200,       10.1,        101,       5.05   ,    1.37321
          2,  249,        794,        988,       10.1,        101,       5.05   ,   0.847628
          2,  250,        214,         88,       10.1,        101,       5.05   ,  -0.984051
          2,  251,         61,        164,       10.1,        101,       5.05   ,   0.510711
          2,  252,        887,        722,       10.1,        101,       5.05   ,   -1.39929
          2,  253,        443,        530,       10.1,        101,       5.05   ,  0.0170282
          2,  254,        610,        555,       10.1,        101,       5.05   ,    1.36262
          2,  255,        866,        954,       10.1,        101,       5.05   ,   -1.38304
          2,  256,        935,        235,       10.1,        101,       5.05   ,    1.33929
          2,  257,        614,        399,       10.1,        101,       5.05   ,   0.831955
          2,  258,        894,        302,       10.1,        101,       5.05   ,   0.524069
          2,  259,        899,        807,       10.1,        101,       5.05   ,  -0.213111
          2,  260,        499,        567,       10.1,        101,       5.05   ,  -0.650643
          2,  261,        551,         11,       10.1,        101,       5.05   ,   -0.69067
          2,  262,          5,        982,       10.1,        101,       5.05   ,   0.452251
          2,  263,        616,        588,       10.1,        101,       5.05   ,  0.0423327
          2,  264,        702,        324,       10.1,        101,       5.05   ,   -0.63856
          2,  265,        369,        624,       10.1,        101,       5.05   ,  0.0196953
          2,  266,        454,        726,       10.1,        101,       5.05   ,   -1.25232
          2,  267,        333,        942,       10.1,        101,       5.05   ,     0.8924
          2,  268,        614,         20,       10.1,        101,       5.05   ,   -1.14789
          2,  269,        115,        843,       10.1,        101,       5.05   ,   -1.15656
          2,  270,        723,         28,       10.1,        101,       5.05   ,   0.313905
          2,  271,        698,        332,       10.1,        101,       5.05   ,   -1.26033
          2,  272,        113,        598,       10.1,        101,       5.05   ,  0.0141547
          2,  273,        684,        620,       10.1,        101,       5.05   ,   -1.24095
          2,  274,        669,        911,       10.1,        101,       5.05   ,  -0.632526
          2,  275,        356,        500,       10.1,        101,       5.05   ,   -1.29805
          2,  276,        607,        239,       10.1,        101,       5.05   ,    1.46104
          2,  277,         41,        572,       10.1,        101,       5.05   ,   -1.22654
          2,  278,        504,        384,       10.1,        101,       5.05   ,  -0.292243
          2,  279,        779,        549,       10.1,        101,       5.05   ,   0.027915
          2,  280,        749,        979,       10.1,        101,       5.05   ,    1.06156
          2,  281,        280,        567,       10.1,        101,       5.05   ,  -0.231074
          2,  282,         30,        173,       10.1,        101,       5.05   ,   -1.21754
          2,  283,        479,        435,       10.1,        101,       5.05   ,   0.421639
          2,  284,        877,        878,       10.1,        101,       5.05   ,    1.06673
          2,  285,        901,        759,       10.1,        101,       5.05   ,    1.28023
          2,  286,        985,        952,       10.1,        101,       5.05   ,    1.43438
          2,  287,        508,         89,       10.1,        101,       5.05   ,   0.858447
          2,  288,          7,        623,       10.1,        101,       5.05   ,   0.145514
          2,  289,        355,         47,       10.1,        101,       5.05   ,   -0.40811
          2,  290,        546,        946,       10.1,        101,       5.05   ,  -0.826573
          2,  291,        149,        847,       10.1,        101,       5.05   ,   0.786741
          2,  292,        684,        221,       10.1,        101,       5.05   ,   0.023229
          2,  293,        554,        379,       10.1,        101,       5.05   ,  -0.929763
          2,  294,        230,        645,       10.1,        101,       5.05   ,    1.18698
          2,  295,        946,        564,       10.1,        101,       5.05   ,  0.0790458
          2,  296,        779,        195,       10.1,        101,       5.05   ,    1.45945
          2,  297,        304,        902,       10.1,        101,       5.05   ,    1.19639
          2,  298,        290,        144,       10.1,        101,       5.05   ,    1.42072
          2,  299,        646,        191,       10.1,        101,       5.05   ,    -1.1765
          2,  300,        681,        225,       10.1,        101,       5.05   ,   -1.47298
          2,  301,        388,        311,       10.1,        101,       5.05   ,   0.355312
          2,  302,        456,        759,       10.1,        101,       5.05   ,     1.1094
          2,  303,        643,        925,       10.1,        101,       5.05   ,  -0.199997
          2,  304,        212,        957,       10.1,        101,       5.05   ,    1.46264
          2,  305,        592,        263,       10.1,        101,       5.05   ,    -1.0265
          2,  306,        202,        609,       10.1,        101,       5.05   ,    1.36434
          2,  307,        385,        882,       10.1,        101,       5.05   ,   -1.05223
          2,  308,        190,        518,       10.1,        101,       5.05   ,  -0.167031
          2,  309,        971,        135,       10.1,        101,       5.05   ,    0.18474
          2,  310,        210,        888,       10.1,        101,       5.05   ,  -0.300426
          2,  311,        148,        244,       10.1,        101,       5.05   , -0.0200096
          2,  312,        457,        832,       10.1,        101,       5.05   ,  -0.202102
          2,  313,        415,        937,       10.1,        101,       5.05   ,   0.201001
          2,  314,         17,        999,       10.1,        101,       5.05   ,    1.33196
          2,  315,        655,        358,       10.1,        101,       5.05   ,    1.40456
          2,  316,        412,        858,       10.1,        101,       5.05   ,   -1.20361
          2,  317,        925,        411,       10.1,        101,       5.05   ,    0.74561
          2,  318,        256,        355,       10.1,        101,       5.05   ,   0.913455
          2,  319,        895,        952,       10.1,        101,       5.05   ,  -0.386059
          2,  320,        671,        598,       10.1,        101,       5.05   ,   0.260898
          2,  321,        958,        919,       10.1,        101,       5.05   ,  -0.396221
          2,  322,        378,        554,       10.1,        101,       5.05   ,  -0.525549
          2,  323,        473,        110,       10.1,        101,       5.05   ,    -0.8375
          2,  324,        230,        267,       10.1,        101,       5.05   ,   -1.02103
          2,  325,        869,        775,       10.1,        101,       5.05   ,   0.111732
          2,  326,        159,        947,       10.1,        101,       5.05   ,   0.656897
          2,  327,        116,        209,       10.1,        101,       5.05   ,    1.53231
          2,  328,        506,        519,       10.1,        101,       5.05   ,  -0.112933
          2,  329,        523,        622,       10.1,        101,       5.05   ,    1.29187
          2,  330,          5,        708,       10.1,        101,       5.05   ,   -1.47317
          2,  331,        555,        851,       10.1,        101,       5.05   ,    1.42616
          2,  332,        109,        850,       10.1,        101,       5.05   ,   0.913254
          2,  333,        732,        215,       10.1,        101,       5.05   ,   -1.33986
          2,  334,        977,        727,       10.1,        101,       5.05   ,   -1.05355
          2,  335,        210,         39,       10.1,        101,       5.05   ,   0.100876
          2,  336,        326,        491,       10.1,        101,       5.05   ,    0.56211
          2,  337,        618,        881,       10.1,        101,       5.05   ,  -0.450857
          2,  338,        969,        788,       10.1,        101,       5.05   ,     1.5097
          2,  339,        904,        537,       10.1,        101,       5.05   ,   0.486257
          2,  340,        692,        892,       10.1,        101,       5.05   ,   -1.48513
          2,  341,        757,        266,       10.1,        101,       5.05   ,-0.00965645
          2,  342,        392,        665,       10.1,        101,       5.05   ,  -0.299671
          2,  343,        796,        202,       10.1,        101,       5.05   ,   0.830194
          2,  344,        825,        462,       10.1,        101,       5.05   ,   0.600628
          2,  345,        757,        939,       10.1,        101,       5.05   ,  -0.189513
          2,  346,        727,        694,       10.1,        101,       5.05   ,  -0.781458
          2,  347,        507,        371,       10.1,        101,       5.05   ,  -0.859714
          2,  348,        128,        285,       10.1,        101,       5.05   ,   -1.35507
          2,  349,        148,        353,       10.1,        101,       5.05   ,   -1.52486
          2,  350,        713,        925,       10.1,        101,       5.05   ,   0.454966
          2,  351,        964,        709,       10.1,        101,       5.05   ,    1.14169
          2,  352,        715,         41,       10.1,        101,       5.05   , -0.0130756
          2,  353,        105,        389,       10.1,        101,       5.05   ,   -1.24966
          2,  354,        590,        113,       10.1,        101,       5.05   ,    1.39114
          2,  355,        331,        499,       10.1,        101,       5.05   ,   -1.21491
          2,  356,         19,        972,       10.1,        101,       5.05   ,   -1.35993
          2,  357,         42,        259,       10.1,        101,       5.05   ,   0.889927
          2,  358,        714,        822,       10.1,        101,       5.05   ,   0.979007
          2,  359,        781,        862,       10.1,        101,       5.05   ,   0.440116
          2,  360,        447,        655,       10.1,        101,       5.05   ,   0.973208
          2,  361,        394,        719,       10.1,        101,       5.05   ,  -0.914498
          2,  362,        935,        521,       10.1,        101,       5.05   ,   -1.33378
          2,  363,        636,        260,       10.1,        101,       5.05   ,    0.80082
          2,  364,        133,        548,       10.1,        101,       5.05   ,   -1.24246
          2,  365,        985,        386,       10.1,        101,       5.05   ,  -0.590504
          2,  366,        524,        483,       10.1,        101,       5.05   ,   -0.95734
          2,  367,        220,        260,       10.1,        101,       5.05   ,  -0.956792
          2,  368,        646,        328,       10.1,        101,       5.05   ,   -1.34459
          2,  369,        290,        229,       10.1,        101,       5.05   ,    1.09375
          2,  370,        427,        860,       10.1,        101,       5.05   ,   -1.55969
          2,  371,        610,        626,       10.1,        101,       5.05   ,   -1.45356
          2,  372,        836,        261,       10.1,        101,       5.05   ,    1.21937
          2,  373,         71,        711,       10.1,        101,       5.05   ,    1.16525
          2,  374,        672,        424,       10.1,        101,       5.05   ,    -1.1735
          2,  375,        188,        937,       10.1,        101,       5.05   ,  -0.818486
          2,  376,        571,        600,       10.1,        101,       5.05   ,    1.45684
          2,  377,        455,        484,       10.1,        101,       5.05   ,   -1.33785
          2,  378,         48,        184,       10.1,        101,       5.05   ,   0.604956
          2,  379,        342,        410,       10.1,        101,       5.05   ,  -0.270982
          2,  380,        753,        755,       10.1,        101,       5.05   ,  -0.371687
          2,  381,        554,        290,       10.1,        101,       5.05   ,  -0.356587
          2,  382,        390,        571,       10.1,        101,       5.05   ,  -0.747179
          2,  383,        568,        778,       10.1,        101,       5.05   ,   -1.05179
          2,  384,        164,        759,       10.1,        101,       5.05   ,   -1.42473
          2,  385,        260,        480,       10.1,        101,       5.05   ,    1.42207
          2,  386,         97,        597,       10.1,        101,       5.05   ,   0.146345
          2,  387,        969,         22,       10.1,        101,       5.05   ,  0.0412737
          2,  388,         65,        569,       10.1,        101,       5.05   ,  -0.190838
          2,  389,        244,        991,       10.1,        101,       5.05   ,  -0.470993
          2,  390,        886,        301,       10.1,        101,       5.05   ,   -1.56244
          2,  391,        576,        750,       10.1,        101,       5.05   ,   0.880671
          2,  392,        576,        981,       10.1,        101,       5.05   ,  0.0807212
          2,  393,        505,        583,       10.1,        101,       5.05   ,   0.403345
          2,  394,         60,         92,       10.1,        101,       5.05   ,   0.931469
          2,  395,        842,        237,       10.1,        101,       5.05   ,  -0.668915
          2,  396,        171,        611,       10.1,        101,       5.05   ,  -0.468137
          2,  397,        723,        251,       10.1,        101,       5.05   ,  -0.335853
          2,  398,        709,        987,       10.1,        101,       5.05   ,   0.225928
          2,  399,         29,        597,       10.1,        101,       5.05   ,  -0.138763
          2,  400,         21,        198,       10.1,        101,       5.05   ,   0.941529
          2,  401,        344,        113,       10.1,        101,       5.05   ,  0.0452268
          2,  402,        273,        243,       10.1,        101,       5.05   ,  -0.835459
          2,  403,        450,        312,       10.1,        101,       5.05   ,  -0.995181
          2,  404,        272,        662,       10.1,        101,       5.05   ,    1.02463
          2,  405,        416,        612,       10.1,        101,       5.05   ,    1.03839
          2,  406,        468,        957,       10.1,        101,       5.05   ,  -0.215883
          2,  407,        634,        726,       10.1,        101,       5.05   ,    1.38827
          2,  408,        528,        236,       10.1,        101,       5.05   ,   0.294563
          2,  409,         36,          1,       10.1,        101,       5.05   ,   -1.13426
          2,  410,        171,        552,       10.1,        101,       5.05   ,   -1.17887
          2,  411,        539,        394,       10.1,        101,       5.05   ,   0.234879
          2,  412,        757,        655,       10.1,        101,       5.05   ,   0.727689
          2,  413,        421,         56,       10.1,        101,       5.05   ,   -1.42739
          2,  414,        135,        270,       10.1,        101,       5.05   ,  -0.746653
          2,  415,        941,        302,       10.1,        101,       5.05   ,    1.28735
          2,  416,         34,        866,       10.1,        101,       5.05   ,   -1.36051
          2,  417,        177,        615,       10.1,        101,       5.05   ,   -1.52233
          2,  418,        414,        674,       10.1,        101,       5.05   ,   -1.08017
          2,  419,        541,        882,       10.1,        101,       5.05   ,   0.327029
          2,  420,        473,        869,       10.1,        101,       5.05   ,   -0.42741
          2,  421,        297,        398,       10.1,        101,       5.05   ,   -1.35486
          2,  422,        592,        750,       10.1,        101,       5.05   ,    1.45143
          2,  423,        450,        816,       10.1,        101,       5.05   ,    -1.3512
          2,  424,         76,        126,       10.1,        101,       5.05   ,   -1.39165
          2,  425,        119,        935,       10.1,        101,       5.05   ,  -0.661858
          2,  426,        589,        134,       10.1,        101,       5.05   ,   0.102485
          2,  427,        429,        375,       10.1,        101,       5.05   ,    1.56323
          2,  428,        644,        713,       10.1,        101,       5.05   ,   -1.08049
          2,  429,        638,         44,       10.1,        101,       5.05   ,  -0.102893
          2,  430,        198,        529,       10.1,        101,       5.05   ,     1.5567
          2,  431,        484,        747,       10.1,        101,       5.05   ,   0.251535
          2,  432,        290,        193,       10.1,        101,       5.05   ,    1.19007
          2,  433,        306,        373,       10.1,        101,       5.05   ,  0.0527356
          2,  434,        914,        511,       10.1,        101,       5.05   ,    0.76513
          2,  435,        793,        579,       10.1,        101,       5.05   ,    1.08926
          2,  436,        101,        135,       10.1,        101,       5.05   ,   -1.48703
          2,  437,        679,        352,       10.1,        101,       5.05   ,    1.06502
          2,  438,        761,        867,       10.1,        101,       5.05   ,    1.12699
          2,  439,        808,        685,       10.1,        101,       5.05   , -0.0155213
          2,  440,        306,        953,       10.1,        101,       5.05   ,   -0.98187
          2,  441,        970,        852,       10.1,        101,       5.05   ,   0.397136
          2,  442,        170,        727,       10.1,        101,       5.05   ,   -1.09594
          2,  443,        665,        428,       10.1,        101,       5.05   ,  -0.726504
          2,  444,        553,        321,       10.1,        101,       5.05   ,   0.362822
          2,  445,        149,        319,       10.1,        101,       5.05   ,    1.36018
          2,  446,        834,        814,       10.1,        101,       5.05   ,     1.0361
          2,  447,        277,         43,       10.1,        101,       5.05   , -0.0338672
          2,  448,        237,        914,       10.1,        101,       5.05   ,    0.76548
          2,  449,        590,        130,       10.1,        101,       5.05   ,   -1.01537
          2,  450,        683,        495,       10.1,        101,       5.05   ,   -1.02479
          2,  451,        705,        455,       10.1,        101,       5.05   ,    1.27262
          2,  452,        841,        274,       10.1,        101,       5.05   ,   -1.39138
          2,  453,        266,        549,       10.1,        101,       5.05   ,  -0.954573
          2,  454,        868,        937,       10.1,        101,       5.05   ,   0.551295
          2,  455,         66,        632,       10.1,        101,       5.05   ,   0.040213
          2,  456,        964,        685,       10.1,        101,       5.05   ,   0.981034
          2,  457,        558,        510,       10.1,        101,       5.05   ,    1.00253
          2,  458,        358,        794,       10.1,        101,       5.05   ,    1.04001
          2,  459,        429,        316,       10.1,        101,       5.05   ,  -0.467935
          2,  460,        904,        321,       10.1,        101,       5.05   ,  -0.917759
          2,  461,         34,        984,       10.1,        101,       5.05   ,   0.788884
          2,  462,        780,        610,       10.1,        101,       5.05   ,      1.568
          2,  463,        148,        603,       10.1,        101,       5.05   ,  -0.283898
          2,  464,        193,         81,       10.1,        101,       5.05   ,  -0.541904
          2,  465,        779,        660,       10.1,        101,       5.05   ,   0.581168
          2,  466,         82,        531,       10.1,        101,       5.05   ,    1.34777
          2,  467,        774,        757,       10.1,        101,       5.05   ,  0.0240569
          2,  468,        608,        940,       10.1,        101,       5.05   ,   0.216994
          2,  469,        225,         26,       10.1,        101,       5.05   ,   -1.48125
          2,  470,        609,        762,       10.1,        101,       5.05   ,  -0.339358
          2,  471,        148,        702,       10.1,        101,       5.05   ,    0.48253
          2,  472,        157,        240,       10.1,        101,       5.05   ,  -0.718117
          2,  473,        630,        923,       10.1,        101,       5.05   , -0.0351931
          2,  474,        795,        353,       10.1,        101,       5.05   ,   0.868708
          2,  475,        622,        652,       10.1,        101,       5.05   , -0.0316827
          2,  476,        127,        283,       10.1,        101,       5.05   ,   -1.52099
          2,  477,        190,        608,       10.1,        101,       5.05   ,    0.42861
          2,  478,        784,         96,       10.1,        101,       5.05   ,  -0.216955
          2,  479,        124,        934,       10.1,        101,       5.05   ,   -1.35817
          2,  480,        502,        484,       10.1,        101,       5.05   ,   0.846403
          2,  481,        533,        312,       10.1,        101,       5.05   ,   0.986493
          2,  482,        707,        375,       10.1,        101,       5.05   ,   -1.38769
          2,  483,        344,        808,       10.1,        101,       5.05   ,   -1.35986
          2,  484,         41,        397,       10.1,        101,       5.05   ,   0.208413
          2,  485,        306,        607,       10.1,        101,       5.05   ,    1.26384
          2,  486,         19,        752,       10.1,        101,       5.05   ,   0.782176
          2,  487,        922,         46,       10.1,        101,       5.05   ,  -0.728068
          2,  488,        396,        832,       10.1,        101,       5.05   ,    0.53435
          2,  489,        598,         78,       10.1,        101,       5.05   ,   0.400487
          2,  490,        606,        305,       10.1,        101,       5.05   ,    1.06437
          2,  491,        576,        505,       10.1,        101,       5.05   ,  -0.384473
          2,  492,        971,        940,       10.1,        101,       5.05   ,   -1.28843
          2,  493,        240,        634,       10.1,        101,       5.05   ,  -0.631321
          2,  494,        562,        415,       10.1,        101,       5.05   ,  -0.648219
          2,  495,         50,        880,       10.1,        101,       5.05   ,   -1.48393
          2,  496,        603,         91,       10.1,        101,       5.05   ,  -0.854364
          2,  497,        343,        393,       10.1,        101,       5.05   ,  -0.736957
          2,  498,        572,        702,       10.1,        101,       5.05   ,  -0.422331
          2,  499,        446,        433,       10.1,        101,       5.05   ,  -0.899274
          2,  500,        567,        812,       10.1,        101,       5.05   ,  -0.673633
          2,  501,        788,        661,       10.1,        101,       5.05   ,  -0.206346
          2,  502,          3,         81,       10.1,        101,       5.05   ,  -0.597774
          2,  503,        934,        389,       10.1,        101,       5.05   ,   0.467472
          2,  504,        638,        372,       10.1,        101,       5.05   ,   0.593322
          2,  505,        236,        156,       10.1,        101,       5.05   ,   0.613224
          2,  506,        817,        969,       10.1,        101,       5.05   ,  -0.549272
          2,  507,        986,        199,       10.1,        101,       5.05   ,   -1.56783
          2,  508,        575,        620,       10.1,        101,       5.05   ,   0.454786
          2,  509,        743,        936,       10.1,        101,       5.05   ,    1.46178
          2,  510,        412,        131,       10.1,        101,       5.05   ,  -0.316441
          2,  511,        472,        692,       10.1,        101,       5.05   ,   0.676433
          2,  512,         85,        129,       10.1,        101,       5.05   ,  -0.860197
          2,  513,        131,        875,       10.1,        101,       5.05   ,  -0.242424
          2,  514,        851,        379,       10.1,        101,       5.05   ,  -0.805217
          2,  515,        267,        694,       10.1,        101,       5.05   ,   0.520192
          2,  516,        298,        261,       10.1,        101,       5.05   ,   0.629191
          2,  517,        495,        742,       10.1,        101,       5.05   ,    0.92007
          2,  518,        808,        571,       10.1,        101,       5.05   ,   -1.06956
          2,  519,        927,        392,       10.1,        101,       5.05   ,  -0.121789
          2,  520,        993,        279,       10.1,        101,       5.05   ,    1.30322
          2,  521,        932,        640,       10.1,        101,       5.05   ,   0.592534
          2,  522,        322,        313,       10.1,        101,       5.05   ,  -0.896569
          2,  523,        178,         56,       10.1,        101,       5.05   ,    1.00957
          2,  524,        486,        614,       10.1,        101,       5.05   ,   -1.35609
          2,  525,        740,        965,       10.1,        101,       5.05   ,    1.40655
          2,  526,        698,        669,       10.1,        101,       5.05   ,   -0.88562
          2,  527,        622,         68,       10.1,        101,       5.05   ,  -0.140985
          2,  528,        574,        124,       10.1,        101,       5.05   ,   0.272366
          2,  529,        861,        696,       10.1,        101,       5.05   ,    1.52568
          2,  530,        582,        619,       10.1,        101,       5.05   ,  -0.980968
          2,  531,        833,        314,       10.1,        101,       5.05   ,    1.27686
          2,  532,        771,        317,       10.1,        101,       5.05   ,  -0.128258
          2,  533,        863,        363,       10.1,        101,       5.05   ,  -0.401665
          2,  534,        121,        902,       10.1,        101,       5.05   ,   0.400904
          2,  535,        466,        493,       10.1,        101,       5.05   ,  0.0895533
          2,  536,        408,        756,       10.1,        101,       5.05   ,  -0.127766
          2,  537,        119,        252,       10.1,        101,       5.05   ,   0.716256
          2,  538,        999,        826,       10.1,        101,       5.05   ,  -0.441626
          2,  539,         17,        524,       10.1,        101,       5.05   ,    -1.5177
          2,  540,        221,        346,       10.1,        101,       5.05   ,   0.795408
          2,  541,        334,        681,       10.1,        101,       5.05   ,   0.892366
          2,  542,        732,        962,       10.1,        101,       5.05   ,  -0.954821
          2,  543,        866,        794,       10.1,        101,       5.05   ,  -0.532591
          2,  544,        942,         76,       10.1,        101,       5.05   ,    1.54654
          2,  545,        798,         98,       10.1,        101,       5.05   ,   -1.32282
          2,  546,        264,        314,       10.1,        101,       5.05   ,    1.46951
          2,  547,        953,        979,       10.1,        101,       5.05   ,   0.296787
          2,  548,        768,        419,       10.1,        101,       5.05   ,  -0.243707
          2,  549,         10,        344,       10.1,        101,       5.05   ,   0.365971
          2,  550,        101,        232,       10.1,        101,       5.05   ,  0.0215939
          2,  551,        691,        351,       10.1,        101,       5.05   ,   0.215183
          2,  552,        404,        150,       10.1,        101,       5.05   ,    1.21887
          2,  553,        127,        199,       10.1,        101,       5.05   ,    1.48974
          2,  554,        875,        872,       10.1,        101,       5.05   ,    1.31523
          2,  555,        497,        538,       10.1,        101,       5.05   ,  -0.636236
          2,  556,        100,        963,       10.1,        101,       5.05   ,    1.34292
          2,  557,        110,        416,       10.1,        101,       5.05   ,   0.940978
          2,  558,        766,        874,       10.1,        101,       5.05   ,   0.780178
          2,  559,        837,        601,       10.1,        101,       5.05   ,     1.1798
          2,  560,         35,        967,       10.1,        101,       5.05   ,  -0.619146
          2,  561,        389,        516,       10.1,        101,       5.05   ,     1.0567
          2,  562,        719,        817,       10.1,        101,       5.05   ,   0.895722
          2,  563,         76,        937,       10.1,        101,       5.05   ,    1.22154
          2,  564,        531,        975,       10.1,        101,       5.05   ,  0.0233534
          2,  565,        969,         78,       10.1,        101,       5.05   ,  -0.626972
          2,  566,        656,        955,       10.1,        101,       5.05   ,    1.44984
          2,  567,        651,        530,       10.1,        101,       5.05   ,  -0.766949
          2,  568,        831,         67,       10.1,        101,       5.05   ,     1.1586
          2,  569,        344,        895,       10.1,        101,       5.05   ,  -0.406123
          2,  570,        151,         14,       10.1,        101,       5.05   ,  0.0684965
          2,  571,        695,        913,       10.1,        101,       5.05   ,     0.7795
          2,  572,        342,        116,       10.1,        101,       5.05   ,  -0.324226
          2,  573,        458,        126,       10.1,        101,       5.05   ,    1.25273
          2,  574,        120,        626,       10.1,        101,       5.05   ,  -0.637638
          2,  575,        894,        151,       10.1,        101,       5.05   ,    0.18027
          2,  576,        172,        569,       10.1,        101,       5.05   ,   0.511005
          2,  577,        894,        181,       10.1,        101,       5.05   ,   -1.37377
          2,  578,        870,        295,       10.1,        101,       5.05   ,   0.768256
          2,  579,        444,        249,       10.1,        101,       5.05   ,    1.31502
          2,  580,        673,        774,       10.1,        101,       5.05   ,  -0.357486
          2,  581,        241,        266,       10.1,        101,       5.05   ,   0.773664
          2,  582,        521,        262,       10.1,        101,       5.05   ,    1.12817
          2,  583,        828,        522,       10.1,        101,       5.05   , -0.0295312
          2,  584,        761,        370,       10.1,        101,       5.05   ,  0.0174245
          2,  585,        355,        218,       10.1,        101,       5.05   ,  0.0765559
          2,  586,        475,        157,       10.1,        101,       5.05   ,  0.0123266
          2,  587,        214,        631,       10.1,        101,       5.05   ,   0.310787
          2,  588,        214,        969,       10.1,        101,       5.05   ,  -0.530606
          2,  589,        577,        602,       10.1,        101,       5.05   ,   -1.04885
          2,  590,        368,        260,       10.1,        101,       5.05   ,   -1.33123
          2,  591,        565,        144,       10.1,        101,       5.05   ,  -0.310104
          2,  592,        728,        295,       10.1,        101,       5.05   ,  -0.335504
          2,  593,        770,        472,       10.1,        101,       5.05   ,   0.580386
          2,  594,        838,        283,       10.1,        101,       5.05   ,   0.448901
          2,  595,        210,        790,       10.1,        101,       5.05   ,    1.55569
          2,  596,        267,         51,       10.1,        101,       5.05   ,   -1.12025
          2,  597,        357,        959,       10.1,        101,       5.05   ,   0.667764
          2,  598,         47,        310,       10.1,        101,       5.05   ,    1.16691
          2,  599,        114,        186,       10.1,        101,       5.05   ,  -0.486245
          2,  600,        961,        101,       10.1,        101,       5.05   ,  -0.511241
          2,  601,        595,        662,       10.1,        101,       5.05   ,  -0.990568
          2,  602,        994,        153,       10.1,        101,       5.05   ,  -0.189096
          2,  603,        631,        757,       10.1,        101,       5.05   ,   0.975584
          2,  604,        700,        667,       10.1,        101,       5.05   ,   -1.47341
          2,  605,        569,        297,       10.1,        101,       5.05   ,   0.979999
          2,  606,        771,        809,       10.1,        101,       5.05   ,   -1.40473
          2,  607,        827,        968,       10.1,        101,       5.05   ,  -0.896719
          2,  608,        520,        898,       10.1,        101,       5.05   ,    1.14966
          2,  609,        562,        620,       10.1,        101,       5.05   ,   0.312677
          2,  610,        546,        977,       10.1,        101,       5.05   ,  -0.517822
          2,  611,        392,        871,       10.1,        101,       5.05   ,   0.562517
          2,  612,        601,        304,       10.1,        101,       5.05   ,   0.662948
          2,  613,        937,        793,       10.1,        101,       5.05   ,  -0.441092
          2,  614,        948,        715,       10.1,        101,       5.05   ,    0.96937
          2,  615,        477,        396,       10.1,        101,       5.05   ,   0.476578
          2,  616,        350,        623,       10.1,        101,       5.05   ,  -0.694111
          2,  617,         87,        754,       10.1,        101,       5.05   ,   -1.47974
          2,  618,        326,         69,       10.1,        101,       5.05   ,  -0.793969
          2,  619,        466,        937,       10.1,        101,       5.05   ,   0.176267
          2,  620,        276,        416,       10.1,        101,       5.05   ,   -1.45697
          2,  621,        923,        806,       10.1,        101,       5.05   ,  -0.937626
          2,  622,        153,        528,       10.1,        101,       5.05   ,   -1.31323
          2,  623,        693,        244,       10.1,        101,       5.05   ,   0.498654
          2,  624,        176,        980,       10.1,        101,       5.05   ,   0.741968
          2,  625,        937,        413,       10.1,        101,       5.05   ,  -0.457758
          2,  626,        119,        802,       10.1,        101,       5.05   ,   -1.39471
          2,  627,        167,        323,       10.1,        101,       5.05   ,  0.0394465
          2,  628,        666,        698,       10.1,        101,       5.05   ,  -0.482197
          2,  629,        256,        477,       10.1,        101,       5.05   ,   -0.67703
          2,  630,        832,        496,       10.1,        101,       5.05   ,   -1.54963
          2,  631,        746,        851,       10.1,        101,       5.05   ,   0.508236
          2,  632,        262,        275,       10.1,        101,       5.05   ,   0.561622
          2,  633,        754,        546,       10.1,        101,       5.05   ,   -1.48953
          2,  634,        810,        455,       10.1,        101,       5.05   ,  -0.511755
          2,  635,        327,        687,       10.1,        101,       5.05   ,    1.13753
          2,  636,        239,        204,       10.1,        101,       5.05   ,   0.786204
          2,  637,        313,        832,       10.1,        101,       5.05   ,  -0.502563
          2,  638,        489,        950,       10.1,        101,       5.05   ,  -0.775137
          2,  639,        525,        144,       10.1,        101,       5.05   ,  -0.621335
          2,  640,         26,        765,       10.1,        101,       5.05   ,   0.936759
          2,  641,        883,        332,       10.1,        101,       5.05   ,   0.408937
          2,  642,        528,        852,       10.1,        101,       5.05   ,    1.37766
          2,  643,        255,        118,       10.1,        101,       5.05   ,    1.36926
          2,  644,        885,        980,       10.1,        101,       5.05   ,   0.322439
          2,  645,         48,        613,       10.1,        101,       5.05   ,   -1.26052
          2,  646,        807,        257,       10.1,        101,       5.05   ,  -0.328884
          2,  647,        114,        531,       10.1,        101,       5.05   ,    1.41211
          2,  648,        948,        895,       10.1,        101,       5.05   ,-0.00768854
          2,  649,        224,        302,       10.1,        101,       5.05   ,    1.04009
          2,  650,        622,        993,       10.1,        101,       5.05   ,    1.09362
          2,  651,        798,        356,       10.1,        101,       5.05   , -0.0575397
          2,  652,        259,        337,       10.1,        101,       5.05   ,   -1.06848
          2,  653,        202,        347,       10.1,        101,       5.05   ,   0.695916
          2,  654,        121,         30,       10.1,        101,       5.05   ,   0.749131
          2,  655,        365,        894,       10.1,        101,       5.05   ,   0.359666
          2,  656,        591,         76,       10.1,        101,       5.05   ,   -1.23617
          2,  657,         56,         27,       10.1,        101,       5.05   ,   -1.24337
          2,  658,         57,        669,       10.1,        101,       5.05   ,   -1.48023
------------------------------------------------------------------------------
Component[2] Total Sloped Parallelepiped = 658