Component 1 maximum area=0.326731 [on 1000x1000]
Component type: Ellipse
---------------------------------------------------------------------------------------
--------------|------- Center-----|----- dimensions---------|----------------------
component| id|    X       |     Y      |  Width/a     | height/b |   hoop   |   Slope   
---------------------------------------------------------------------------------------
          1,    1,        140,        873,       50.5,       50.5,      2.525   ,   -1.43666
          1,    2,        146,        544,       50.5,       50.5,      2.525   ,  -0.554885
          1,    3,        308,        394,       50.5,       50.5,      2.525   ,   0.346953
          1,    4,        153,        209,       50.5,       50.5,      2.525   ,  -0.964165
          1,    5,        762,        838,       50.5,       50.5,      2.525   ,  0.0308395
          1,    6,        463,        571,       50.5,       50.5,      2.525   ,   -1.16107
          1,    7,        610,        671,       50.5,       50.5,      2.525   ,   -1.02682
          1,    8,        341,        106,       50.5,       50.5,      2.525   ,   -1.05747
          1,    9,        494,        374,       50.5,       50.5,      2.525   ,    1.47956
          1,   10,        850,         52,       50.5,       50.5,      2.525   ,    -1.3235
          1,   11,        174,        174,       50.5,       50.5,      2.525   ,   0.608876
          1,   12,        919,        698,       50.5,       50.5,      2.525   ,    1.11691
          1,   13,        599,        530,       50.5,       50.5,      2.525   ,    1.56048
          1,   14,        745,        666,       50.5,       50.5,      2.525   ,  0.0798494
          1,   15,        498,        273,       50.5,       50.5,      2.525   ,   0.687759
          1,   16,         12,         70,       50.5,       50.5,      2.525   ,   0.347551
          1,   17,        185,        325,       50.5,       50.5,      2.525   ,   0.453261
          1,   18,        419,        193,       50.5,       50.5,      2.525   ,   -0.44629
          1,   19,        507,        590,       50.5,       50.5,      2.525   ,   0.577108
          1,   20,        197,        761,       50.5,       50.5,      2.525   ,    1.47011
          1,   21,        804,         40,       50.5,       50.5,      2.525   ,   -1.17237
          1,   22,        621,        923,       50.5,       50.5,      2.525   ,    1.26264
          1,   23,        501,        950,       50.5,       50.5,      2.525   ,   -1.08089
          1,   24,        451,        121,       50.5,       50.5,      2.525   ,   0.993568
          1,   25,        723,        696,       50.5,       50.5,      2.525   ,   -1.36036
          1,   26,        154,        336,       50.5,       50.5,      2.525   ,  -0.528167
          1,   27,        995,        270,       50.5,       50.5,      2.525   ,  -0.914003
          1,   28,        838,        320,       50.5,       50.5,      2.525   ,    1.43912
          1,   29,        347,        616,       50.5,       50.5,      2.525   ,  -0.985461
          1,   30,        520,        307,       50.5,       50.5,      2.525   ,   0.173797
          1,   31,        901,        936,       50.5,       50.5,      2.525   ,   -1.54065
          1,   32,        210,        667,       50.5,       50.5,      2.525   ,   0.363462
          1,   33,        759,        589,       50.5,       50.5,      2.525   ,  -0.499195
          1,   34,        611,        698,       50.5,       50.5,      2.525   ,     0.4925
          1,   35,        320,         51,       50.5,       50.5,      2.525   ,  -0.439858
          1,   36,         12,        790,       50.5,       50.5,      2.525   ,  -0.414268
          1,   37,        940,        289,       50.5,       50.5,      2.525   ,   0.165491
          1,   38,        275,        607,       50.5,       50.5,      2.525   ,  -0.903541
          1,   39,        815,        822,       50.5,       50.5,      2.525   ,   -1.23635
          1,   40,        126,        949,       50.5,       50.5,      2.525   , -0.0528171
          1,   41,        536,        943,       50.5,       50.5,      2.525   ,  -0.222612
          1,   42,        548,        697,       50.5,       50.5,      2.525   ,  -0.106957
          1,   43,        879,        865,       50.5,       50.5,      2.525   ,   -0.19539
          1,   44,        224,        403,       50.5,       50.5,      2.525   ,    1.01518
          1,   45,        351,        351,       50.5,       50.5,      2.525   ,   -1.37063
          1,   46,        766,        872,       50.5,       50.5,      2.525   ,  -0.164786
          1,   47,        324,        399,       50.5,       50.5,      2.525   ,   -1.14517
          1,   48,        879,        833,       50.5,       50.5,      2.525   ,  -0.961906
          1,   49,        846,        125,       50.5,       50.5,      2.525   ,  -0.606661
          1,   50,        206,        683,       50.5,       50.5,      2.525   ,  -0.975887
          1,   51,        391,        330,       50.5,       50.5,      2.525   ,     1.2122
          1,   52,        970,        643,       50.5,       50.5,      2.525   ,   -1.46414
          1,   53,        318,        183,       50.5,       50.5,      2.525   ,   0.186853
------------------------------------------------------------------------------
Component[1] Total Ellipsoids = 53