Component 1 maximum area=0.326731 [on 1000x1000]
Component type: Ellipse
---------------------------------------------------------------------------------------
--------------|------- Center-----|----- dimensions---------|----------------------
component| id|    X       |     Y      |  Width/a     | height/b |   hoop   |   Slope   
---------------------------------------------------------------------------------------
          1,    1,        806,         81,       50.5,       50.5,      2.525   ,   0.639917
          1,    2,         17,        828,       50.5,       50.5,      2.525   ,   0.781586
          1,    3,         79,        981,       50.5,       50.5,      2.525   ,    1.55202
          1,    4,        989,        698,       50.5,       50.5,      2.525   ,    1.04882
          1,    5,        967,        748,       50.5,       50.5,      2.525   ,    -1.4624
          1,    6,        350,        739,       50.5,       50.5,      2.525   ,  -0.613449
          1,    7,        575,        948,       50.5,       50.5,      2.525   ,   0.257307
          1,    8,        231,        770,       50.5,       50.5,      2.525   ,   -1.15964
          1,    9,        300,        490,       50.5,       50.5,      2.525   ,    0.90055
          1,   10,        664,        193,       50.5,       50.5,      2.525   ,   -1.12775
          1,   11,        761,         28,       50.5,       50.5,      2.525   ,    1.17827
          1,   12,        589,         54,       50.5,       50.5,      2.525   ,  0.0156196
          1,   13,        307,        402,       50.5,       50.5,      2.525   ,  -0.981604
          1,   14,        842,        449,       50.5,       50.5,      2.525   ,  -0.407199
          1,   15,        234,        236,       50.5,       50.5,      2.525   ,   0.997446
          1,   16,        803,        198,       50.5,       50.5,      2.525   , -0.0264302
          1,   17,        785,        440,       50.5,       50.5,      2.525   ,   -1.15432
          1,   18,        906,        726,       50.5,       50.5,      2.525   ,  -0.389577
          1,   19,        186,        701,       50.5,       50.5,      2.525   ,  -0.312304
          1,   20,        376,          3,       50.5,       50.5,      2.525   ,    1.48294
          1,   21,        627,        378,       50.5,       50.5,      2.525   ,   0.547864
          1,   22,        237,        273,       50.5,       50.5,      2.525   ,   0.925338
          1,   23,         24,        457,       50.5,       50.5,      2.525   ,   0.597702
          1,   24,        261,          4,       50.5,       50.5,      2.525   ,  -0.377994
          1,   25,         83,        438,       50.5,       50.5,      2.525   ,   0.444725
          1,   26,        833,        854,       50.5,       50.5,      2.525   ,  -0.700389
          1,   27,        886,        962,       50.5,       50.5,      2.525   ,    -1.2241
          1,   28,        558,        221,       50.5,       50.5,      2.525   ,    1.43682
          1,   29,        403,        305,       50.5,       50.5,      2.525   , -0.0789199
          1,   30,        656,        633,       50.5,       50.5,      2.525   ,   -1.05292
          1,   31,        752,        764,       50.5,       50.5,      2.525   ,   -1.38845
          1,   32,        233,        151,       50.5,       50.5,      2.525   ,   -1.06757
          1,   33,        239,         10,       50.5,       50.5,      2.525   ,    0.67474
          1,   34,        194,        565,       50.5,       50.5,      2.525   ,  -0.816672
          1,   35,        301,        626,       50.5,       50.5,      2.525   ,  -0.577937
          1,   36,        913,        598,       50.5,       50.5,      2.525   ,    0.10163
          1,   37,        540,        679,       50.5,       50.5,      2.525   ,   -1.10241
          1,   38,        727,        963,       50.5,       50.5,      2.525   ,  -0.107534
          1,   39,        743,        961,       50.5,       50.5,      2.525   ,  -0.851828
          1,   40,        490,        690,       50.5,       50.5,      2.525   ,    1.11019
          1,   41,        978,        191,       50.5,       50.5,      2.525   ,   -1.20708
          1,   42,        995,        583,       50.5,       50.5,      2.525   ,  -0.825738
          1,   43,        160,        510,       50.5,       50.5,      2.525   ,  -0.140158
          1,   44,        987,        643,       50.5,       50.5,      2.525   ,  -0.844593
          1,   45,        448,        247,       50.5,       50.5,      2.525   ,   -1.20426
          1,   46,        306,        394,       50.5,       50.5,      2.525   ,  -0.105785
          1,   47,        147,        414,       50.5,       50.5,      2.525   ,   0.553746
          1,   48,        704,        356,       50.5,       50.5,      2.525   ,   0.341825
          1,   49,        595,        375,       50.5,       50.5,      2.525   , -0.0153326
          1,   50,         25,        421,       50.5,       50.5,      2.525   ,   0.808039
          1,   51,        913,        536,       50.5,       50.5,      2.525   ,   -1.34464
          1,   52,        861,        778,       50.5,       50.5,      2.525   ,    1.03451
          1,   53,        984,        654,       50.5,       50.5,      2.525   ,   0.534595
          1,   54,        100,        368,       50.5,       50.5,      2.525   ,     1.1226
------------------------------------------------------------------------------
Component[1] Total Ellipsoids = 54