Component 1 maximum area=0.326731 [on 1000x1000]
Component type: Ellipse
---------------------------------------------------------------------------------------
--------------|------- Center-----|----- dimensions---------|----------------------
component| id|    X       |     Y      |  Width/a     | height/b |   hoop   |   Slope   
---------------------------------------------------------------------------------------
          1,    1,        283,        995,       50.5,       50.5,      2.525   ,   -1.15906
          1,    2,        429,        895,       50.5,       50.5,      2.525   ,   -1.35981
          1,    3,        921,        215,       50.5,       50.5,      2.525   ,  -0.976306
          1,    4,        640,        993,       50.5,       50.5,      2.525   ,   0.851124
          1,    5,        856,        158,       50.5,       50.5,      2.525   ,    1.39431
          1,    6,        729,         57,       50.5,       50.5,      2.525   ,    1.47562
          1,    7,        130,        524,       50.5,       50.5,      2.525   ,   -0.21942
          1,    8,        191,        938,       50.5,       50.5,      2.525   ,  -0.827365
          1,    9,        324,        658,       50.5,       50.5,      2.525   ,    -1.2738
          1,   10,        719,        530,       50.5,       50.5,      2.525   ,   0.373241
          1,   11,        308,        576,       50.5,       50.5,      2.525   ,   -1.39268
          1,   12,        567,         84,       50.5,       50.5,      2.525   ,   0.733865
          1,   13,        207,        950,       50.5,       50.5,      2.525   ,   0.423906
          1,   14,        456,        588,       50.5,       50.5,      2.525   ,    1.06207
          1,   15,        951,        449,       50.5,       50.5,      2.525   ,  -0.584657
          1,   16,         56,        191,       50.5,       50.5,      2.525   ,  -0.887741
          1,   17,        205,        196,       50.5,       50.5,      2.525   ,   0.682513
          1,   18,         15,        239,       50.5,       50.5,      2.525   ,    1.13048
          1,   19,        746,        910,       50.5,       50.5,      2.525   ,   0.508888
          1,   20,         33,        515,       50.5,       50.5,      2.525   ,  -0.236451
          1,   21,        635,        175,       50.5,       50.5,      2.525   ,  -0.614061
          1,   22,        147,        973,       50.5,       50.5,      2.525   ,    1.54067
          1,   23,        641,        129,       50.5,       50.5,      2.525   ,   -1.29109
          1,   24,        187,        861,       50.5,       50.5,      2.525   ,  -0.750177
          1,   25,        977,        442,       50.5,       50.5,      2.525   ,  -0.632816
          1,   26,        172,        863,       50.5,       50.5,      2.525   ,    1.44794
          1,   27,        435,         15,       50.5,       50.5,      2.525   ,   -1.00565
          1,   28,        922,        681,       50.5,       50.5,      2.525   ,   -1.37206
          1,   29,        145,        509,       50.5,       50.5,      2.525   ,   0.260058
          1,   30,        849,        927,       50.5,       50.5,      2.525   ,   0.604986
          1,   31,        768,        168,       50.5,       50.5,      2.525   ,    -1.2095
          1,   32,        386,        626,       50.5,       50.5,      2.525   ,   0.541755
          1,   33,        646,        291,       50.5,       50.5,      2.525   ,  -0.476455
          1,   34,        963,        135,       50.5,       50.5,      2.525   ,   0.411516
          1,   35,        619,        941,       50.5,       50.5,      2.525   ,    1.12884
          1,   36,        394,        676,       50.5,       50.5,      2.525   ,    1.20589
          1,   37,        946,          8,       50.5,       50.5,      2.525   ,    1.43504
          1,   38,        318,        617,       50.5,       50.5,      2.525   ,   0.736773
          1,   39,        438,        101,       50.5,       50.5,      2.525   ,  -0.884863
          1,   40,        953,        346,       50.5,       50.5,      2.525   ,   -1.42521
          1,   41,        658,         16,       50.5,       50.5,      2.525   ,   -0.91907
          1,   42,        761,        241,       50.5,       50.5,      2.525   ,  -0.560174
          1,   43,        971,        885,       50.5,       50.5,      2.525   ,   0.481821
          1,   44,         52,        523,       50.5,       50.5,      2.525   ,    1.44189
          1,   45,        179,        327,       50.5,       50.5,      2.525   ,   -1.05892
          1,   46,        121,        110,       50.5,       50.5,      2.525   ,    1.29885
          1,   47,        820,        449,       50.5,       50.5,      2.525   ,  -0.471597
          1,   48,        258,        329,       50.5,       50.5,      2.525   ,   -1.33863
          1,   49,        545,        800,       50.5,       50.5,      2.525   ,  -0.917764
          1,   50,        184,        479,       50.5,       50.5,      2.525   ,   0.881957
          1,   51,        232,        925,       50.5,       50.5,      2.525   , -0.0713061
          1,   52,        580,        699,       50.5,       50.5,      2.525   ,   0.349988
          1,   53,        576,         82,       50.5,       50.5,      2.525   ,   0.752067
          1,   54,        959,        901,       50.5,       50.5,      2.525   ,   0.303141
          1,   55,        806,        971,       50.5,       50.5,      2.525   ,  -0.457084
------------------------------------------------------------------------------
Component[1] Total Ellipsoids = 55