Component 1 maximum area=0.326731 [on 1000x1000]
Component type: Ellipse
---------------------------------------------------------------------------------------
--------------|------- Center-----|----- dimensions---------|----------------------
component| id|   X        |     Y    |  Width/a     | height/b |   hoop   |   Slope    
---------------------------------------------------------------------------------------
          1,    1,        333,        815,       50.5,       50.5,      2.525   ,   -1.12907
          1,    2,        698,        164,       50.5,       50.5,      2.525   ,    0.45455
          1,    3,         80,        461,       50.5,       50.5,      2.525   ,   -0.42649
          1,    4,        577,        237,       50.5,       50.5,      2.525   ,  -0.177031
          1,    5,         71,         92,       50.5,       50.5,      2.525   ,   0.443504
          1,    6,        228,        345,       50.5,       50.5,      2.525   ,   -1.42139
          1,    7,        944,        901,       50.5,       50.5,      2.525   ,   0.680136
          1,    8,        164,        423,       50.5,       50.5,      2.525   ,   -1.01678
          1,    9,        735,        398,       50.5,       50.5,      2.525   ,  -0.274225
          1,   10,        545,        826,       50.5,       50.5,      2.525   ,   -1.09578
          1,   11,        589,        474,       50.5,       50.5,      2.525   ,  -0.578219
          1,   12,         71,        228,       50.5,       50.5,      2.525   ,  -0.180783
          1,   13,        502,        744,       50.5,       50.5,      2.525   ,   0.105716
          1,   14,        708,        279,       50.5,       50.5,      2.525   ,   -1.48737
          1,   15,        121,        767,       50.5,       50.5,      2.525   ,   0.439476
          1,   16,        757,        837,       50.5,       50.5,      2.525   ,  -0.944026
          1,   17,        577,        339,       50.5,       50.5,      2.525   ,   -1.19761
          1,   18,        847,        527,       50.5,       50.5,      2.525   ,    0.73869
          1,   19,         47,        355,       50.5,       50.5,      2.525   ,  -0.182071
          1,   20,        341,        553,       50.5,       50.5,      2.525   ,  -0.832381
          1,   21,        645,        114,       50.5,       50.5,      2.525   ,   0.815641
          1,   22,        166,        919,       50.5,       50.5,      2.525   ,  -0.954958
          1,   23,        216,        191,       50.5,       50.5,      2.525   ,    1.39596
          1,   24,        879,        168,       50.5,       50.5,      2.525   ,  -0.677869
          1,   25,         58,        596,       50.5,       50.5,      2.525   ,   0.672683
          1,   26,        849,        918,       50.5,       50.5,      2.525   ,    1.46627
          1,   27,        785,        207,       50.5,       50.5,      2.525   ,   0.676816
          1,   28,        864,        573,       50.5,       50.5,      2.525   ,   0.486218
          1,   29,        381,        160,       50.5,       50.5,      2.525   ,     1.5268
          1,   30,        757,        721,       50.5,       50.5,      2.525   ,   0.070076
          1,   31,         87,        177,       50.5,       50.5,      2.525   ,    1.42463
          1,   32,        253,        338,       50.5,       50.5,      2.525   ,    1.16182
          1,   33,        499,        338,       50.5,       50.5,      2.525   ,   -1.19348
          1,   34,        161,        706,       50.5,       50.5,      2.525   ,  -0.471957
          1,   35,        764,        747,       50.5,       50.5,      2.525   ,   -1.31715
          1,   36,         17,        902,       50.5,       50.5,      2.525   ,  -0.335062
          1,   37,        373,        118,       50.5,       50.5,      2.525   ,   0.741229
          1,   38,        308,        821,       50.5,       50.5,      2.525   ,  -0.547351
          1,   39,         68,        823,       50.5,       50.5,      2.525   ,   -1.26847
          1,   40,        554,        104,       50.5,       50.5,      2.525   ,      1.077
          1,   41,        942,        426,       50.5,       50.5,      2.525   ,    -0.3161
          1,   42,        390,        446,       50.5,       50.5,      2.525   ,   -1.48106
          1,   43,        468,        931,       50.5,       50.5,      2.525   ,   0.600638
          1,   44,         96,        211,       50.5,       50.5,      2.525   ,  -0.890435
          1,   45,        119,        628,       50.5,       50.5,      2.525   ,   -1.42256
          1,   46,        640,         35,       50.5,       50.5,      2.525   ,   -1.03602
          1,   47,        518,        921,       50.5,       50.5,      2.525   ,   0.732527
------------------------------------------------------------------------------
Component[1] Total Ellipsoids = 47
Component[1] Real area in [1000x1000]= 0.329484%=
------------------------------------------------------------------------------
