Component 1 maximum area=0.326731 [on 1000x1000]
Component type: Ellipse
---------------------------------------------------------------------------------------
--------------|------- Center-----|----- dimensions---------|----------------------
component| id|    X       |     Y      |  Width/a     | height/b |   hoop   |   Slope   
---------------------------------------------------------------------------------------
          1,    1,        344,        947,       50.5,       50.5,      2.525   ,    1.38281
          1,    2,        244,        159,       50.5,       50.5,      2.525   ,    1.30449
          1,    3,        694,        177,       50.5,       50.5,      2.525   ,  -0.514932
          1,    4,        699,        123,       50.5,       50.5,      2.525   ,  -0.985586
          1,    5,        136,         39,       50.5,       50.5,      2.525   ,   0.984125
          1,    6,        463,        702,       50.5,       50.5,      2.525   ,   0.688978
          1,    7,        564,        837,       50.5,       50.5,      2.525   ,  -0.454056
          1,    8,        522,        141,       50.5,       50.5,      2.525   ,   0.644509
          1,    9,        130,        866,       50.5,       50.5,      2.525   ,    1.47235
          1,   10,        630,        297,       50.5,       50.5,      2.525   ,   0.861171
          1,   11,        893,        275,       50.5,       50.5,      2.525   ,  -0.297831
          1,   12,        286,        300,       50.5,       50.5,      2.525   ,    1.19424
          1,   13,        981,        880,       50.5,       50.5,      2.525   ,    1.53816
          1,   14,        162,        899,       50.5,       50.5,      2.525   ,    0.73849
          1,   15,        113,         56,       50.5,       50.5,      2.525   ,   0.302791
          1,   16,        732,         56,       50.5,       50.5,      2.525   , -0.0138209
          1,   17,        234,        917,       50.5,       50.5,      2.525   ,    1.51699
          1,   18,        644,        542,       50.5,       50.5,      2.525   ,   0.111303
          1,   19,        368,        392,       50.5,       50.5,      2.525   ,    1.11616
          1,   20,         17,        893,       50.5,       50.5,      2.525   ,   0.210557
          1,   21,        587,        181,       50.5,       50.5,      2.525   ,  -0.948953
          1,   22,        195,        649,       50.5,       50.5,      2.525   ,   0.538937
          1,   23,        444,        219,       50.5,       50.5,      2.525   ,  -0.832932
          1,   24,        577,        877,       50.5,       50.5,      2.525   ,  -0.944599
          1,   25,        776,        310,       50.5,       50.5,      2.525   ,   0.217921
          1,   26,        199,        799,       50.5,       50.5,      2.525   ,   0.463547
          1,   27,        206,        676,       50.5,       50.5,      2.525   ,   -1.21999
          1,   28,        792,        945,       50.5,       50.5,      2.525   ,  -0.118939
          1,   29,        134,        522,       50.5,       50.5,      2.525   ,  -0.470073
          1,   30,        832,        759,       50.5,       50.5,      2.525   ,   -1.44755
          1,   31,        670,        308,       50.5,       50.5,      2.525   ,    0.20585
          1,   32,        609,        961,       50.5,       50.5,      2.525   ,   0.811681
          1,   33,        334,        593,       50.5,       50.5,      2.525   ,  -0.489338
          1,   34,        347,        788,       50.5,       50.5,      2.525   ,    1.54171
          1,   35,         53,        871,       50.5,       50.5,      2.525   ,    1.00628
          1,   36,        834,        218,       50.5,       50.5,      2.525   ,   -1.00348
          1,   37,        804,        480,       50.5,       50.5,      2.525   ,    1.55796
          1,   38,         19,        470,       50.5,       50.5,      2.525   ,   0.509603
          1,   39,        747,        727,       50.5,       50.5,      2.525   ,  -0.971074
          1,   40,        888,        662,       50.5,       50.5,      2.525   ,   0.936794
          1,   41,        987,        236,       50.5,       50.5,      2.525   ,  -0.920261
          1,   42,        699,        865,       50.5,       50.5,      2.525   ,   0.359598
          1,   43,        198,        536,       50.5,       50.5,      2.525   ,  -0.257957
          1,   44,        446,        556,       50.5,       50.5,      2.525   ,    1.56527
          1,   45,         82,         32,       50.5,       50.5,      2.525   ,   -1.04159
          1,   46,        800,         65,       50.5,       50.5,      2.525   ,  -0.814516
          1,   47,        252,        381,       50.5,       50.5,      2.525   ,   -1.11103
          1,   48,        904,        682,       50.5,       50.5,      2.525   ,    -1.3107
------------------------------------------------------------------------------
Component[1] Total Ellipsoids = 48