Component 1 maximum area=0.326731 [on 1000x1000]
Component type: Ellipse
---------------------------------------------------------------------------------------
--------------|------- Center-----|----- dimensions---------|----------------------
component| id|    X       |     Y      |  Width/a     | height/b |   hoop   |   Slope   
---------------------------------------------------------------------------------------
          1,    1,        400,        841,       50.5,       50.5,      2.525   ,    0.17992
          1,    2,        293,        945,       50.5,       50.5,      2.525   ,  -0.415878
          1,    3,        419,        642,       50.5,       50.5,      2.525   ,  -0.685564
          1,    4,        284,         55,       50.5,       50.5,      2.525   ,    1.09656
          1,    5,        531,        115,       50.5,       50.5,      2.525   ,    1.08964
          1,    6,        208,        527,       50.5,       50.5,      2.525   ,   0.369605
          1,    7,        932,        972,       50.5,       50.5,      2.525   ,    1.45065
          1,    8,        745,        438,       50.5,       50.5,      2.525   ,   -1.45576
          1,    9,        890,        947,       50.5,       50.5,      2.525   ,   0.419889
          1,   10,        910,        303,       50.5,       50.5,      2.525   ,    1.32866
          1,   11,        219,        664,       50.5,       50.5,      2.525   ,   0.432986
          1,   12,        134,        935,       50.5,       50.5,      2.525   ,  -0.760764
          1,   13,        733,         72,       50.5,       50.5,      2.525   ,    1.27585
          1,   14,        537,          3,       50.5,       50.5,      2.525   ,  -0.393913
          1,   15,        188,        173,       50.5,       50.5,      2.525   ,  -0.364268
          1,   16,        384,        245,       50.5,       50.5,      2.525   ,   0.156963
          1,   17,        356,        978,       50.5,       50.5,      2.525   ,    0.76262
          1,   18,        214,         31,       50.5,       50.5,      2.525   ,   0.951787
          1,   19,         70,        848,       50.5,       50.5,      2.525   ,  -0.974733
          1,   20,        268,        391,       50.5,       50.5,      2.525   ,   0.841721
          1,   21,        873,        465,       50.5,       50.5,      2.525   ,     1.4593
          1,   22,        348,         92,       50.5,       50.5,      2.525   ,    0.35954
          1,   23,        215,        716,       50.5,       50.5,      2.525   ,   -1.25259
          1,   24,        466,        491,       50.5,       50.5,      2.525   ,   0.504431
          1,   25,        154,        121,       50.5,       50.5,      2.525   ,   0.545596
          1,   26,        120,        437,       50.5,       50.5,      2.525   ,   0.173289
          1,   27,        754,        275,       50.5,       50.5,      2.525   ,   -1.47756
          1,   28,        530,        447,       50.5,       50.5,      2.525   ,  -0.679144
          1,   29,         54,        375,       50.5,       50.5,      2.525   ,   -1.33906
          1,   30,        907,        383,       50.5,       50.5,      2.525   ,   0.169972
          1,   31,        869,        970,       50.5,       50.5,      2.525   ,   0.770228
          1,   32,        925,        395,       50.5,       50.5,      2.525   ,    1.35676
          1,   33,        867,        480,       50.5,       50.5,      2.525   ,   -1.45193
          1,   34,        499,        770,       50.5,       50.5,      2.525   ,  -0.798506
          1,   35,        317,        559,       50.5,       50.5,      2.525   ,   0.509216
          1,   36,        567,        262,       50.5,       50.5,      2.525   ,   -1.03577
          1,   37,        713,        977,       50.5,       50.5,      2.525   ,   -1.50456
          1,   38,        557,        650,       50.5,       50.5,      2.525   ,  -0.585346
          1,   39,        980,        666,       50.5,       50.5,      2.525   ,   -1.18645
          1,   40,        169,         86,       50.5,       50.5,      2.525   ,     1.2767
          1,   41,        807,        922,       50.5,       50.5,      2.525   ,   -1.11406
          1,   42,        931,        918,       50.5,       50.5,      2.525   ,    1.04778
          1,   43,        694,        565,       50.5,       50.5,      2.525   ,   0.117273
          1,   44,        561,        707,       50.5,       50.5,      2.525   ,     1.3662
          1,   45,        838,        702,       50.5,       50.5,      2.525   ,    1.33866
          1,   46,        142,        634,       50.5,       50.5,      2.525   ,    1.09856
          1,   47,        401,        667,       50.5,       50.5,      2.525   ,   0.231622
          1,   48,        284,        445,       50.5,       50.5,      2.525   ,   0.812613
          1,   49,        655,        244,       50.5,       50.5,      2.525   ,    1.48778
          1,   50,        926,         42,       50.5,       50.5,      2.525   ,  -0.407722
------------------------------------------------------------------------------
Component[1] Total Ellipsoids = 50