Component 2 maximum area=0.323322 [on 1000x1000]
Component type: Sloped rectangle
---------------------------------------------------------------------------------------
--------------|------- Center-----|----- dimensions---------|----------------------
component| id|    X       |     Y      |  Width/a     | height/b |   hoop   |   Slope   
---------------------------------------------------------------------------------------
          2,    1,        171,        454,       10.1,        101,       5.05   ,   0.541702
          2,    2,        903,        880,       10.1,        101,       5.05   ,  -0.858089
          2,    3,        386,        629,       10.1,        101,       5.05   ,   0.262233
          2,    4,        428,        870,       10.1,        101,       5.05   ,    1.26552
          2,    5,        339,        878,       10.1,        101,       5.05   ,  -0.337955
          2,    6,        803,        150,       10.1,        101,       5.05   ,   -1.29474
          2,    7,        550,        576,       10.1,        101,       5.05   ,   -1.03631
          2,    8,        622,        109,       10.1,        101,       5.05   ,    1.11144
          2,    9,        283,        654,       10.1,        101,       5.05   ,  -0.918918
          2,   10,        931,         64,       10.1,        101,       5.05   ,   0.354087
          2,   11,        195,        476,       10.1,        101,       5.05   ,   0.856628
          2,   12,        976,         78,       10.1,        101,       5.05   ,  -0.679956
          2,   13,         75,        507,       10.1,        101,       5.05   ,  -0.341029
          2,   14,        965,        536,       10.1,        101,       5.05   ,   0.418747
          2,   15,        106,        345,       10.1,        101,       5.05   ,  -0.848345
          2,   16,        989,        657,       10.1,        101,       5.05   , -0.0880596
          2,   17,        902,        410,       10.1,        101,       5.05   ,    1.01118
          2,   18,        956,        759,       10.1,        101,       5.05   ,    1.09745
          2,   19,        187,         51,       10.1,        101,       5.05   ,   0.806396
          2,   20,        630,         98,       10.1,        101,       5.05   ,   0.154416
          2,   21,        912,        412,       10.1,        101,       5.05   ,   -1.06337
          2,   22,        195,        541,       10.1,        101,       5.05   ,   -1.51066
          2,   23,        371,        385,       10.1,        101,       5.05   ,  -0.200599
          2,   24,        100,        211,       10.1,        101,       5.05   ,   0.712692
          2,   25,        139,        738,       10.1,        101,       5.05   ,  -0.441021
          2,   26,        759,        307,       10.1,        101,       5.05   ,   -1.39928
          2,   27,        196,         91,       10.1,        101,       5.05   ,    1.30982
          2,   28,          6,        716,       10.1,        101,       5.05   ,  0.0423345
          2,   29,        682,        862,       10.1,        101,       5.05   ,  -0.701346
          2,   30,        329,         99,       10.1,        101,       5.05   ,  -0.284177
          2,   31,        175,        687,       10.1,        101,       5.05   ,   0.812599
          2,   32,        613,        729,       10.1,        101,       5.05   ,  -0.932295
          2,   33,         26,        897,       10.1,        101,       5.05   ,    -1.0704
          2,   34,        255,        290,       10.1,        101,       5.05   ,   -0.89143
          2,   35,        134,        947,       10.1,        101,       5.05   ,  -0.665995
          2,   36,         13,        971,       10.1,        101,       5.05   ,   0.756191
          2,   37,         59,        229,       10.1,        101,       5.05   ,   -0.32805
          2,   38,         15,        768,       10.1,        101,       5.05   ,    1.02752
          2,   39,        182,        645,       10.1,        101,       5.05   ,   -1.09597
          2,   40,        216,        682,       10.1,        101,       5.05   ,    -1.4205
          2,   41,        292,        374,       10.1,        101,       5.05   ,  -0.762309
          2,   42,        265,         27,       10.1,        101,       5.05   ,   -1.19862
          2,   43,        304,        215,       10.1,        101,       5.05   ,   -1.37772
          2,   44,        393,        647,       10.1,        101,       5.05   ,   -1.40449
          2,   45,        378,        356,       10.1,        101,       5.05   ,   0.142848
          2,   46,        481,        415,       10.1,        101,       5.05   ,  -0.533265
          2,   47,        369,        902,       10.1,        101,       5.05   ,   0.352995
          2,   48,        558,        128,       10.1,        101,       5.05   ,    0.95835
          2,   49,        748,        741,       10.1,        101,       5.05   ,  -0.267485
          2,   50,        115,        581,       10.1,        101,       5.05   ,   -1.36504
          2,   51,        284,         17,       10.1,        101,       5.05   ,   -1.31876
          2,   52,        360,        812,       10.1,        101,       5.05   ,  -0.617784
          2,   53,        118,         38,       10.1,        101,       5.05   ,   -1.33213
          2,   54,         94,        462,       10.1,        101,       5.05   ,    1.31428
          2,   55,        149,        297,       10.1,        101,       5.05   ,   0.575925
          2,   56,        616,        156,       10.1,        101,       5.05   ,   0.338252
          2,   57,         28,        293,       10.1,        101,       5.05   ,  0.0667921
          2,   58,        566,        644,       10.1,        101,       5.05   ,    1.37766
          2,   59,         79,        880,       10.1,        101,       5.05   ,   0.242113
          2,   60,        399,        957,       10.1,        101,       5.05   , -0.0594382
          2,   61,        657,         44,       10.1,        101,       5.05   ,   0.285828
          2,   62,        146,        128,       10.1,        101,       5.05   ,   0.522087
          2,   63,        953,        341,       10.1,        101,       5.05   ,    0.15372
          2,   64,         83,         70,       10.1,        101,       5.05   ,    1.38009
          2,   65,        180,        603,       10.1,        101,       5.05   ,   0.813735
          2,   66,        773,        404,       10.1,        101,       5.05   ,  -0.275148
          2,   67,        121,        624,       10.1,        101,       5.05   ,   0.422077
          2,   68,        176,        188,       10.1,        101,       5.05   ,  -0.655505
          2,   69,        242,        279,       10.1,        101,       5.05   ,  -0.425314
          2,   70,        119,        274,       10.1,        101,       5.05   ,   0.810217
          2,   71,        876,        901,       10.1,        101,       5.05   ,    1.22358
          2,   72,         49,        238,       10.1,        101,       5.05   ,   0.268991
          2,   73,        746,        511,       10.1,        101,       5.05   ,  -0.506111
          2,   74,        260,        688,       10.1,        101,       5.05   ,   0.191069
          2,   75,        439,        796,       10.1,        101,       5.05   ,   0.994251
          2,   76,         70,        536,       10.1,        101,       5.05   ,   0.640778
          2,   77,        618,        195,       10.1,        101,       5.05   ,   0.644109
          2,   78,        552,        225,       10.1,        101,       5.05   ,   0.803099
          2,   79,        427,        695,       10.1,        101,       5.05   ,  -0.660857
          2,   80,         92,         10,       10.1,        101,       5.05   ,   -1.27386
          2,   81,        153,        745,       10.1,        101,       5.05   ,   -0.23904
          2,   82,         35,        249,       10.1,        101,       5.05   , -0.0296484
          2,   83,        482,        314,       10.1,        101,       5.05   ,  -0.883736
          2,   84,        529,        606,       10.1,        101,       5.05   ,   0.350114
          2,   85,         66,        933,       10.1,        101,       5.05   ,   0.241251
          2,   86,        989,        962,       10.1,        101,       5.05   ,   0.689793
          2,   87,        499,        381,       10.1,        101,       5.05   ,  0.0380442
          2,   88,        763,        123,       10.1,        101,       5.05   , -0.0800864
          2,   89,        509,        653,       10.1,        101,       5.05   ,   0.778258
          2,   90,        662,        169,       10.1,        101,       5.05   ,   0.583996
          2,   91,        594,        712,       10.1,        101,       5.05   ,   0.455475
          2,   92,        283,        435,       10.1,        101,       5.05   ,   0.521573
          2,   93,        748,        178,       10.1,        101,       5.05   ,   0.158445
          2,   94,        325,        169,       10.1,        101,       5.05   ,   0.452985
          2,   95,        266,        404,       10.1,        101,       5.05   ,    1.35737
          2,   96,        347,         68,       10.1,        101,       5.05   ,   0.263544
          2,   97,        516,        161,       10.1,        101,       5.05   ,  -0.599269
          2,   98,        946,        913,       10.1,        101,       5.05   ,   -1.16374
          2,   99,        782,        452,       10.1,        101,       5.05   , -0.0816813
          2,  100,        968,        456,       10.1,        101,       5.05   ,   0.355375
          2,  101,        306,        564,       10.1,        101,       5.05   ,  -0.982326
          2,  102,        682,        517,       10.1,        101,       5.05   ,   -1.29887
          2,  103,        369,         26,       10.1,        101,       5.05   ,  -0.975765
          2,  104,         32,        917,       10.1,        101,       5.05   ,    -1.2405
          2,  105,        834,        665,       10.1,        101,       5.05   ,   0.872384
          2,  106,        461,        582,       10.1,        101,       5.05   ,   0.261711
          2,  107,        249,        794,       10.1,        101,       5.05   ,    1.09413
          2,  108,        337,        800,       10.1,        101,       5.05   ,   -1.32374
          2,  109,        511,        199,       10.1,        101,       5.05   ,   -1.11892
          2,  110,        413,        742,       10.1,        101,       5.05   ,  -0.486892
          2,  111,        330,        510,       10.1,        101,       5.05   ,   -1.45949
          2,  112,        336,        422,       10.1,        101,       5.05   ,   0.778592
          2,  113,        969,        717,       10.1,        101,       5.05   ,    1.28421
          2,  114,        491,        169,       10.1,        101,       5.05   ,    1.29965
          2,  115,        318,        624,       10.1,        101,       5.05   ,   0.352631
          2,  116,        241,        874,       10.1,        101,       5.05   ,   0.689242
          2,  117,        902,        422,       10.1,        101,       5.05   ,    1.27356
          2,  118,        733,        594,       10.1,        101,       5.05   ,     1.0638
          2,  119,        448,        170,       10.1,        101,       5.05   ,    1.06047
          2,  120,        813,        699,       10.1,        101,       5.05   ,   -1.40671
          2,  121,        724,         70,       10.1,        101,       5.05   ,   -1.04246
          2,  122,        774,        845,       10.1,        101,       5.05   ,   0.335831
          2,  123,        356,        292,       10.1,        101,       5.05   ,   0.395947
          2,  124,        567,        837,       10.1,        101,       5.05   ,   0.663626
          2,  125,        113,        590,       10.1,        101,       5.05   ,   -1.03441
          2,  126,        851,        333,       10.1,        101,       5.05   ,   0.652665
          2,  127,        229,        232,       10.1,        101,       5.05   ,  -0.338334
          2,  128,        273,        580,       10.1,        101,       5.05   ,   -1.04511
          2,  129,        278,        898,       10.1,        101,       5.05   ,   -1.56123
          2,  130,         80,        417,       10.1,        101,       5.05   ,   0.769441
          2,  131,        489,        482,       10.1,        101,       5.05   ,  -0.305179
          2,  132,        177,        638,       10.1,        101,       5.05   ,   0.522637
          2,  133,        829,        746,       10.1,        101,       5.05   ,   -1.07434
          2,  134,        520,        460,       10.1,        101,       5.05   ,   0.717914
          2,  135,        191,        464,       10.1,        101,       5.05   ,    0.49511
          2,  136,        536,        628,       10.1,        101,       5.05   ,   0.202678
          2,  137,        954,        226,       10.1,        101,       5.05   ,   0.262614
          2,  138,        299,        195,       10.1,        101,       5.05   ,  -0.850238
          2,  139,         74,        730,       10.1,        101,       5.05   ,   -1.37981
          2,  140,        615,        391,       10.1,        101,       5.05   ,    1.53649
          2,  141,        439,        425,       10.1,        101,       5.05   ,    1.18296
          2,  142,        622,        905,       10.1,        101,       5.05   ,   0.791828
          2,  143,        519,        383,       10.1,        101,       5.05   ,    1.12198
          2,  144,        873,        194,       10.1,        101,       5.05   , -0.0845942
          2,  145,        909,        280,       10.1,        101,       5.05   ,   -1.49179
          2,  146,        278,        828,       10.1,        101,       5.05   ,     1.0678
          2,  147,        894,        253,       10.1,        101,       5.05   ,    1.56882
          2,  148,        221,        674,       10.1,        101,       5.05   ,    -1.3249
          2,  149,        864,        859,       10.1,        101,       5.05   ,  -0.638453
          2,  150,        282,        909,       10.1,        101,       5.05   ,     -1.044
          2,  151,        195,        479,       10.1,        101,       5.05   ,   -1.43631
          2,  152,        587,        306,       10.1,        101,       5.05   ,   0.177936
          2,  153,        777,        881,       10.1,        101,       5.05   ,   0.799305
          2,  154,        888,        787,       10.1,        101,       5.05   ,    1.39809
          2,  155,        551,         97,       10.1,        101,       5.05   ,-0.00981409
          2,  156,        949,        437,       10.1,        101,       5.05   ,   -1.10995
          2,  157,        747,        164,       10.1,        101,       5.05   ,  -0.541622
          2,  158,        171,        494,       10.1,        101,       5.05   ,   0.252962
          2,  159,        102,        482,       10.1,        101,       5.05   ,    1.53583
          2,  160,        968,        480,       10.1,        101,       5.05   ,  -0.575535
          2,  161,        894,        907,       10.1,        101,       5.05   ,  -0.679153
          2,  162,        698,        811,       10.1,        101,       5.05   ,  -0.205214
          2,  163,        473,        368,       10.1,        101,       5.05   ,  -0.790058
          2,  164,        709,        173,       10.1,        101,       5.05   ,   -1.57023
          2,  165,        642,        423,       10.1,        101,       5.05   ,    1.18215
          2,  166,        733,        427,       10.1,        101,       5.05   ,   0.460921
          2,  167,        853,        278,       10.1,        101,       5.05   ,    1.43547
          2,  168,        773,        106,       10.1,        101,       5.05   ,  -0.722276
          2,  169,         84,        343,       10.1,        101,       5.05   ,  -0.418602
          2,  170,        527,        478,       10.1,        101,       5.05   ,   0.415076
          2,  171,        499,        546,       10.1,        101,       5.05   ,   -1.47186
          2,  172,        727,        889,       10.1,        101,       5.05   ,    1.38113
          2,  173,         16,        463,       10.1,        101,       5.05   ,  -0.988106
          2,  174,        517,        319,       10.1,        101,       5.05   ,   -1.30564
          2,  175,         32,        255,       10.1,        101,       5.05   ,  -0.772927
          2,  176,        296,        684,       10.1,        101,       5.05   ,  -0.127801
          2,  177,         38,        455,       10.1,        101,       5.05   ,    1.19162
          2,  178,        907,        732,       10.1,        101,       5.05   ,   0.168449
          2,  179,        436,         93,       10.1,        101,       5.05   ,   0.161277
          2,  180,        406,        781,       10.1,        101,       5.05   ,  -0.182402
          2,  181,         70,         69,       10.1,        101,       5.05   ,   0.250098
          2,  182,        553,        594,       10.1,        101,       5.05   ,  -0.373219
          2,  183,        728,        772,       10.1,        101,       5.05   ,   0.752318
          2,  184,        460,          1,       10.1,        101,       5.05   ,    1.37076
          2,  185,        884,        962,       10.1,        101,       5.05   ,   -1.01659
          2,  186,        195,        292,       10.1,        101,       5.05   ,   0.120845
          2,  187,        258,        467,       10.1,        101,       5.05   ,  0.0292803
          2,  188,        476,        590,       10.1,        101,       5.05   ,    1.24767
          2,  189,        214,        195,       10.1,        101,       5.05   ,   0.598985
          2,  190,         49,        717,       10.1,        101,       5.05   , -0.0187693
          2,  191,         22,        674,       10.1,        101,       5.05   ,   -1.08665
          2,  192,        301,        740,       10.1,        101,       5.05   ,    1.37181
          2,  193,        450,        500,       10.1,        101,       5.05   ,    1.16996
          2,  194,        690,        126,       10.1,        101,       5.05   ,    1.42588
          2,  195,        868,        349,       10.1,        101,       5.05   ,   0.055659
          2,  196,        150,        444,       10.1,        101,       5.05   ,   0.179894
          2,  197,        202,        874,       10.1,        101,       5.05   ,   -1.54475
          2,  198,        100,        859,       10.1,        101,       5.05   ,   0.438682
          2,  199,        257,        303,       10.1,        101,       5.05   ,   0.338886
          2,  200,        583,        594,       10.1,        101,       5.05   ,  -0.545401
          2,  201,        379,        571,       10.1,        101,       5.05   ,  -0.153579
          2,  202,        778,        546,       10.1,        101,       5.05   ,     1.0621
          2,  203,        453,        974,       10.1,        101,       5.05   ,     -1.392
          2,  204,         65,        364,       10.1,        101,       5.05   ,    1.25337
          2,  205,        914,        836,       10.1,        101,       5.05   ,    1.42523
          2,  206,        792,        213,       10.1,        101,       5.05   ,  -0.869285
          2,  207,        560,        991,       10.1,        101,       5.05   ,   -1.23629
          2,  208,        292,         78,       10.1,        101,       5.05   ,   -0.82825
          2,  209,        788,        394,       10.1,        101,       5.05   ,   -1.21717
          2,  210,        445,        682,       10.1,        101,       5.05   ,    1.12145
          2,  211,         11,        754,       10.1,        101,       5.05   , -0.0410827
          2,  212,         43,        856,       10.1,        101,       5.05   ,   0.539305
          2,  213,        562,        395,       10.1,        101,       5.05   ,     1.2421
          2,  214,        408,        518,       10.1,        101,       5.05   ,   0.409859
          2,  215,        947,        734,       10.1,        101,       5.05   ,    0.39857
          2,  216,        565,        367,       10.1,        101,       5.05   ,   0.645199
          2,  217,        791,        226,       10.1,        101,       5.05   ,   0.318689
          2,  218,        855,        201,       10.1,        101,       5.05   ,    1.39453
          2,  219,        780,        270,       10.1,        101,       5.05   ,   -1.54446
          2,  220,        462,        520,       10.1,        101,       5.05   ,   -0.88693
          2,  221,        524,        550,       10.1,        101,       5.05   ,  -0.426481
          2,  222,        190,        194,       10.1,        101,       5.05   ,   0.629592
          2,  223,        810,        977,       10.1,        101,       5.05   ,  -0.643102
          2,  224,         27,        408,       10.1,        101,       5.05   ,   -1.40771
          2,  225,        795,        747,       10.1,        101,       5.05   ,   -1.29201
          2,  226,        232,        141,       10.1,        101,       5.05   ,   0.463217
          2,  227,        272,        964,       10.1,        101,       5.05   ,    1.20179
          2,  228,         46,        267,       10.1,        101,       5.05   ,   0.242979
          2,  229,        893,        148,       10.1,        101,       5.05   ,     1.0729
          2,  230,        889,        717,       10.1,        101,       5.05   ,   -1.33975
          2,  231,        184,        638,       10.1,        101,       5.05   ,  -0.468674
          2,  232,        731,        872,       10.1,        101,       5.05   ,    1.30213
          2,  233,         17,        440,       10.1,        101,       5.05   ,    1.33233
          2,  234,        895,         48,       10.1,        101,       5.05   ,    1.55186
          2,  235,        324,        222,       10.1,        101,       5.05   ,   -0.36867
          2,  236,        772,        812,       10.1,        101,       5.05   ,  -0.258795
          2,  237,         75,        211,       10.1,        101,       5.05   ,    0.55614
          2,  238,         61,        408,       10.1,        101,       5.05   ,  0.0506806
          2,  239,        205,        324,       10.1,        101,       5.05   , 0.00294742
          2,  240,          7,        826,       10.1,        101,       5.05   ,   0.798624
          2,  241,        927,        402,       10.1,        101,       5.05   ,    1.44661
          2,  242,        113,        418,       10.1,        101,       5.05   , 0.00281409
          2,  243,         45,        868,       10.1,        101,       5.05   ,  -0.876818
          2,  244,        318,        843,       10.1,        101,       5.05   ,  -0.814795
          2,  245,        350,        286,       10.1,        101,       5.05   ,   0.775883
          2,  246,        357,        666,       10.1,        101,       5.05   ,   -1.17767
          2,  247,         67,        963,       10.1,        101,       5.05   ,   0.584772
          2,  248,        407,        949,       10.1,        101,       5.05   ,   -1.47267
          2,  249,        827,        277,       10.1,        101,       5.05   ,  -0.270669
          2,  250,         37,        673,       10.1,        101,       5.05   ,  0.0425229
          2,  251,        408,        366,       10.1,        101,       5.05   ,    1.21619
          2,  252,        734,        765,       10.1,        101,       5.05   ,  -0.999605
          2,  253,        319,        711,       10.1,        101,       5.05   ,   0.956992
          2,  254,        667,         26,       10.1,        101,       5.05   ,   0.514131
          2,  255,         12,        822,       10.1,        101,       5.05   ,   0.216164
          2,  256,        167,        883,       10.1,        101,       5.05   ,   -1.12275
          2,  257,        230,        862,       10.1,        101,       5.05   ,    1.02466
          2,  258,        273,        939,       10.1,        101,       5.05   ,   0.681435
          2,  259,        283,        872,       10.1,        101,       5.05   ,  -0.140535
          2,  260,        228,        592,       10.1,        101,       5.05   ,     1.0747
          2,  261,        521,        741,       10.1,        101,       5.05   ,    1.19495
          2,  262,        204,        200,       10.1,        101,       5.05   ,    1.34815
          2,  263,        165,        720,       10.1,        101,       5.05   , -0.0426544
          2,  264,        386,        125,       10.1,        101,       5.05   ,   0.368601
          2,  265,        785,        254,       10.1,        101,       5.05   , -0.0373986
          2,  266,        214,        853,       10.1,        101,       5.05   ,    1.08297
          2,  267,        692,        460,       10.1,        101,       5.05   ,   0.246635
          2,  268,        569,        438,       10.1,        101,       5.05   ,  -0.909399
          2,  269,        630,         51,       10.1,        101,       5.05   ,   -1.51196
          2,  270,        751,        130,       10.1,        101,       5.05   ,  -0.569422
          2,  271,        780,        328,       10.1,        101,       5.05   ,   -1.31035
          2,  272,        238,        403,       10.1,        101,       5.05   ,   0.369804
          2,  273,        501,        815,       10.1,        101,       5.05   ,   0.545505
          2,  274,        759,        464,       10.1,        101,       5.05   ,   -1.24436
          2,  275,        458,        987,       10.1,        101,       5.05   ,  -0.338915
          2,  276,        450,        321,       10.1,        101,       5.05   ,    1.47221
          2,  277,        367,        446,       10.1,        101,       5.05   ,   0.197565
          2,  278,        345,         52,       10.1,        101,       5.05   ,    1.25431
          2,  279,        149,        991,       10.1,        101,       5.05   ,   -1.16636
          2,  280,        371,        415,       10.1,        101,       5.05   ,  -0.340003
          2,  281,        747,        920,       10.1,        101,       5.05   ,   0.631776
          2,  282,        275,        882,       10.1,        101,       5.05   ,   -0.29817
          2,  283,        363,        772,       10.1,        101,       5.05   ,  -0.818741
          2,  284,        578,        889,       10.1,        101,       5.05   ,   -0.17503
          2,  285,        518,        773,       10.1,        101,       5.05   ,   -1.23293
          2,  286,        448,        211,       10.1,        101,       5.05   ,  -0.221349
          2,  287,        946,        732,       10.1,        101,       5.05   ,  -0.640996
          2,  288,        259,        223,       10.1,        101,       5.05   ,  -0.251712
          2,  289,        398,        963,       10.1,        101,       5.05   ,    1.56305
          2,  290,        153,        453,       10.1,        101,       5.05   ,    1.09321
          2,  291,        532,        315,       10.1,        101,       5.05   ,   0.273862
          2,  292,        706,        800,       10.1,        101,       5.05   ,    1.09084
          2,  293,        160,        980,       10.1,        101,       5.05   ,   0.882817
          2,  294,        505,        119,       10.1,        101,       5.05   ,   -1.10627
          2,  295,        547,        744,       10.1,        101,       5.05   ,   0.919274
          2,  296,        763,        170,       10.1,        101,       5.05   ,   -1.27968
          2,  297,        319,        113,       10.1,        101,       5.05   ,  -0.724886
          2,  298,        392,        590,       10.1,        101,       5.05   ,    1.24601
          2,  299,        691,        867,       10.1,        101,       5.05   ,   0.855956
          2,  300,        824,        395,       10.1,        101,       5.05   ,     0.4521
          2,  301,        894,        278,       10.1,        101,       5.05   ,    0.43924
          2,  302,        959,        511,       10.1,        101,       5.05   ,    1.35863
          2,  303,        999,         49,       10.1,        101,       5.05   ,  -0.284641
          2,  304,        224,        486,       10.1,        101,       5.05   ,   -1.07759
          2,  305,        422,        190,       10.1,        101,       5.05   ,    -1.5261
          2,  306,        749,        251,       10.1,        101,       5.05   ,   -1.08266
          2,  307,        730,        617,       10.1,        101,       5.05   ,   -1.01341
          2,  308,        430,        448,       10.1,        101,       5.05   ,   -1.24496
          2,  309,        397,        118,       10.1,        101,       5.05   ,   -1.48496
          2,  310,        743,        948,       10.1,        101,       5.05   ,   0.476122
          2,  311,        236,        896,       10.1,        101,       5.05   ,   -1.43164
          2,  312,        380,        452,       10.1,        101,       5.05   ,     1.3845
          2,  313,        342,        591,       10.1,        101,       5.05   ,  -0.868642
          2,  314,        954,        178,       10.1,        101,       5.05   ,  -0.448267
          2,  315,        288,        596,       10.1,        101,       5.05   ,     0.8382
          2,  316,         12,        231,       10.1,        101,       5.05   ,   -1.18858
          2,  317,        409,        124,       10.1,        101,       5.05   ,  -0.116617
          2,  318,        271,        162,       10.1,        101,       5.05   ,   0.274348
          2,  319,         62,        357,       10.1,        101,       5.05   ,  -0.973095
          2,  320,        256,        675,       10.1,        101,       5.05   ,   0.883752
          2,  321,        595,        597,       10.1,        101,       5.05   ,   -1.38407
          2,  322,        215,         40,       10.1,        101,       5.05   ,    1.51558
          2,  323,        465,        965,       10.1,        101,       5.05   ,   0.329143
          2,  324,        500,        220,       10.1,        101,       5.05   ,   0.851716
          2,  325,        159,         23,       10.1,        101,       5.05   ,  -0.498749
          2,  326,        244,        112,       10.1,        101,       5.05   ,  -0.828843
          2,  327,        166,        853,       10.1,        101,       5.05   ,   0.312777
          2,  328,        608,        366,       10.1,        101,       5.05   ,  -0.329205
          2,  329,        667,        555,       10.1,        101,       5.05   ,   0.249956
          2,  330,        780,        710,       10.1,        101,       5.05   ,   -0.85227
          2,  331,        603,        721,       10.1,        101,       5.05   ,  -0.774375
          2,  332,         98,        676,       10.1,        101,       5.05   ,    1.51431
          2,  333,        635,        960,       10.1,        101,       5.05   ,    1.43799
          2,  334,        714,        289,       10.1,        101,       5.05   ,   0.793823
          2,  335,        655,        457,       10.1,        101,       5.05   ,  -0.860192
          2,  336,         56,        160,       10.1,        101,       5.05   ,   -1.12564
          2,  337,        786,        147,       10.1,        101,       5.05   ,    1.08919
          2,  338,        794,        282,       10.1,        101,       5.05   ,    -0.1552
          2,  339,        900,        663,       10.1,        101,       5.05   ,  -0.946578
          2,  340,        701,        185,       10.1,        101,       5.05   ,   0.453381
          2,  341,         23,        507,       10.1,        101,       5.05   ,   0.400404
          2,  342,        898,        377,       10.1,        101,       5.05   ,   0.394899
          2,  343,        653,        967,       10.1,        101,       5.05   ,   0.204811
          2,  344,        689,        383,       10.1,        101,       5.05   ,   0.878496
          2,  345,        503,        303,       10.1,        101,       5.05   ,   0.395326
          2,  346,        953,        540,       10.1,        101,       5.05   ,   -1.22887
          2,  347,        645,        861,       10.1,        101,       5.05   ,  -0.282383
          2,  348,        172,        229,       10.1,        101,       5.05   ,    1.28106
          2,  349,        352,        992,       10.1,        101,       5.05   ,     0.4322
          2,  350,        979,        913,       10.1,        101,       5.05   ,   0.931488
          2,  351,        681,        798,       10.1,        101,       5.05   ,   -1.15426
          2,  352,        529,        503,       10.1,        101,       5.05   ,     1.5579
          2,  353,        814,        880,       10.1,        101,       5.05   ,  -0.839084
          2,  354,         18,        925,       10.1,        101,       5.05   ,     1.3317
          2,  355,        449,        456,       10.1,        101,       5.05   ,   -1.52614
          2,  356,        934,        375,       10.1,        101,       5.05   ,-0.00335413
          2,  357,        205,        792,       10.1,        101,       5.05   ,   -1.15056
          2,  358,        930,        280,       10.1,        101,       5.05   ,   0.716124
          2,  359,        786,         95,       10.1,        101,       5.05   ,   -1.26234
          2,  360,        349,        602,       10.1,        101,       5.05   ,    0.37704
          2,  361,        445,        518,       10.1,        101,       5.05   ,  -0.670487
          2,  362,        233,        986,       10.1,        101,       5.05   ,  -0.847616
          2,  363,        106,        271,       10.1,        101,       5.05   ,  0.0631928
          2,  364,        649,        853,       10.1,        101,       5.05   ,    0.42756
          2,  365,        780,        351,       10.1,        101,       5.05   ,   -0.42627
          2,  366,        127,        397,       10.1,        101,       5.05   ,   0.696556
          2,  367,        387,        325,       10.1,        101,       5.05   ,  -0.650319
          2,  368,         78,        489,       10.1,        101,       5.05   ,   0.384586
          2,  369,        998,        182,       10.1,        101,       5.05   ,   -1.05622
          2,  370,        178,        207,       10.1,        101,       5.05   ,   -1.05304
          2,  371,        933,        966,       10.1,        101,       5.05   ,   -1.34686
          2,  372,         28,        337,       10.1,        101,       5.05   ,    1.42337
          2,  373,         82,        459,       10.1,        101,       5.05   ,   0.277224
          2,  374,         20,        359,       10.1,        101,       5.05   ,   0.402931
          2,  375,        881,        621,       10.1,        101,       5.05   ,  -0.385697
          2,  376,        466,        716,       10.1,        101,       5.05   ,   0.201968
          2,  377,        353,        622,       10.1,        101,       5.05   ,   0.490068
          2,  378,        108,        178,       10.1,        101,       5.05   ,   -1.20335
          2,  379,         52,        937,       10.1,        101,       5.05   ,   0.181492
          2,  380,        286,         92,       10.1,        101,       5.05   ,    0.34901
          2,  381,         18,        298,       10.1,        101,       5.05   ,   0.929916
          2,  382,        763,        148,       10.1,        101,       5.05   ,   0.651489
          2,  383,        634,          1,       10.1,        101,       5.05   ,    1.01819
          2,  384,        571,        513,       10.1,        101,       5.05   ,  -0.128396
          2,  385,        730,        503,       10.1,        101,       5.05   ,  -0.880431
          2,  386,        423,        706,       10.1,        101,       5.05   ,  -0.293303
          2,  387,        918,        767,       10.1,        101,       5.05   ,    1.53287
          2,  388,        702,        507,       10.1,        101,       5.05   ,  -0.100332
          2,  389,        987,        525,       10.1,        101,       5.05   ,   0.409467
          2,  390,        633,        300,       10.1,        101,       5.05   ,   0.823566
          2,  391,        483,          1,       10.1,        101,       5.05   ,     1.5235
          2,  392,        413,        283,       10.1,        101,       5.05   ,   0.763093
          2,  393,        624,        592,       10.1,        101,       5.05   ,  -0.236949
          2,  394,        207,        924,       10.1,        101,       5.05   ,   0.489389
          2,  395,         68,        337,       10.1,        101,       5.05   ,    1.52664
          2,  396,        426,         42,       10.1,        101,       5.05   ,   0.445426
          2,  397,        180,        507,       10.1,        101,       5.05   ,    1.31047
          2,  398,        513,        808,       10.1,        101,       5.05   ,  -0.124565
          2,  399,         55,        726,       10.1,        101,       5.05   ,  -0.777385
          2,  400,        602,        440,       10.1,        101,       5.05   ,   -1.26653
          2,  401,        192,        922,       10.1,        101,       5.05   ,  -0.998504
          2,  402,        628,        903,       10.1,        101,       5.05   ,    1.29188
          2,  403,        585,        257,       10.1,        101,       5.05   ,   -1.08692
          2,  404,        517,        367,       10.1,        101,       5.05   ,   0.970524
          2,  405,        228,        914,       10.1,        101,       5.05   ,  -0.810337
          2,  406,        178,        841,       10.1,        101,       5.05   ,   -0.41536
          2,  407,        288,         47,       10.1,        101,       5.05   ,    0.01404
          2,  408,        115,         72,       10.1,        101,       5.05   ,    1.46454
          2,  409,        561,         17,       10.1,        101,       5.05   ,     1.0751
          2,  410,        976,        464,       10.1,        101,       5.05   ,  -0.836789
          2,  411,        496,        840,       10.1,        101,       5.05   ,   -1.09671
          2,  412,        428,        865,       10.1,        101,       5.05   ,    1.03198
          2,  413,        233,        741,       10.1,        101,       5.05   ,  -0.739328
          2,  414,        719,        770,       10.1,        101,       5.05   ,  -0.549355
          2,  415,        832,        761,       10.1,        101,       5.05   ,  0.0868861
          2,  416,        967,        780,       10.1,        101,       5.05   ,  -0.574197
          2,  417,        532,        765,       10.1,        101,       5.05   ,    1.56714
          2,  418,        164,        674,       10.1,        101,       5.05   ,   0.145605
          2,  419,        369,        934,       10.1,        101,       5.05   ,     0.4604
          2,  420,        764,        437,       10.1,        101,       5.05   ,   0.463634
          2,  421,        674,        449,       10.1,        101,       5.05   ,  -0.116345
          2,  422,        644,        143,       10.1,        101,       5.05   ,-0.00888954
          2,  423,        243,        735,       10.1,        101,       5.05   ,  -0.253575
          2,  424,        829,        483,       10.1,        101,       5.05   , -0.0899148
          2,  425,        738,        822,       10.1,        101,       5.05   ,  -0.885739
          2,  426,        524,        188,       10.1,        101,       5.05   ,  0.0797602
          2,  427,        240,        192,       10.1,        101,       5.05   ,   0.244186
          2,  428,        253,         22,       10.1,        101,       5.05   ,   -0.75733
          2,  429,        995,        425,       10.1,        101,       5.05   ,   0.158697
          2,  430,        797,         64,       10.1,        101,       5.05   ,  -0.622734
          2,  431,        737,        396,       10.1,        101,       5.05   ,    1.06074
          2,  432,        578,        280,       10.1,        101,       5.05   ,  0.0348956
          2,  433,         69,        166,       10.1,        101,       5.05   ,   0.447141
          2,  434,        350,        493,       10.1,        101,       5.05   ,  -0.972599
          2,  435,        949,        847,       10.1,        101,       5.05   , -0.0569422
          2,  436,        352,        231,       10.1,        101,       5.05   ,    0.73737
          2,  437,        365,        264,       10.1,        101,       5.05   ,    1.10155
          2,  438,        183,        191,       10.1,        101,       5.05   ,    1.49709
          2,  439,        314,        406,       10.1,        101,       5.05   ,   0.449178
          2,  440,        483,        362,       10.1,        101,       5.05   ,    0.58392
          2,  441,        447,        336,       10.1,        101,       5.05   ,    1.45651
          2,  442,        987,        726,       10.1,        101,       5.05   ,  -0.588227
          2,  443,        412,        978,       10.1,        101,       5.05   ,   -1.33104
          2,  444,        323,        213,       10.1,        101,       5.05   ,  -0.568433
          2,  445,        356,        383,       10.1,        101,       5.05   ,  -0.164503
          2,  446,        505,        495,       10.1,        101,       5.05   ,  -0.874235
          2,  447,        668,        540,       10.1,        101,       5.05   ,  -0.100431
          2,  448,        202,        980,       10.1,        101,       5.05   ,  -0.883868
          2,  449,         62,        323,       10.1,        101,       5.05   ,     0.6022
          2,  450,        717,        208,       10.1,        101,       5.05   ,    1.20201
          2,  451,        785,        702,       10.1,        101,       5.05   ,   0.504075
          2,  452,         22,        274,       10.1,        101,       5.05   , -0.0607692
          2,  453,        523,        156,       10.1,        101,       5.05   ,    1.18712
          2,  454,        755,        498,       10.1,        101,       5.05   ,   -1.43355
          2,  455,        757,        286,       10.1,        101,       5.05   ,  -0.104244
          2,  456,        615,        319,       10.1,        101,       5.05   ,    1.03595
          2,  457,        162,        827,       10.1,        101,       5.05   ,   0.998601
          2,  458,        275,        601,       10.1,        101,       5.05   ,    1.49065
          2,  459,         37,        935,       10.1,        101,       5.05   ,     1.1712
          2,  460,        542,        244,       10.1,        101,       5.05   ,   0.496643
          2,  461,        313,        245,       10.1,        101,       5.05   ,  -0.538443
          2,  462,         60,        991,       10.1,        101,       5.05   ,  -0.830683
          2,  463,        569,        674,       10.1,        101,       5.05   ,   -1.53134
          2,  464,         93,        209,       10.1,        101,       5.05   ,   -1.07424
          2,  465,        350,         74,       10.1,        101,       5.05   ,   0.681915
          2,  466,        413,        365,       10.1,        101,       5.05   ,    1.45276
          2,  467,        698,        756,       10.1,        101,       5.05   ,   0.456021
          2,  468,        590,        156,       10.1,        101,       5.05   ,   0.643909
          2,  469,        146,         50,       10.1,        101,       5.05   ,   0.215823
          2,  470,        513,        671,       10.1,        101,       5.05   ,   0.402395
          2,  471,        469,        223,       10.1,        101,       5.05   ,    1.50966
          2,  472,        807,        892,       10.1,        101,       5.05   ,   -1.10596
          2,  473,        454,        470,       10.1,        101,       5.05   ,     1.3773
          2,  474,        668,        833,       10.1,        101,       5.05   ,  -0.297586
          2,  475,        769,         77,       10.1,        101,       5.05   ,    0.28981
          2,  476,        411,        444,       10.1,        101,       5.05   ,    1.16242
          2,  477,         26,        532,       10.1,        101,       5.05   ,  -0.108965
          2,  478,        713,        234,       10.1,        101,       5.05   ,    1.05688
          2,  479,        718,        760,       10.1,        101,       5.05   ,   -1.35495
          2,  480,        441,        234,       10.1,        101,       5.05   ,    0.54744
          2,  481,        353,        562,       10.1,        101,       5.05   ,   0.932047
          2,  482,        306,        313,       10.1,        101,       5.05   ,   0.883322
          2,  483,         88,        666,       10.1,        101,       5.05   ,  -0.497513
          2,  484,        809,        846,       10.1,        101,       5.05   ,    1.27706
          2,  485,        270,        439,       10.1,        101,       5.05   ,  -0.162611
          2,  486,        362,        444,       10.1,        101,       5.05   ,   0.716513
          2,  487,        348,        244,       10.1,        101,       5.05   ,    1.37028
          2,  488,        426,        153,       10.1,        101,       5.05   ,    0.28831
          2,  489,        425,        536,       10.1,        101,       5.05   ,    0.65112
          2,  490,        860,        949,       10.1,        101,       5.05   ,    1.49509
          2,  491,        739,        498,       10.1,        101,       5.05   ,   0.526358
          2,  492,        108,        400,       10.1,        101,       5.05   ,   -1.44193
          2,  493,        524,        796,       10.1,        101,       5.05   ,  -0.976353
          2,  494,        165,        478,       10.1,        101,       5.05   ,    1.47304
          2,  495,        655,        268,       10.1,        101,       5.05   ,  -0.653207
          2,  496,        203,        634,       10.1,        101,       5.05   ,   -1.01071
          2,  497,        525,        802,       10.1,        101,       5.05   ,   -1.09453
          2,  498,        911,        922,       10.1,        101,       5.05   ,    1.01595
          2,  499,        831,        943,       10.1,        101,       5.05   ,    1.44069
          2,  500,        430,        839,       10.1,        101,       5.05   ,   -0.84381
          2,  501,        853,        839,       10.1,        101,       5.05   ,  -0.193102
          2,  502,        862,         33,       10.1,        101,       5.05   ,   0.713776
          2,  503,        927,        649,       10.1,        101,       5.05   ,   0.129986
          2,  504,        599,        303,       10.1,        101,       5.05   ,   0.241751
          2,  505,        981,        796,       10.1,        101,       5.05   ,    1.23537
          2,  506,        967,         74,       10.1,        101,       5.05   ,   0.160788
          2,  507,        641,        857,       10.1,        101,       5.05   ,   -1.17713
          2,  508,        203,        781,       10.1,        101,       5.05   ,   -1.48081
          2,  509,        645,        185,       10.1,        101,       5.05   ,    1.12206
          2,  510,        185,        514,       10.1,        101,       5.05   ,  -0.398419
          2,  511,        302,        629,       10.1,        101,       5.05   ,   -1.11756
          2,  512,        669,        273,       10.1,        101,       5.05   ,  -0.475503
          2,  513,        955,        756,       10.1,        101,       5.05   ,  -0.617119
          2,  514,        130,        553,       10.1,        101,       5.05   ,   -0.96223
          2,  515,        430,        147,       10.1,        101,       5.05   ,  -0.110701
          2,  516,        136,        958,       10.1,        101,       5.05   ,  -0.788608
          2,  517,        760,        838,       10.1,        101,       5.05   ,  -0.924328
          2,  518,        815,        850,       10.1,        101,       5.05   ,   -1.32744
          2,  519,        793,        238,       10.1,        101,       5.05   ,  -0.171588
          2,  520,        547,        943,       10.1,        101,       5.05   ,   0.294741
          2,  521,        519,         74,       10.1,        101,       5.05   ,   0.550745
          2,  522,        147,        951,       10.1,        101,       5.05   ,   0.274532
          2,  523,        365,        158,       10.1,        101,       5.05   ,  0.0590578
          2,  524,        116,        663,       10.1,        101,       5.05   ,    1.23029
          2,  525,        517,        843,       10.1,        101,       5.05   ,   0.486576
          2,  526,         69,        537,       10.1,        101,       5.05   ,   0.142554
          2,  527,         61,        979,       10.1,        101,       5.05   ,  -0.290497
          2,  528,         74,        347,       10.1,        101,       5.05   ,    1.35899
          2,  529,        899,        771,       10.1,        101,       5.05   ,  -0.797433
          2,  530,        918,        732,       10.1,        101,       5.05   ,   0.236289
          2,  531,          9,         45,       10.1,        101,       5.05   ,  -0.612017
          2,  532,         96,        540,       10.1,        101,       5.05   ,     0.8463
          2,  533,         34,        705,       10.1,        101,       5.05   ,    -1.4696
          2,  534,        480,        233,       10.1,        101,       5.05   ,   0.244066
          2,  535,        289,        414,       10.1,        101,       5.05   ,   -1.45654
          2,  536,        906,        992,       10.1,        101,       5.05   ,  -0.513772
          2,  537,        426,        622,       10.1,        101,       5.05   ,   0.624871
          2,  538,        501,        661,       10.1,        101,       5.05   ,  -0.206658
          2,  539,        398,        797,       10.1,        101,       5.05   ,  -0.892624
          2,  540,         33,        797,       10.1,        101,       5.05   ,    1.32919
          2,  541,        358,        853,       10.1,        101,       5.05   ,  -0.103309
          2,  542,        243,        813,       10.1,        101,       5.05   ,   0.491813
          2,  543,        469,         42,       10.1,        101,       5.05   ,   0.139121
          2,  544,        336,        646,       10.1,        101,       5.05   ,  -0.181718
          2,  545,        133,        659,       10.1,        101,       5.05   ,  -0.123672
          2,  546,         12,        282,       10.1,        101,       5.05   ,  -0.504976
          2,  547,        940,        621,       10.1,        101,       5.05   ,  -0.805706
          2,  548,        176,        518,       10.1,        101,       5.05   ,    -1.5055
          2,  549,         55,        562,       10.1,        101,       5.05   ,    1.22918
          2,  550,        420,        305,       10.1,        101,       5.05   ,  -0.186278
          2,  551,        851,        550,       10.1,        101,       5.05   ,   -1.51503
          2,  552,        942,        245,       10.1,        101,       5.05   ,  -0.658131
          2,  553,        665,        293,       10.1,        101,       5.05   ,  -0.520606
          2,  554,        588,         15,       10.1,        101,       5.05   ,   -1.21667
          2,  555,        552,        801,       10.1,        101,       5.05   ,   0.345958
          2,  556,        864,        462,       10.1,        101,       5.05   ,   0.414242
          2,  557,        635,         97,       10.1,        101,       5.05   ,    0.92085
          2,  558,        256,        185,       10.1,        101,       5.05   ,   0.908727
          2,  559,         23,        309,       10.1,        101,       5.05   ,   0.813659
          2,  560,        158,        318,       10.1,        101,       5.05   ,  -0.909463
          2,  561,        965,        989,       10.1,        101,       5.05   ,   0.121526
          2,  562,        997,         92,       10.1,        101,       5.05   ,   0.129067
          2,  563,         57,        565,       10.1,        101,       5.05   ,   0.731604
          2,  564,        255,        272,       10.1,        101,       5.05   ,   0.634844
          2,  565,        239,        932,       10.1,        101,       5.05   ,  -0.146518
          2,  566,        171,         71,       10.1,        101,       5.05   ,   0.126204
          2,  567,        569,         65,       10.1,        101,       5.05   ,    1.36633
          2,  568,        653,        732,       10.1,        101,       5.05   ,  -0.994598
          2,  569,        842,        465,       10.1,        101,       5.05   ,   0.347667
          2,  570,        106,        764,       10.1,        101,       5.05   ,   0.490134
          2,  571,        361,        749,       10.1,        101,       5.05   ,   -1.56595
          2,  572,        525,        173,       10.1,        101,       5.05   ,    -1.1324
          2,  573,        114,        839,       10.1,        101,       5.05   ,   -1.07497
          2,  574,        400,        751,       10.1,        101,       5.05   ,  -0.363556
          2,  575,        817,        852,       10.1,        101,       5.05   ,  -0.265833
          2,  576,        463,        782,       10.1,        101,       5.05   ,   -1.54663
          2,  577,        880,        955,       10.1,        101,       5.05   ,    1.02005
          2,  578,        791,        292,       10.1,        101,       5.05   ,   0.872887
          2,  579,        345,        836,       10.1,        101,       5.05   ,   -1.27842
          2,  580,        116,         31,       10.1,        101,       5.05   ,  -0.372349
          2,  581,        896,        977,       10.1,        101,       5.05   ,   0.360796
          2,  582,        930,         15,       10.1,        101,       5.05   ,    0.33775
          2,  583,        417,        197,       10.1,        101,       5.05   ,   0.419848
          2,  584,        273,        391,       10.1,        101,       5.05   ,  -0.194499
          2,  585,        437,        236,       10.1,        101,       5.05   ,   -1.30881
          2,  586,         28,        542,       10.1,        101,       5.05   ,   0.686033
          2,  587,        226,        823,       10.1,        101,       5.05   ,  -0.313566
          2,  588,        751,        200,       10.1,        101,       5.05   ,   0.187547
          2,  589,        281,        210,       10.1,        101,       5.05   ,  -0.702145
          2,  590,         88,        948,       10.1,        101,       5.05   ,   0.283746
          2,  591,        214,        157,       10.1,        101,       5.05   ,    1.56959
          2,  592,        833,        593,       10.1,        101,       5.05   ,  -0.763982
          2,  593,         40,        272,       10.1,        101,       5.05   ,  -0.863791
          2,  594,        299,        492,       10.1,        101,       5.05   ,  -0.767318
          2,  595,        373,        782,       10.1,        101,       5.05   ,    1.03707
          2,  596,        236,        956,       10.1,        101,       5.05   ,    0.48959
          2,  597,        631,        471,       10.1,        101,       5.05   ,   -1.47454
          2,  598,        877,        761,       10.1,        101,       5.05   ,   0.323827
          2,  599,        924,        632,       10.1,        101,       5.05   ,   0.637551
          2,  600,        789,        101,       10.1,        101,       5.05   ,    1.05924
          2,  601,         93,        374,       10.1,        101,       5.05   ,  0.0920669
          2,  602,        498,         43,       10.1,        101,       5.05   ,   0.445617
          2,  603,        636,        958,       10.1,        101,       5.05   ,   -1.04033
          2,  604,        641,        643,       10.1,        101,       5.05   ,   0.838603
          2,  605,        361,        957,       10.1,        101,       5.05   , -0.0956383
          2,  606,        376,        678,       10.1,        101,       5.05   ,   0.317217
          2,  607,        267,        227,       10.1,        101,       5.05   ,  -0.814059
          2,  608,        667,        720,       10.1,        101,       5.05   ,   -1.20186
          2,  609,        374,         34,       10.1,        101,       5.05   ,   0.351306
          2,  610,        941,        384,       10.1,        101,       5.05   ,   0.730616
          2,  611,        480,        279,       10.1,        101,       5.05   ,  -0.311493
          2,  612,        673,        924,       10.1,        101,       5.05   ,  -0.119946
          2,  613,        331,        942,       10.1,        101,       5.05   ,   0.357478
          2,  614,        906,         25,       10.1,        101,       5.05   ,   -1.41221
          2,  615,        789,        895,       10.1,        101,       5.05   ,   0.797921
          2,  616,        580,        326,       10.1,        101,       5.05   ,   -1.04823
          2,  617,        678,        673,       10.1,        101,       5.05   ,  -0.588899
          2,  618,        394,        992,       10.1,        101,       5.05   ,  -0.272608
          2,  619,        219,        426,       10.1,        101,       5.05   ,   0.124845
          2,  620,        789,        794,       10.1,        101,       5.05   ,   0.171058
          2,  621,        706,        318,       10.1,        101,       5.05   , -0.0625603
          2,  622,        225,        944,       10.1,        101,       5.05   ,     1.0582
          2,  623,         79,        774,       10.1,        101,       5.05   ,    1.51902
          2,  624,         48,        718,       10.1,        101,       5.05   ,   0.754326
          2,  625,        259,        782,       10.1,        101,       5.05   ,    1.05484
          2,  626,        574,        452,       10.1,        101,       5.05   ,   0.717376
          2,  627,        387,        440,       10.1,        101,       5.05   ,   0.471442
          2,  628,        451,        693,       10.1,        101,       5.05   ,  -0.754681
          2,  629,        927,        531,       10.1,        101,       5.05   ,  0.0659198
          2,  630,        438,        757,       10.1,        101,       5.05   ,  -0.330801
          2,  631,        575,        271,       10.1,        101,       5.05   ,  -0.259858
          2,  632,        125,        473,       10.1,        101,       5.05   ,   -1.16945
          2,  633,        331,        669,       10.1,        101,       5.05   ,   0.161525
          2,  634,        763,        885,       10.1,        101,       5.05   ,   0.953099
          2,  635,        108,        336,       10.1,        101,       5.05   ,   -1.41335
          2,  636,        934,        837,       10.1,        101,       5.05   ,  -0.315516
          2,  637,        104,        675,       10.1,        101,       5.05   ,    1.06653
          2,  638,        375,        779,       10.1,        101,       5.05   ,     1.2607
          2,  639,        553,        981,       10.1,        101,       5.05   ,  -0.112381
          2,  640,        859,        112,       10.1,        101,       5.05   ,   -0.13113
          2,  641,        859,        524,       10.1,        101,       5.05   ,   0.216789
          2,  642,        869,        893,       10.1,        101,       5.05   ,    1.49649
          2,  643,        641,        544,       10.1,        101,       5.05   ,  -0.324017
          2,  644,        695,        547,       10.1,        101,       5.05   ,   0.884092
          2,  645,        102,        989,       10.1,        101,       5.05   ,    1.39978
          2,  646,        400,        153,       10.1,        101,       5.05   ,   0.116928
          2,  647,        799,        424,       10.1,        101,       5.05   ,   0.149948
          2,  648,        643,        826,       10.1,        101,       5.05   ,     1.3597
          2,  649,        282,        578,       10.1,        101,       5.05   ,   0.114151
          2,  650,        288,        204,       10.1,        101,       5.05   ,   -1.37371
          2,  651,        300,        196,       10.1,        101,       5.05   ,   0.868448
          2,  652,          4,         92,       10.1,        101,       5.05   ,    1.51143
          2,  653,        539,        272,       10.1,        101,       5.05   ,   0.700955
          2,  654,        645,        665,       10.1,        101,       5.05   ,   0.193688
          2,  655,        619,        730,       10.1,        101,       5.05   ,  -0.651235
          2,  656,        493,        709,       10.1,        101,       5.05   ,    1.55153
          2,  657,        974,        865,       10.1,        101,       5.05   ,  -0.888476
          2,  658,        178,        476,       10.1,        101,       5.05   ,   0.119481
          2,  659,         56,        583,       10.1,        101,       5.05   ,    1.18995
          2,  660,        565,        599,       10.1,        101,       5.05   ,    1.25524
          2,  661,        322,        673,       10.1,        101,       5.05   ,  -0.143072
          2,  662,        798,        409,       10.1,        101,       5.05   ,  -0.385425
          2,  663,        660,         21,       10.1,        101,       5.05   ,   0.752246
          2,  664,         52,        622,       10.1,        101,       5.05   ,   -1.24695
          2,  665,        216,        410,       10.1,        101,       5.05   ,    0.68513
          2,  666,        552,        558,       10.1,        101,       5.05   ,  0.0139155
          2,  667,        297,        201,       10.1,        101,       5.05   ,   -1.50387
          2,  668,        759,         91,       10.1,        101,       5.05   ,   -1.54573
          2,  669,        291,        846,       10.1,        101,       5.05   ,  -0.466597
          2,  670,        128,        167,       10.1,        101,       5.05   ,  -0.889516
          2,  671,        265,        638,       10.1,        101,       5.05   ,   0.642142
          2,  672,        891,        339,       10.1,        101,       5.05   ,  -0.902094
          2,  673,        209,         73,       10.1,        101,       5.05   ,   0.400962
          2,  674,        941,        881,       10.1,        101,       5.05   ,   0.481814
          2,  675,         87,        190,       10.1,        101,       5.05   ,   0.348353
          2,  676,        815,        965,       10.1,        101,       5.05   ,   0.709736
          2,  677,        199,        822,       10.1,        101,       5.05   ,  -0.304412
          2,  678,        932,        373,       10.1,        101,       5.05   ,   -0.12518
          2,  679,        651,        315,       10.1,        101,       5.05   ,    1.33015
          2,  680,         66,        388,       10.1,        101,       5.05   ,  -0.223749
          2,  681,        874,         53,       10.1,        101,       5.05   ,   0.820894
          2,  682,         80,        908,       10.1,        101,       5.05   ,   -1.34961
          2,  683,        970,        607,       10.1,        101,       5.05   ,   0.658005
          2,  684,        884,        606,       10.1,        101,       5.05   ,   0.999291
          2,  685,        765,        474,       10.1,        101,       5.05   ,    1.18722
          2,  686,         19,         50,       10.1,        101,       5.05   ,  -0.576435
          2,  687,        507,        604,       10.1,        101,       5.05   ,   0.162047
          2,  688,        238,        487,       10.1,        101,       5.05   ,   -1.42735
          2,  689,        317,        899,       10.1,        101,       5.05   ,   -1.34392
          2,  690,        407,         11,       10.1,        101,       5.05   ,   -1.03422
          2,  691,        718,        926,       10.1,        101,       5.05   ,  -0.165786
          2,  692,         74,        136,       10.1,        101,       5.05   ,   0.427296
          2,  693,          7,        839,       10.1,        101,       5.05   ,   0.660268
------------------------------------------------------------------------------
Component[2] Total Sloped Parallelepiped = 693