Component 2 maximum area=0.323322 [on 1000x1000]
Component type: Sloped rectangle
---------------------------------------------------------------------------------------
--------------|------- Center-----|----- dimensions---------|----------------------
component| id|    X       |     Y      |  Width/a     | height/b |   hoop   |   Slope   
---------------------------------------------------------------------------------------
          2,    1,        857,        410,       10.1,        101,       5.05   ,  -0.969282
          2,    2,        541,        371,       10.1,        101,       5.05   ,    1.37141
          2,    3,        233,        683,       10.1,        101,       5.05   ,    1.03164
          2,    4,        134,        300,       10.1,        101,       5.05   , -0.0405191
          2,    5,         24,        805,       10.1,        101,       5.05   ,  -0.951463
          2,    6,        919,        818,       10.1,        101,       5.05   ,    1.49063
          2,    7,        219,        938,       10.1,        101,       5.05   ,   0.875403
          2,    8,        973,        278,       10.1,        101,       5.05   ,  -0.371013
          2,    9,        593,         57,       10.1,        101,       5.05   ,  -0.981615
          2,   10,        234,        210,       10.1,        101,       5.05   ,   -1.20537
          2,   11,        110,        715,       10.1,        101,       5.05   ,   0.693613
          2,   12,        862,        618,       10.1,        101,       5.05   ,  -0.813438
          2,   13,        868,        799,       10.1,        101,       5.05   ,   -0.82335
          2,   14,        359,        521,       10.1,        101,       5.05   ,   0.561965
          2,   15,        207,        469,       10.1,        101,       5.05   ,   0.668874
          2,   16,        327,        793,       10.1,        101,       5.05   ,   0.569156
          2,   17,        602,        223,       10.1,        101,       5.05   ,   -1.49024
          2,   18,        918,        968,       10.1,        101,       5.05   ,   -1.16454
          2,   19,        640,        732,       10.1,        101,       5.05   ,   0.521222
          2,   20,        774,        254,       10.1,        101,       5.05   ,   -1.34996
          2,   21,        260,        176,       10.1,        101,       5.05   ,   0.550333
          2,   22,        315,        836,       10.1,        101,       5.05   ,   0.827215
          2,   23,        375,         97,       10.1,        101,       5.05   ,   0.693805
          2,   24,        705,        334,       10.1,        101,       5.05   ,   -1.24473
          2,   25,        484,        122,       10.1,        101,       5.05   ,  -0.195042
          2,   26,        428,        669,       10.1,        101,       5.05   , -0.0547782
          2,   27,        750,         50,       10.1,        101,       5.05   ,    1.01168
          2,   28,        316,        747,       10.1,        101,       5.05   ,   0.276968
          2,   29,        113,        212,       10.1,        101,       5.05   ,   -1.53859
          2,   30,        861,        581,       10.1,        101,       5.05   ,    0.84767
          2,   31,        565,        550,       10.1,        101,       5.05   ,  -0.472241
          2,   32,         91,         10,       10.1,        101,       5.05   ,   -0.99655
          2,   33,        204,        479,       10.1,        101,       5.05   ,  -0.374009
          2,   34,        541,        660,       10.1,        101,       5.05   ,   -1.53299
          2,   35,        352,        384,       10.1,        101,       5.05   ,  -0.249687
          2,   36,        256,        986,       10.1,        101,       5.05   ,    1.06687
          2,   37,        545,        418,       10.1,        101,       5.05   ,   -1.34864
          2,   38,        736,        680,       10.1,        101,       5.05   ,   0.658446
          2,   39,        525,        965,       10.1,        101,       5.05   ,  -0.920561
          2,   40,        191,        908,       10.1,        101,       5.05   ,   0.559002
          2,   41,        825,        755,       10.1,        101,       5.05   ,  -0.398691
          2,   42,        611,        882,       10.1,        101,       5.05   ,    1.41503
          2,   43,        952,        854,       10.1,        101,       5.05   ,  -0.049156
          2,   44,        805,        467,       10.1,        101,       5.05   ,   0.612793
          2,   45,        791,        824,       10.1,        101,       5.05   ,    -1.5493
          2,   46,        918,        836,       10.1,        101,       5.05   ,   -0.88034
          2,   47,        498,         61,       10.1,        101,       5.05   ,   -1.14964
          2,   48,        576,        903,       10.1,        101,       5.05   ,   0.646528
          2,   49,         26,        899,       10.1,        101,       5.05   ,   0.618672
          2,   50,        468,        407,       10.1,        101,       5.05   ,  -0.433205
          2,   51,        757,        779,       10.1,        101,       5.05   ,  -0.624235
          2,   52,        724,        949,       10.1,        101,       5.05   ,  -0.598022
          2,   53,        737,         44,       10.1,        101,       5.05   ,  -0.100951
          2,   54,        923,        996,       10.1,        101,       5.05   ,  -0.398252
          2,   55,        750,        631,       10.1,        101,       5.05   ,   -1.10974
          2,   56,        960,         76,       10.1,        101,       5.05   ,     0.2127
          2,   57,        312,        589,       10.1,        101,       5.05   ,  -0.422091
          2,   58,        335,        292,       10.1,        101,       5.05   ,   0.730194
          2,   59,        468,        431,       10.1,        101,       5.05   ,   -1.19084
          2,   60,         53,        541,       10.1,        101,       5.05   ,  -0.366108
          2,   61,        525,        780,       10.1,        101,       5.05   ,  -0.475728
          2,   62,        770,         39,       10.1,        101,       5.05   ,   0.220286
          2,   63,        273,        981,       10.1,        101,       5.05   ,    -1.4259
          2,   64,        895,        446,       10.1,        101,       5.05   ,   -1.42129
          2,   65,        921,        355,       10.1,        101,       5.05   ,   0.861585
          2,   66,        154,        217,       10.1,        101,       5.05   ,   0.872654
          2,   67,        917,        618,       10.1,        101,       5.05   ,   -1.30593
          2,   68,        700,        332,       10.1,        101,       5.05   ,    1.02274
          2,   69,        585,        153,       10.1,        101,       5.05   ,  -0.893249
          2,   70,        296,        238,       10.1,        101,       5.05   ,  -0.319005
          2,   71,        164,        643,       10.1,        101,       5.05   ,     1.5673
          2,   72,        330,        462,       10.1,        101,       5.05   ,  -0.765997
          2,   73,         74,        598,       10.1,        101,       5.05   ,   -1.03923
          2,   74,        786,         70,       10.1,        101,       5.05   ,   -1.00248
          2,   75,        139,        761,       10.1,        101,       5.05   ,   0.125123
          2,   76,        280,        480,       10.1,        101,       5.05   ,  -0.911212
          2,   77,        994,        572,       10.1,        101,       5.05   ,  -0.937374
          2,   78,        640,        819,       10.1,        101,       5.05   , -0.0520997
          2,   79,        599,        980,       10.1,        101,       5.05   ,  -0.212045
          2,   80,        829,         37,       10.1,        101,       5.05   ,   0.156024
          2,   81,        111,        165,       10.1,        101,       5.05   ,  -0.296955
          2,   82,        584,        770,       10.1,        101,       5.05   ,  -0.757992
          2,   83,        570,        693,       10.1,        101,       5.05   ,   -1.28255
          2,   84,        883,        479,       10.1,        101,       5.05   ,   0.873141
          2,   85,        508,        144,       10.1,        101,       5.05   ,   0.310951
          2,   86,        669,        645,       10.1,        101,       5.05   ,  -0.102226
          2,   87,        916,        445,       10.1,        101,       5.05   ,  -0.892687
          2,   88,        181,        519,       10.1,        101,       5.05   ,   0.879342
          2,   89,        809,        470,       10.1,        101,       5.05   ,    1.24862
          2,   90,        859,        788,       10.1,        101,       5.05   ,    1.17097
          2,   91,        298,        879,       10.1,        101,       5.05   ,   -1.24929
          2,   92,        534,        126,       10.1,        101,       5.05   ,    1.36202
          2,   93,        793,        477,       10.1,        101,       5.05   ,  -0.613595
          2,   94,        497,         50,       10.1,        101,       5.05   ,    1.42698
          2,   95,        104,        855,       10.1,        101,       5.05   ,    1.14988
          2,   96,        914,        264,       10.1,        101,       5.05   ,   0.269888
          2,   97,        746,        296,       10.1,        101,       5.05   ,   -1.20848
          2,   98,        761,        295,       10.1,        101,       5.05   ,   -1.54337
          2,   99,         18,        433,       10.1,        101,       5.05   ,  -0.675381
          2,  100,        844,         24,       10.1,        101,       5.05   ,   0.621298
          2,  101,        879,        687,       10.1,        101,       5.05   ,    1.03665
          2,  102,        918,        845,       10.1,        101,       5.05   ,    1.51759
          2,  103,        376,         68,       10.1,        101,       5.05   ,  -0.174961
          2,  104,         21,        611,       10.1,        101,       5.05   ,   0.964415
          2,  105,        585,        803,       10.1,        101,       5.05   ,    -1.3628
          2,  106,        593,        290,       10.1,        101,       5.05   ,   0.543031
          2,  107,         77,        327,       10.1,        101,       5.05   ,   -1.42244
          2,  108,        305,        834,       10.1,        101,       5.05   ,     1.2651
          2,  109,        818,        968,       10.1,        101,       5.05   ,   -1.27472
          2,  110,        821,        764,       10.1,        101,       5.05   ,   0.491842
          2,  111,          5,        616,       10.1,        101,       5.05   ,   -1.16144
          2,  112,        612,        712,       10.1,        101,       5.05   ,    1.50402
          2,  113,        487,        956,       10.1,        101,       5.05   ,   -1.32583
          2,  114,        123,        397,       10.1,        101,       5.05   ,  -0.421523
          2,  115,        341,        744,       10.1,        101,       5.05   ,   -1.44357
          2,  116,        192,        210,       10.1,        101,       5.05   ,   0.580953
          2,  117,        978,        905,       10.1,        101,       5.05   ,    0.15859
          2,  118,        569,        236,       10.1,        101,       5.05   ,   -1.39405
          2,  119,        831,        671,       10.1,        101,       5.05   ,   -1.04883
          2,  120,        432,        729,       10.1,        101,       5.05   ,    1.54701
          2,  121,        276,         36,       10.1,        101,       5.05   ,   -1.24343
          2,  122,         93,        718,       10.1,        101,       5.05   ,  -0.474725
          2,  123,        672,        778,       10.1,        101,       5.05   ,   0.794992
          2,  124,        894,        902,       10.1,        101,       5.05   ,  0.0074873
          2,  125,        424,        449,       10.1,        101,       5.05   ,   0.570268
          2,  126,        391,        733,       10.1,        101,       5.05   ,   -1.00506
          2,  127,        951,        242,       10.1,        101,       5.05   ,   -1.37189
          2,  128,        111,        447,       10.1,        101,       5.05   ,   0.324153
          2,  129,        652,        274,       10.1,        101,       5.05   ,   0.609703
          2,  130,        436,        162,       10.1,        101,       5.05   ,   -1.29148
          2,  131,        382,        507,       10.1,        101,       5.05   ,  -0.529878
          2,  132,        647,        699,       10.1,        101,       5.05   ,   -0.82162
          2,  133,        298,        642,       10.1,        101,       5.05   ,    0.33392
          2,  134,        816,        226,       10.1,        101,       5.05   ,   0.148087
          2,  135,        919,        750,       10.1,        101,       5.05   ,  -0.735722
          2,  136,        946,        876,       10.1,        101,       5.05   ,   -0.38122
          2,  137,        736,        857,       10.1,        101,       5.05   ,    1.37004
          2,  138,        813,        814,       10.1,        101,       5.05   ,    0.52276
          2,  139,        578,        322,       10.1,        101,       5.05   ,  -0.709116
          2,  140,        867,        174,       10.1,        101,       5.05   ,  -0.316455
          2,  141,        405,        906,       10.1,        101,       5.05   ,   0.726669
          2,  142,        483,         19,       10.1,        101,       5.05   ,   0.702401
          2,  143,        449,        746,       10.1,        101,       5.05   ,   -1.25005
          2,  144,        486,        413,       10.1,        101,       5.05   ,    1.20562
          2,  145,        292,        623,       10.1,        101,       5.05   ,    1.06818
          2,  146,        828,        751,       10.1,        101,       5.05   ,   0.356882
          2,  147,        838,        404,       10.1,        101,       5.05   ,   0.241002
          2,  148,        791,        866,       10.1,        101,       5.05   ,  -0.360699
          2,  149,        332,        525,       10.1,        101,       5.05   ,   0.605717
          2,  150,        843,        784,       10.1,        101,       5.05   ,   -1.53874
          2,  151,        587,        256,       10.1,        101,       5.05   ,    1.36232
          2,  152,        461,        550,       10.1,        101,       5.05   ,    1.19854
          2,  153,        714,         74,       10.1,        101,       5.05   ,   0.190297
          2,  154,        743,        498,       10.1,        101,       5.05   ,   0.657616
          2,  155,        345,        337,       10.1,        101,       5.05   ,    1.36516
          2,  156,        777,        973,       10.1,        101,       5.05   ,    1.12586
          2,  157,        847,        550,       10.1,        101,       5.05   ,   -1.12902
          2,  158,        425,        306,       10.1,        101,       5.05   ,    0.45523
          2,  159,        818,        141,       10.1,        101,       5.05   ,   0.796948
          2,  160,        445,        903,       10.1,        101,       5.05   ,  -0.611205
          2,  161,        837,        907,       10.1,        101,       5.05   ,  -0.575983
          2,  162,        916,        953,       10.1,        101,       5.05   ,   0.755123
          2,  163,        651,        796,       10.1,        101,       5.05   ,   0.591913
          2,  164,         38,        675,       10.1,        101,       5.05   ,  -0.100441
          2,  165,        549,        825,       10.1,        101,       5.05   ,    1.15013
          2,  166,        792,        856,       10.1,        101,       5.05   ,  -0.427451
          2,  167,        748,        220,       10.1,        101,       5.05   ,   0.874863
          2,  168,        812,        121,       10.1,        101,       5.05   ,   -1.46318
          2,  169,        483,        104,       10.1,        101,       5.05   ,    1.41284
          2,  170,         30,        914,       10.1,        101,       5.05   ,  -0.694256
          2,  171,        174,        216,       10.1,        101,       5.05   ,  -0.582776
          2,  172,        505,        192,       10.1,        101,       5.05   ,   -1.22543
          2,  173,        978,        128,       10.1,        101,       5.05   ,   -1.06473
          2,  174,        522,          0,       10.1,        101,       5.05   ,   0.247388
          2,  175,        291,        686,       10.1,        101,       5.05   ,   0.437065
          2,  176,        134,        332,       10.1,        101,       5.05   ,  -0.842765
          2,  177,        908,        351,       10.1,        101,       5.05   ,    1.25275
          2,  178,        349,        504,       10.1,        101,       5.05   ,   0.957853
          2,  179,        724,        589,       10.1,        101,       5.05   ,   0.566997
          2,  180,        489,        121,       10.1,        101,       5.05   ,  -0.845136
          2,  181,         18,        895,       10.1,        101,       5.05   ,  0.0917302
          2,  182,        201,        297,       10.1,        101,       5.05   ,   0.909916
          2,  183,         84,        663,       10.1,        101,       5.05   ,  -0.278924
          2,  184,         89,        818,       10.1,        101,       5.05   ,    1.22067
          2,  185,         83,        262,       10.1,        101,       5.05   ,   0.441981
          2,  186,        500,        963,       10.1,        101,       5.05   ,-0.00030017
          2,  187,        513,        189,       10.1,        101,       5.05   ,   0.485875
          2,  188,        737,        859,       10.1,        101,       5.05   ,    1.03154
          2,  189,        280,        740,       10.1,        101,       5.05   ,   -0.35876
          2,  190,        981,        865,       10.1,        101,       5.05   ,   0.565102
          2,  191,        526,        984,       10.1,        101,       5.05   ,  -0.524538
          2,  192,        428,         51,       10.1,        101,       5.05   ,   0.015082
          2,  193,        495,        211,       10.1,        101,       5.05   ,  0.0378638
          2,  194,        409,        590,       10.1,        101,       5.05   ,   -1.31033
          2,  195,        942,        609,       10.1,        101,       5.05   , -0.0664682
          2,  196,        869,        709,       10.1,        101,       5.05   ,  -0.208715
          2,  197,        660,        383,       10.1,        101,       5.05   ,     1.1047
          2,  198,        617,        699,       10.1,        101,       5.05   ,  -0.455851
          2,  199,        216,        120,       10.1,        101,       5.05   ,     1.1983
          2,  200,        113,        842,       10.1,        101,       5.05   ,  -0.327174
          2,  201,        979,        956,       10.1,        101,       5.05   ,  -0.637661
          2,  202,        993,        907,       10.1,        101,       5.05   ,   -1.53431
          2,  203,        984,         54,       10.1,        101,       5.05   ,    1.34353
          2,  204,        741,        352,       10.1,        101,       5.05   ,  -0.603942
          2,  205,        416,        558,       10.1,        101,       5.05   ,  -0.438064
          2,  206,        391,        464,       10.1,        101,       5.05   ,   0.676296
          2,  207,        166,        546,       10.1,        101,       5.05   ,  -0.651578
          2,  208,        998,        941,       10.1,        101,       5.05   , -0.0895171
          2,  209,        320,        896,       10.1,        101,       5.05   ,    0.78181
          2,  210,        343,         27,       10.1,        101,       5.05   , -0.0122933
          2,  211,        327,        265,       10.1,        101,       5.05   ,   0.185958
          2,  212,         58,        942,       10.1,        101,       5.05   ,  -0.637438
          2,  213,        752,        936,       10.1,        101,       5.05   ,    1.26752
          2,  214,        875,        388,       10.1,        101,       5.05   ,   -1.56941
          2,  215,        342,        147,       10.1,        101,       5.05   ,   0.477044
          2,  216,        979,        378,       10.1,        101,       5.05   ,    1.07199
          2,  217,        333,        241,       10.1,        101,       5.05   ,  -0.727452
          2,  218,        346,        446,       10.1,        101,       5.05   ,   0.976254
          2,  219,         96,        813,       10.1,        101,       5.05   ,   0.129631
          2,  220,         30,        126,       10.1,        101,       5.05   ,   -1.32332
          2,  221,        176,        530,       10.1,        101,       5.05   ,   0.990493
          2,  222,        353,        493,       10.1,        101,       5.05   , -0.0358185
          2,  223,        802,        191,       10.1,        101,       5.05   ,  -0.775637
          2,  224,        628,        901,       10.1,        101,       5.05   ,    0.19209
          2,  225,        745,        329,       10.1,        101,       5.05   ,  0.0897326
          2,  226,        146,          1,       10.1,        101,       5.05   ,    1.28573
          2,  227,        901,        311,       10.1,        101,       5.05   ,     0.6063
          2,  228,        601,        170,       10.1,        101,       5.05   ,    -1.4625
          2,  229,        488,        507,       10.1,        101,       5.05   ,    1.39988
          2,  230,        418,        111,       10.1,        101,       5.05   ,    1.13056
          2,  231,        715,          1,       10.1,        101,       5.05   ,   0.884599
          2,  232,        985,        799,       10.1,        101,       5.05   ,    1.46293
          2,  233,         89,        883,       10.1,        101,       5.05   ,  -0.930168
          2,  234,        551,        379,       10.1,        101,       5.05   ,    0.34378
          2,  235,        817,        735,       10.1,        101,       5.05   ,    1.44966
          2,  236,        764,         72,       10.1,        101,       5.05   ,    0.58098
          2,  237,        701,        864,       10.1,        101,       5.05   ,  -0.986545
          2,  238,        675,        358,       10.1,        101,       5.05   ,   -1.07791
          2,  239,        132,        503,       10.1,        101,       5.05   ,   0.821048
          2,  240,        355,         62,       10.1,        101,       5.05   ,  -0.492895
          2,  241,        139,        779,       10.1,        101,       5.05   ,    -1.4324
          2,  242,        979,        450,       10.1,        101,       5.05   ,   0.986356
          2,  243,        745,        326,       10.1,        101,       5.05   ,  -0.910317
          2,  244,        625,        393,       10.1,        101,       5.05   ,  0.0189979
          2,  245,        330,         12,       10.1,        101,       5.05   ,    1.22861
          2,  246,        269,        368,       10.1,        101,       5.05   ,    1.43726
          2,  247,        637,         38,       10.1,        101,       5.05   ,   0.379509
          2,  248,        176,        291,       10.1,        101,       5.05   ,  -0.544415
          2,  249,        286,        184,       10.1,        101,       5.05   ,   -0.15643
          2,  250,        843,        881,       10.1,        101,       5.05   ,   0.607205
          2,  251,        900,        737,       10.1,        101,       5.05   ,   -1.46824
          2,  252,        597,        970,       10.1,        101,       5.05   ,   -1.23135
          2,  253,        191,        285,       10.1,        101,       5.05   ,   -1.34986
          2,  254,        933,        754,       10.1,        101,       5.05   ,    1.13567
          2,  255,        104,        659,       10.1,        101,       5.05   ,   -1.49629
          2,  256,        743,        465,       10.1,        101,       5.05   ,   -1.41414
          2,  257,        375,        651,       10.1,        101,       5.05   ,   0.077432
          2,  258,        139,        372,       10.1,        101,       5.05   ,    1.09403
          2,  259,          2,        416,       10.1,        101,       5.05   ,    1.47193
          2,  260,        928,        361,       10.1,        101,       5.05   ,   0.963691
          2,  261,        577,        251,       10.1,        101,       5.05   ,  0.0227664
          2,  262,        479,        652,       10.1,        101,       5.05   ,   0.423184
          2,  263,        240,        364,       10.1,        101,       5.05   ,    1.18263
          2,  264,        243,        519,       10.1,        101,       5.05   ,    0.86976
          2,  265,        680,        162,       10.1,        101,       5.05   ,   -1.26005
          2,  266,        728,        101,       10.1,        101,       5.05   ,   -1.09747
          2,  267,        567,        971,       10.1,        101,       5.05   ,   0.998522
          2,  268,        961,        459,       10.1,        101,       5.05   ,    0.48346
          2,  269,        201,        818,       10.1,        101,       5.05   ,   -1.49899
          2,  270,        348,        828,       10.1,        101,       5.05   ,    1.42435
          2,  271,        895,        114,       10.1,        101,       5.05   ,    1.08392
          2,  272,        326,        299,       10.1,        101,       5.05   ,    1.48953
          2,  273,        227,         28,       10.1,        101,       5.05   ,    0.69112
          2,  274,        496,        760,       10.1,        101,       5.05   ,   0.215231
          2,  275,        556,        282,       10.1,        101,       5.05   ,   -1.16371
          2,  276,        538,        686,       10.1,        101,       5.05   ,    1.23386
          2,  277,        654,         66,       10.1,        101,       5.05   ,    1.28424
          2,  278,        615,        711,       10.1,        101,       5.05   ,    1.37563
          2,  279,        242,        454,       10.1,        101,       5.05   ,    0.52422
          2,  280,        601,         64,       10.1,        101,       5.05   ,   -1.07667
          2,  281,        710,        113,       10.1,        101,       5.05   ,  -0.523624
          2,  282,        408,        859,       10.1,        101,       5.05   ,  -0.145214
          2,  283,        409,        638,       10.1,        101,       5.05   ,  -0.571857
          2,  284,        452,        444,       10.1,        101,       5.05   ,   0.379467
          2,  285,         52,        619,       10.1,        101,       5.05   ,   -0.46981
          2,  286,        268,        647,       10.1,        101,       5.05   ,   0.847527
          2,  287,        310,        731,       10.1,        101,       5.05   ,   0.360763
          2,  288,         35,        675,       10.1,        101,       5.05   ,    1.44192
          2,  289,        849,        941,       10.1,        101,       5.05   ,     -1.251
          2,  290,        889,        602,       10.1,        101,       5.05   ,   -1.11504
          2,  291,        515,        574,       10.1,        101,       5.05   ,    -1.1838
          2,  292,        859,        830,       10.1,        101,       5.05   ,   0.792589
          2,  293,        405,        844,       10.1,        101,       5.05   , -0.0390716
          2,  294,        596,        215,       10.1,        101,       5.05   ,    1.09101
          2,  295,        331,        456,       10.1,        101,       5.05   ,    1.19185
          2,  296,        253,        311,       10.1,        101,       5.05   ,  -0.541968
          2,  297,        813,        298,       10.1,        101,       5.05   ,   0.195418
          2,  298,        230,        884,       10.1,        101,       5.05   ,     1.1058
          2,  299,        391,        448,       10.1,        101,       5.05   ,     0.6707
          2,  300,        574,        431,       10.1,        101,       5.05   ,   0.929763
          2,  301,        581,        429,       10.1,        101,       5.05   ,   -1.53369
          2,  302,        907,        261,       10.1,        101,       5.05   ,    1.44046
          2,  303,        519,         62,       10.1,        101,       5.05   , -0.0631163
          2,  304,        382,        969,       10.1,        101,       5.05   ,    1.39448
          2,  305,        637,        768,       10.1,        101,       5.05   ,    1.42451
          2,  306,        188,        805,       10.1,        101,       5.05   ,   0.503187
          2,  307,        893,        144,       10.1,        101,       5.05   ,   0.394973
          2,  308,        829,        322,       10.1,        101,       5.05   ,    0.82935
          2,  309,        319,        479,       10.1,        101,       5.05   ,  -0.527233
          2,  310,        327,         20,       10.1,        101,       5.05   ,  -0.298618
          2,  311,        797,        387,       10.1,        101,       5.05   ,   0.369965
          2,  312,        714,        907,       10.1,        101,       5.05   ,   -1.35129
          2,  313,        675,        359,       10.1,        101,       5.05   ,   -1.15583
          2,  314,        944,        896,       10.1,        101,       5.05   ,  -0.199009
          2,  315,        287,        464,       10.1,        101,       5.05   ,  -0.364835
          2,  316,        334,        665,       10.1,        101,       5.05   ,  -0.434828
          2,  317,        924,         51,       10.1,        101,       5.05   ,   0.915276
          2,  318,        852,        763,       10.1,        101,       5.05   ,  -0.958103
          2,  319,        305,        218,       10.1,        101,       5.05   ,   0.446162
          2,  320,        288,        860,       10.1,        101,       5.05   ,   0.682982
          2,  321,        911,        460,       10.1,        101,       5.05   ,   0.638739
          2,  322,         82,         87,       10.1,        101,       5.05   ,   -1.29602
          2,  323,        318,        659,       10.1,        101,       5.05   ,   -0.92362
          2,  324,         20,        546,       10.1,        101,       5.05   ,  -0.568834
          2,  325,        644,        149,       10.1,        101,       5.05   ,  -0.227367
          2,  326,        529,        735,       10.1,        101,       5.05   ,   0.834635
          2,  327,        542,        298,       10.1,        101,       5.05   ,   -1.03476
          2,  328,        722,        364,       10.1,        101,       5.05   ,    1.21894
          2,  329,        211,         97,       10.1,        101,       5.05   ,   0.276489
          2,  330,        887,         92,       10.1,        101,       5.05   ,  -0.932344
          2,  331,        224,        329,       10.1,        101,       5.05   ,   -0.83365
          2,  332,        467,         90,       10.1,        101,       5.05   ,   0.498262
          2,  333,        129,        207,       10.1,        101,       5.05   ,    1.15934
          2,  334,        565,        823,       10.1,        101,       5.05   ,   0.229918
          2,  335,        965,        306,       10.1,        101,       5.05   ,   -1.01425
          2,  336,        207,        629,       10.1,        101,       5.05   ,    1.01343
          2,  337,        704,        938,       10.1,        101,       5.05   ,   0.947159
          2,  338,         69,        793,       10.1,        101,       5.05   ,   -0.18381
          2,  339,        399,         20,       10.1,        101,       5.05   ,  -0.371327
          2,  340,        837,        958,       10.1,        101,       5.05   ,   -1.39696
          2,  341,         80,        193,       10.1,        101,       5.05   ,     1.2747
          2,  342,        554,        470,       10.1,        101,       5.05   ,   0.984413
          2,  343,        242,        201,       10.1,        101,       5.05   ,  -0.767997
          2,  344,        515,        868,       10.1,        101,       5.05   , -0.0959661
          2,  345,        970,        582,       10.1,        101,       5.05   ,   0.544652
          2,  346,        994,        179,       10.1,        101,       5.05   ,   0.895157
          2,  347,        593,        411,       10.1,        101,       5.05   ,    1.53162
          2,  348,        378,         82,       10.1,        101,       5.05   ,   0.705671
          2,  349,        361,        768,       10.1,        101,       5.05   ,  -0.405978
          2,  350,        631,        186,       10.1,        101,       5.05   ,   0.816926
          2,  351,        679,        860,       10.1,        101,       5.05   ,  -0.941693
          2,  352,          8,        907,       10.1,        101,       5.05   ,   -1.47636
          2,  353,        576,        794,       10.1,        101,       5.05   ,   -1.56782
          2,  354,         84,        257,       10.1,        101,       5.05   ,  -0.811947
          2,  355,        393,        811,       10.1,        101,       5.05   ,  -0.384688
          2,  356,        549,        401,       10.1,        101,       5.05   ,    1.03258
          2,  357,        811,        525,       10.1,        101,       5.05   ,    1.45444
          2,  358,         69,        611,       10.1,        101,       5.05   ,    0.47196
          2,  359,        918,        179,       10.1,        101,       5.05   ,   -1.06823
          2,  360,         32,        944,       10.1,        101,       5.05   ,   0.306183
          2,  361,          1,        746,       10.1,        101,       5.05   ,   -1.31489
          2,  362,        410,         39,       10.1,        101,       5.05   ,   -1.35413
          2,  363,        620,         74,       10.1,        101,       5.05   ,   -1.51635
          2,  364,        466,        469,       10.1,        101,       5.05   ,   0.596787
          2,  365,        516,        867,       10.1,        101,       5.05   ,   0.581823
          2,  366,        706,        119,       10.1,        101,       5.05   ,  -0.808413
          2,  367,        379,        418,       10.1,        101,       5.05   ,    1.10596
          2,  368,        958,        609,       10.1,        101,       5.05   ,   0.668896
          2,  369,        922,        874,       10.1,        101,       5.05   , -0.0802301
          2,  370,        726,        325,       10.1,        101,       5.05   ,  0.0427463
          2,  371,        832,        136,       10.1,        101,       5.05   ,  -0.369369
          2,  372,        925,        684,       10.1,        101,       5.05   ,    1.06754
          2,  373,        369,        442,       10.1,        101,       5.05   ,  -0.861673
          2,  374,        842,        696,       10.1,        101,       5.05   ,  -0.580855
          2,  375,        489,        377,       10.1,        101,       5.05   ,   -1.49821
          2,  376,        763,        121,       10.1,        101,       5.05   ,   -1.21607
          2,  377,        213,        787,       10.1,        101,       5.05   ,  -0.906268
          2,  378,        687,        646,       10.1,        101,       5.05   ,  -0.779282
          2,  379,        927,        259,       10.1,        101,       5.05   ,   0.736243
          2,  380,        693,        130,       10.1,        101,       5.05   ,    1.15917
          2,  381,        385,        918,       10.1,        101,       5.05   ,   -1.37583
          2,  382,        337,        599,       10.1,        101,       5.05   ,     1.3635
          2,  383,        531,        629,       10.1,        101,       5.05   ,   0.272243
          2,  384,        381,        736,       10.1,        101,       5.05   ,  -0.447633
          2,  385,        252,        650,       10.1,        101,       5.05   , -0.0392216
          2,  386,        300,        706,       10.1,        101,       5.05   ,   -1.34479
          2,  387,        937,        940,       10.1,        101,       5.05   ,  -0.611006
          2,  388,        679,         35,       10.1,        101,       5.05   ,    1.47717
          2,  389,        250,         18,       10.1,        101,       5.05   ,  0.0180406
          2,  390,        798,        770,       10.1,        101,       5.05   ,   0.238241
          2,  391,         29,        755,       10.1,        101,       5.05   ,   0.542408
          2,  392,         39,        243,       10.1,        101,       5.05   ,   -0.63046
          2,  393,        134,        667,       10.1,        101,       5.05   ,   -1.20728
          2,  394,        806,         62,       10.1,        101,       5.05   ,  -0.787195
          2,  395,        284,         87,       10.1,        101,       5.05   ,    -1.3715
          2,  396,        911,        891,       10.1,        101,       5.05   ,   0.232347
          2,  397,        263,        495,       10.1,        101,       5.05   ,  -0.202119
          2,  398,        413,        427,       10.1,        101,       5.05   ,   -1.17651
          2,  399,        591,        203,       10.1,        101,       5.05   ,  -0.621235
          2,  400,        329,        995,       10.1,        101,       5.05   ,   0.614342
          2,  401,        587,        599,       10.1,        101,       5.05   ,   0.739773
          2,  402,        370,        823,       10.1,        101,       5.05   ,  -0.102543
          2,  403,         83,        595,       10.1,        101,       5.05   ,    -1.5205
          2,  404,        935,        337,       10.1,        101,       5.05   ,   0.877571
          2,  405,        117,         22,       10.1,        101,       5.05   ,   0.432505
          2,  406,        146,        493,       10.1,        101,       5.05   ,  -0.128706
          2,  407,        550,        822,       10.1,        101,       5.05   ,  0.0966168
          2,  408,        589,        701,       10.1,        101,       5.05   ,   0.109795
          2,  409,        159,         85,       10.1,        101,       5.05   ,    1.10467
          2,  410,        450,        234,       10.1,        101,       5.05   ,   0.886508
          2,  411,        684,        723,       10.1,        101,       5.05   ,    0.87377
          2,  412,        536,        435,       10.1,        101,       5.05   ,   0.644599
          2,  413,        221,        960,       10.1,        101,       5.05   ,    0.52247
          2,  414,         38,        390,       10.1,        101,       5.05   ,   -1.34535
          2,  415,        141,        867,       10.1,        101,       5.05   ,   -1.42882
          2,  416,        383,        791,       10.1,        101,       5.05   ,    1.05004
          2,  417,        316,        855,       10.1,        101,       5.05   ,     1.0346
          2,  418,        502,        411,       10.1,        101,       5.05   ,   0.663741
          2,  419,        362,        476,       10.1,        101,       5.05   ,   0.760725
          2,  420,        600,        613,       10.1,        101,       5.05   ,    1.52379
          2,  421,        755,        979,       10.1,        101,       5.05   ,  -0.466785
          2,  422,         45,        661,       10.1,        101,       5.05   ,  -0.546165
          2,  423,        897,        563,       10.1,        101,       5.05   ,  -0.432117
          2,  424,         51,        936,       10.1,        101,       5.05   ,    1.55089
          2,  425,        972,        296,       10.1,        101,       5.05   ,  -0.863783
          2,  426,        303,        120,       10.1,        101,       5.05   ,  -0.175165
          2,  427,        636,         46,       10.1,        101,       5.05   ,   -1.39405
          2,  428,        519,        972,       10.1,        101,       5.05   ,   0.154475
          2,  429,        845,        881,       10.1,        101,       5.05   ,   -1.08613
          2,  430,          5,        395,       10.1,        101,       5.05   ,   0.341833
          2,  431,        740,         90,       10.1,        101,       5.05   ,  -0.492343
          2,  432,        746,        419,       10.1,        101,       5.05   ,   -1.12089
          2,  433,        458,        170,       10.1,        101,       5.05   ,   0.434732
          2,  434,         72,        502,       10.1,        101,       5.05   ,    -0.5085
          2,  435,        768,        757,       10.1,        101,       5.05   , -0.0901077
          2,  436,        885,        748,       10.1,        101,       5.05   ,  -0.612527
          2,  437,        426,        137,       10.1,        101,       5.05   ,    1.35841
          2,  438,        328,         45,       10.1,        101,       5.05   ,    1.07134
          2,  439,        253,        505,       10.1,        101,       5.05   ,   -1.21165
          2,  440,         82,        456,       10.1,        101,       5.05   ,   -1.38716
          2,  441,        940,        614,       10.1,        101,       5.05   ,  -0.682303
          2,  442,        991,        864,       10.1,        101,       5.05   ,  0.0925279
          2,  443,        959,        601,       10.1,        101,       5.05   ,  -0.536602
          2,  444,        675,        668,       10.1,        101,       5.05   ,   -1.51713
          2,  445,        236,        253,       10.1,        101,       5.05   ,  -0.138307
          2,  446,        318,        670,       10.1,        101,       5.05   ,    0.98152
          2,  447,        244,        634,       10.1,        101,       5.05   ,  -0.419375
          2,  448,        513,         50,       10.1,        101,       5.05   ,    0.80265
          2,  449,        809,        878,       10.1,        101,       5.05   ,   0.560028
          2,  450,        219,        609,       10.1,        101,       5.05   ,  -0.179536
          2,  451,        403,        547,       10.1,        101,       5.05   ,  -0.872835
          2,  452,        405,        994,       10.1,        101,       5.05   ,   0.578739
          2,  453,         53,        688,       10.1,        101,       5.05   ,  -0.394252
          2,  454,        912,         75,       10.1,        101,       5.05   ,    -1.2405
          2,  455,        335,        548,       10.1,        101,       5.05   , -0.0128186
          2,  456,        820,        904,       10.1,        101,       5.05   ,    1.11567
          2,  457,        758,        958,       10.1,        101,       5.05   ,   0.620279
          2,  458,        138,        795,       10.1,        101,       5.05   ,   0.971602
          2,  459,        336,        714,       10.1,        101,       5.05   ,    1.46963
          2,  460,        840,        503,       10.1,        101,       5.05   ,    1.29736
          2,  461,        141,        987,       10.1,        101,       5.05   ,    1.48121
          2,  462,        238,        864,       10.1,        101,       5.05   ,  -0.193471
          2,  463,        140,        481,       10.1,        101,       5.05   ,  -0.584194
          2,  464,        726,        797,       10.1,        101,       5.05   ,    1.41372
          2,  465,        304,        445,       10.1,        101,       5.05   ,   0.226972
          2,  466,        115,        725,       10.1,        101,       5.05   ,   0.292328
          2,  467,         81,         37,       10.1,        101,       5.05   ,    1.22898
          2,  468,        287,        927,       10.1,        101,       5.05   ,    1.04293
          2,  469,         22,        776,       10.1,        101,       5.05   ,    -1.4985
          2,  470,        135,        380,       10.1,        101,       5.05   ,  -0.302059
          2,  471,        750,        492,       10.1,        101,       5.05   ,   -1.29885
          2,  472,         66,        462,       10.1,        101,       5.05   , -0.0896443
          2,  473,        996,        642,       10.1,        101,       5.05   ,  -0.499491
          2,  474,        338,        146,       10.1,        101,       5.05   ,   0.810604
          2,  475,        703,        538,       10.1,        101,       5.05   ,  -0.817294
          2,  476,        201,        516,       10.1,        101,       5.05   ,   0.535467
          2,  477,        684,        134,       10.1,        101,       5.05   ,   0.537936
          2,  478,        744,        552,       10.1,        101,       5.05   ,   -1.36143
          2,  479,        347,        809,       10.1,        101,       5.05   ,    1.27769
          2,  480,        445,        599,       10.1,        101,       5.05   ,   -0.62876
          2,  481,        147,        231,       10.1,        101,       5.05   ,   0.773815
          2,  482,         96,        974,       10.1,        101,       5.05   ,   0.698894
          2,  483,        880,        209,       10.1,        101,       5.05   ,  -0.425219
          2,  484,        541,        832,       10.1,        101,       5.05   ,    1.03423
          2,  485,        514,        156,       10.1,        101,       5.05   ,   0.870255
          2,  486,        720,        656,       10.1,        101,       5.05   ,  -0.855936
          2,  487,        997,        215,       10.1,        101,       5.05   ,  -0.203159
          2,  488,        276,        604,       10.1,        101,       5.05   ,   0.149444
          2,  489,        498,         46,       10.1,        101,       5.05   ,    1.20617
          2,  490,        263,        607,       10.1,        101,       5.05   ,   0.908502
          2,  491,        303,         88,       10.1,        101,       5.05   ,   -1.45155
          2,  492,        379,        714,       10.1,        101,       5.05   ,   0.643014
          2,  493,        796,        768,       10.1,        101,       5.05   ,  -0.598741
          2,  494,        700,        735,       10.1,        101,       5.05   ,   0.729937
          2,  495,         48,        381,       10.1,        101,       5.05   ,    1.02328
          2,  496,          1,        598,       10.1,        101,       5.05   ,    -0.1798
          2,  497,         89,        881,       10.1,        101,       5.05   ,   0.776856
          2,  498,        266,        512,       10.1,        101,       5.05   ,  -0.136342
          2,  499,        811,        499,       10.1,        101,       5.05   ,   -1.06269
          2,  500,        205,         10,       10.1,        101,       5.05   ,   0.750718
          2,  501,        477,        801,       10.1,        101,       5.05   ,  -0.221153
          2,  502,        103,        602,       10.1,        101,       5.05   ,    0.33005
          2,  503,         72,        870,       10.1,        101,       5.05   ,  -0.977627
          2,  504,        428,        754,       10.1,        101,       5.05   ,  -0.646571
          2,  505,        583,        139,       10.1,        101,       5.05   ,  -0.715937
          2,  506,        187,        866,       10.1,        101,       5.05   ,    1.19335
          2,  507,        879,        834,       10.1,        101,       5.05   ,    1.12221
          2,  508,        888,        823,       10.1,        101,       5.05   ,   0.562275
          2,  509,        787,        780,       10.1,        101,       5.05   ,  -0.946936
          2,  510,        265,        313,       10.1,        101,       5.05   ,   -1.26297
          2,  511,        935,        287,       10.1,        101,       5.05   ,    -1.4403
          2,  512,        614,        914,       10.1,        101,       5.05   ,   0.223717
          2,  513,        233,        415,       10.1,        101,       5.05   ,    0.24528
          2,  514,        880,        263,       10.1,        101,       5.05   ,   0.688001
          2,  515,        743,        288,       10.1,        101,       5.05   ,   0.298392
          2,  516,        624,        196,       10.1,        101,       5.05   ,   -1.16951
          2,  517,        815,        247,       10.1,        101,       5.05   ,    1.03355
          2,  518,        790,        558,       10.1,        101,       5.05   ,   -1.25383
          2,  519,        560,        927,       10.1,        101,       5.05   ,   0.961373
          2,  520,        598,         29,       10.1,        101,       5.05   ,  -0.974746
          2,  521,        566,        298,       10.1,        101,       5.05   ,   0.920001
          2,  522,        251,         25,       10.1,        101,       5.05   ,   -1.50597
          2,  523,        184,        441,       10.1,        101,       5.05   ,  -0.762981
          2,  524,        317,        360,       10.1,        101,       5.05   ,  -0.176145
          2,  525,        763,        622,       10.1,        101,       5.05   ,  -0.734943
          2,  526,        110,        804,       10.1,        101,       5.05   ,   0.848959
          2,  527,        726,        363,       10.1,        101,       5.05   ,   0.989968
          2,  528,        255,        181,       10.1,        101,       5.05   , -0.0160886
          2,  529,        335,        380,       10.1,        101,       5.05   ,   0.330921
          2,  530,        223,        468,       10.1,        101,       5.05   ,    1.55489
          2,  531,        854,         75,       10.1,        101,       5.05   ,   0.760895
          2,  532,        529,         17,       10.1,        101,       5.05   ,   0.792578
          2,  533,        391,        939,       10.1,        101,       5.05   ,   -0.29729
          2,  534,        727,        286,       10.1,        101,       5.05   ,   0.501216
          2,  535,        485,        163,       10.1,        101,       5.05   ,   0.847396
          2,  536,        896,        319,       10.1,        101,       5.05   ,   -1.32969
          2,  537,        243,        109,       10.1,        101,       5.05   ,   -0.28344
          2,  538,        821,        620,       10.1,        101,       5.05   ,  -0.915534
          2,  539,        138,        682,       10.1,        101,       5.05   ,   0.837681
          2,  540,         88,        474,       10.1,        101,       5.05   ,  -0.856902
          2,  541,        867,        238,       10.1,        101,       5.05   ,    1.05263
          2,  542,         69,        657,       10.1,        101,       5.05   ,    1.22227
          2,  543,        872,        723,       10.1,        101,       5.05   ,    1.30456
          2,  544,        922,        410,       10.1,        101,       5.05   ,    1.40424
          2,  545,        481,        686,       10.1,        101,       5.05   ,   -1.29455
          2,  546,        822,         86,       10.1,        101,       5.05   ,   -1.02725
          2,  547,        819,        137,       10.1,        101,       5.05   ,  -0.188657
          2,  548,        962,        849,       10.1,        101,       5.05   ,  -0.158578
          2,  549,        273,        977,       10.1,        101,       5.05   ,    1.42323
          2,  550,        663,        772,       10.1,        101,       5.05   ,    0.58436
          2,  551,        687,        787,       10.1,        101,       5.05   ,   0.718377
          2,  552,        249,        142,       10.1,        101,       5.05   ,     1.1374
          2,  553,        142,        548,       10.1,        101,       5.05   , -0.0391337
          2,  554,        737,        455,       10.1,        101,       5.05   ,  0.0130297
          2,  555,        597,        153,       10.1,        101,       5.05   ,   0.112827
          2,  556,        687,        350,       10.1,        101,       5.05   ,    0.71238
          2,  557,        786,        954,       10.1,        101,       5.05   ,   -1.24462
          2,  558,        916,        447,       10.1,        101,       5.05   ,  -0.987168
          2,  559,        779,        339,       10.1,        101,       5.05   ,  -0.822956
          2,  560,        350,        731,       10.1,        101,       5.05   ,   0.642482
          2,  561,        966,        936,       10.1,        101,       5.05   ,   -0.58016
          2,  562,        192,        260,       10.1,        101,       5.05   ,  -0.168697
          2,  563,        228,        920,       10.1,        101,       5.05   ,   0.545698
          2,  564,        748,        841,       10.1,        101,       5.05   ,    -1.4272
          2,  565,        462,        419,       10.1,        101,       5.05   ,    1.36469
          2,  566,        814,        781,       10.1,        101,       5.05   ,   -1.13882
          2,  567,        142,        580,       10.1,        101,       5.05   ,   -1.10525
          2,  568,        845,          7,       10.1,        101,       5.05   ,  -0.088648
          2,  569,        622,        492,       10.1,        101,       5.05   ,  0.0297998
          2,  570,        909,        234,       10.1,        101,       5.05   ,   -1.11822
          2,  571,         23,        768,       10.1,        101,       5.05   ,     1.4271
          2,  572,        708,        832,       10.1,        101,       5.05   ,    1.32771
          2,  573,        618,         55,       10.1,        101,       5.05   ,   0.532328
          2,  574,        759,        299,       10.1,        101,       5.05   ,   0.316205
          2,  575,        957,        657,       10.1,        101,       5.05   ,   0.578597
          2,  576,          5,        859,       10.1,        101,       5.05   ,  -0.938283
          2,  577,        293,        741,       10.1,        101,       5.05   ,   0.771748
          2,  578,        656,        136,       10.1,        101,       5.05   ,   -1.44157
          2,  579,         11,        995,       10.1,        101,       5.05   ,   0.694403
          2,  580,          1,        581,       10.1,        101,       5.05   ,   0.528578
          2,  581,        182,        757,       10.1,        101,       5.05   ,   -0.84205
          2,  582,        772,        697,       10.1,        101,       5.05   ,  -0.405031
          2,  583,        775,        221,       10.1,        101,       5.05   ,    -1.2492
          2,  584,        294,        917,       10.1,        101,       5.05   ,   0.809102
          2,  585,        593,        348,       10.1,        101,       5.05   ,   -1.22144
          2,  586,        653,        377,       10.1,        101,       5.05   ,    1.23911
          2,  587,        939,        274,       10.1,        101,       5.05   ,    0.45173
          2,  588,        202,        837,       10.1,        101,       5.05   ,  -0.850347
          2,  589,         13,        874,       10.1,        101,       5.05   ,    -1.1217
          2,  590,        694,        863,       10.1,        101,       5.05   ,   0.397407
          2,  591,        396,        901,       10.1,        101,       5.05   ,    -1.0714
          2,  592,        247,        163,       10.1,        101,       5.05   ,  -0.493139
          2,  593,        644,        560,       10.1,        101,       5.05   ,    1.15253
          2,  594,        126,        748,       10.1,        101,       5.05   ,  -0.366336
          2,  595,        953,        332,       10.1,        101,       5.05   ,  -0.941354
          2,  596,        533,        236,       10.1,        101,       5.05   ,   0.252298
          2,  597,        442,        396,       10.1,        101,       5.05   ,    1.48393
          2,  598,        355,        379,       10.1,        101,       5.05   ,    1.06342
          2,  599,        720,        691,       10.1,        101,       5.05   , -0.0620185
          2,  600,        694,        679,       10.1,        101,       5.05   ,   -1.25609
          2,  601,        311,        520,       10.1,        101,       5.05   ,    1.05093
          2,  602,        990,        439,       10.1,        101,       5.05   ,   -1.15403
          2,  603,        912,        935,       10.1,        101,       5.05   ,  -0.522395
          2,  604,         47,        824,       10.1,        101,       5.05   ,  -0.608551
          2,  605,        337,         85,       10.1,        101,       5.05   ,   0.397179
          2,  606,        190,        337,       10.1,        101,       5.05   ,   -1.14791
          2,  607,        835,        932,       10.1,        101,       5.05   ,  -0.188689
          2,  608,         52,        618,       10.1,        101,       5.05   ,  -0.759679
          2,  609,        444,        580,       10.1,        101,       5.05   ,    1.34238
          2,  610,        450,        575,       10.1,        101,       5.05   ,   -1.45776
          2,  611,        139,        415,       10.1,        101,       5.05   ,  -0.119545
          2,  612,        614,        644,       10.1,        101,       5.05   ,     1.3508
          2,  613,        578,        875,       10.1,        101,       5.05   ,   -1.51825
          2,  614,        761,        832,       10.1,        101,       5.05   ,  -0.690893
          2,  615,        119,        313,       10.1,        101,       5.05   ,  -0.461892
          2,  616,        422,        155,       10.1,        101,       5.05   ,   0.136165
          2,  617,        169,        881,       10.1,        101,       5.05   ,    1.00416
          2,  618,        913,        400,       10.1,        101,       5.05   ,   0.136879
          2,  619,        758,        113,       10.1,        101,       5.05   ,    1.41263
          2,  620,        461,         22,       10.1,        101,       5.05   ,   -1.34925
          2,  621,        981,         33,       10.1,        101,       5.05   ,   0.521329
          2,  622,        246,        562,       10.1,        101,       5.05   ,   -1.12465
          2,  623,        835,        296,       10.1,        101,       5.05   , -0.0322383
          2,  624,        775,        921,       10.1,        101,       5.05   ,   -1.12465
          2,  625,        717,         32,       10.1,        101,       5.05   ,   0.381524
          2,  626,        142,         47,       10.1,        101,       5.05   ,  -0.699754
          2,  627,        416,        512,       10.1,        101,       5.05   ,  -0.305875
          2,  628,        543,        455,       10.1,        101,       5.05   ,  -0.304242
          2,  629,        109,         67,       10.1,        101,       5.05   ,   0.867675
          2,  630,        489,        413,       10.1,        101,       5.05   ,  -0.245329
          2,  631,        570,        451,       10.1,        101,       5.05   ,   0.102958
          2,  632,        132,        299,       10.1,        101,       5.05   ,   0.369339
          2,  633,        294,        439,       10.1,        101,       5.05   ,   0.538868
          2,  634,        284,        625,       10.1,        101,       5.05   ,   0.618105
          2,  635,         22,        521,       10.1,        101,       5.05   ,    1.55206
          2,  636,        364,        511,       10.1,        101,       5.05   ,    1.22375
          2,  637,        814,        564,       10.1,        101,       5.05   ,    1.37444
          2,  638,         27,        941,       10.1,        101,       5.05   ,  -0.164143
          2,  639,        505,        126,       10.1,        101,       5.05   ,    1.11777
          2,  640,        591,        179,       10.1,        101,       5.05   ,   0.172273
          2,  641,        411,        225,       10.1,        101,       5.05   ,   -1.04222
          2,  642,        811,        272,       10.1,        101,       5.05   ,   0.569713
          2,  643,        719,        934,       10.1,        101,       5.05   ,   0.866859
          2,  644,        120,        572,       10.1,        101,       5.05   ,  -0.803577
          2,  645,        193,        482,       10.1,        101,       5.05   ,    1.55039
          2,  646,        276,        226,       10.1,        101,       5.05   ,    1.47116
          2,  647,        609,        530,       10.1,        101,       5.05   ,  -0.534999
          2,  648,        269,        376,       10.1,        101,       5.05   ,   -1.31555
          2,  649,        390,        260,       10.1,        101,       5.05   ,   0.192278
          2,  650,        247,        941,       10.1,        101,       5.05   ,   0.331062
          2,  651,        257,        418,       10.1,        101,       5.05   ,    -1.1768
          2,  652,         15,        874,       10.1,        101,       5.05   ,  -0.678097
          2,  653,        600,        608,       10.1,        101,       5.05   ,   0.823171
          2,  654,        708,        661,       10.1,        101,       5.05   ,   0.908637
          2,  655,        858,        373,       10.1,        101,       5.05   ,   -1.15856
          2,  656,        403,        350,       10.1,        101,       5.05   ,    1.40122
          2,  657,        734,        924,       10.1,        101,       5.05   ,   -1.05734
          2,  658,        664,        989,       10.1,        101,       5.05   ,   -1.31864
          2,  659,        283,        390,       10.1,        101,       5.05   ,   -0.70939
          2,  660,        560,        434,       10.1,        101,       5.05   ,   -0.69744
          2,  661,        935,        601,       10.1,        101,       5.05   ,   0.381986
          2,  662,        570,        160,       10.1,        101,       5.05   ,   0.794238
          2,  663,        217,        147,       10.1,        101,       5.05   ,   0.690593
          2,  664,        167,        137,       10.1,        101,       5.05   ,  -0.872098
          2,  665,        459,        184,       10.1,        101,       5.05   ,  -0.919017
          2,  666,        514,        606,       10.1,        101,       5.05   ,    1.41222
          2,  667,        616,        845,       10.1,        101,       5.05   ,  -0.220283
          2,  668,         98,        876,       10.1,        101,       5.05   ,  0.0145316
          2,  669,        497,        169,       10.1,        101,       5.05   ,   -1.28451
          2,  670,        858,        268,       10.1,        101,       5.05   ,    1.41142
          2,  671,        752,         94,       10.1,        101,       5.05   ,   0.544487
          2,  672,         40,        359,       10.1,        101,       5.05   ,   -1.23755
          2,  673,        850,        176,       10.1,        101,       5.05   ,   0.956856
          2,  674,        847,        129,       10.1,        101,       5.05   ,  -0.786443
          2,  675,        430,        171,       10.1,        101,       5.05   ,   0.112661
          2,  676,         31,        410,       10.1,        101,       5.05   ,    1.51037
          2,  677,        855,        292,       10.1,        101,       5.05   ,   0.239135
          2,  678,        533,        832,       10.1,        101,       5.05   ,   0.070322
          2,  679,         24,        383,       10.1,        101,       5.05   ,     1.3513
          2,  680,        808,        725,       10.1,        101,       5.05   ,   -1.26268
          2,  681,        988,        363,       10.1,        101,       5.05   ,  -0.073179
          2,  682,        419,        703,       10.1,        101,       5.05   ,   -1.07795
          2,  683,        355,        946,       10.1,        101,       5.05   ,    1.06765
------------------------------------------------------------------------------
Component[2] Total Sloped Parallelepiped = 683