Component 1 maximum area=0.326731 [on 1000x1000]
Component type: Ellipse
---------------------------------------------------------------------------------------
--------------|------- Center-----|----- dimensions---------|----------------------
component| id|    X       |     Y      |  Width/a     | height/b |   hoop   |   Slope   
---------------------------------------------------------------------------------------
          1,    1,        325,        714,       50.5,       50.5,      2.525   ,    1.25508
          1,    2,        123,        151,       50.5,       50.5,      2.525   ,   -1.42954
          1,    3,        344,        415,       50.5,       50.5,      2.525   ,    1.17825
          1,    4,        315,        793,       50.5,       50.5,      2.525   ,    1.16651
          1,    5,        505,         74,       50.5,       50.5,      2.525   ,    -0.4429
          1,    6,        735,        498,       50.5,       50.5,      2.525   ,    -1.4826
          1,    7,        778,         98,       50.5,       50.5,      2.525   ,     1.0965
          1,    8,        595,        470,       50.5,       50.5,      2.525   ,   -1.55156
          1,    9,        235,        843,       50.5,       50.5,      2.525   ,    1.27152
          1,   10,        702,        534,       50.5,       50.5,      2.525   ,    0.81755
          1,   11,        864,         99,       50.5,       50.5,      2.525   ,    -1.3124
          1,   12,        319,        168,       50.5,       50.5,      2.525   ,   0.700129
          1,   13,        132,        963,       50.5,       50.5,      2.525   ,     1.5157
          1,   14,        907,        845,       50.5,       50.5,      2.525   ,   0.839389
          1,   15,        953,        527,       50.5,       50.5,      2.525   ,   0.274582
          1,   16,        668,        679,       50.5,       50.5,      2.525   ,   -1.01002
          1,   17,        927,        509,       50.5,       50.5,      2.525   ,    1.41246
          1,   18,        724,        910,       50.5,       50.5,      2.525   ,   0.393283
          1,   19,         72,        688,       50.5,       50.5,      2.525   ,   -1.08758
          1,   20,         82,        117,       50.5,       50.5,      2.525   ,  -0.492994
          1,   21,         68,        965,       50.5,       50.5,      2.525   ,  -0.305323
          1,   22,        758,        923,       50.5,       50.5,      2.525   ,  -0.974304
          1,   23,        271,        936,       50.5,       50.5,      2.525   ,  -0.236621
          1,   24,        284,         25,       50.5,       50.5,      2.525   ,  -0.201491
          1,   25,        244,        774,       50.5,       50.5,      2.525   ,    1.37996
          1,   26,        417,        266,       50.5,       50.5,      2.525   ,  -0.620007
          1,   27,         74,        840,       50.5,       50.5,      2.525   ,  -0.625998
          1,   28,        390,        609,       50.5,       50.5,      2.525   ,    1.28848
          1,   29,        744,        257,       50.5,       50.5,      2.525   ,   -1.04893
          1,   30,        173,        117,       50.5,       50.5,      2.525   ,  -0.886848
          1,   31,        959,        836,       50.5,       50.5,      2.525   ,  -0.958044
          1,   32,        303,        664,       50.5,       50.5,      2.525   ,     1.1519
          1,   33,        354,        706,       50.5,       50.5,      2.525   ,   -0.10832
          1,   34,        783,        495,       50.5,       50.5,      2.525   ,   0.444212
          1,   35,        804,        926,       50.5,       50.5,      2.525   , -0.0592476
          1,   36,         87,        479,       50.5,       50.5,      2.525   ,  -0.797651
          1,   37,        571,        355,       50.5,       50.5,      2.525   ,   0.973821
          1,   38,        531,        491,       50.5,       50.5,      2.525   ,    1.21661
          1,   39,         78,        223,       50.5,       50.5,      2.525   ,  -0.435609
          1,   40,         40,        659,       50.5,       50.5,      2.525   ,   0.484473
          1,   41,        778,        676,       50.5,       50.5,      2.525   ,  -0.194667
          1,   42,        248,         23,       50.5,       50.5,      2.525   ,   -1.21965
          1,   43,        566,        531,       50.5,       50.5,      2.525   ,    1.08849
          1,   44,        298,        459,       50.5,       50.5,      2.525   ,   0.237937
          1,   45,        298,        707,       50.5,       50.5,      2.525   ,   -1.12781
          1,   46,        759,        928,       50.5,       50.5,      2.525   ,  -0.692744
          1,   47,        610,        335,       50.5,       50.5,      2.525   ,   -0.21606
          1,   48,        792,        595,       50.5,       50.5,      2.525   ,  -0.906496
          1,   49,        499,        851,       50.5,       50.5,      2.525   ,    1.52768
          1,   50,        623,        491,       50.5,       50.5,      2.525   ,   -1.27729
          1,   51,         48,        153,       50.5,       50.5,      2.525   ,   -1.31608
          1,   52,        438,         32,       50.5,       50.5,      2.525   ,  -0.162203
          1,   53,        105,        846,       50.5,       50.5,      2.525   ,   -1.40124
------------------------------------------------------------------------------
Component[1] Total Ellipsoids = 53