Component 2 maximum area=0.323322 [on 1000x1000]
Component type: Sloped rectangle
---------------------------------------------------------------------------------------
--------------|------- Center-----|----- dimensions---------|----------------------
component| id|    X       |     Y      |  Width/a     | height/b |   hoop   |   Slope   
---------------------------------------------------------------------------------------
          2,    1,        940,        239,       10.1,        101,       5.05   , -0.0646011
          2,    2,        482,        697,       10.1,        101,       5.05   ,  -0.258744
          2,    3,        101,        598,       10.1,        101,       5.05   ,  -0.255236
          2,    4,        174,        755,       10.1,        101,       5.05   ,    1.12603
          2,    5,        249,        750,       10.1,        101,       5.05   ,   0.965253
          2,    6,        376,        497,       10.1,        101,       5.05   ,  -0.712612
          2,    7,        105,        810,       10.1,        101,       5.05   ,   0.366445
          2,    8,        383,        714,       10.1,        101,       5.05   ,   0.633575
          2,    9,        785,        288,       10.1,        101,       5.05   ,    -1.5452
          2,   10,        211,        956,       10.1,        101,       5.05   ,    1.03248
          2,   11,        901,        388,       10.1,        101,       5.05   ,   0.188819
          2,   12,        960,        291,       10.1,        101,       5.05   ,    1.42267
          2,   13,        439,        642,       10.1,        101,       5.05   ,   -1.33762
          2,   14,        157,        173,       10.1,        101,       5.05   ,  -0.747323
          2,   15,        252,        282,       10.1,        101,       5.05   ,  -0.767174
          2,   16,        634,        892,       10.1,        101,       5.05   ,    1.26758
          2,   17,        324,         14,       10.1,        101,       5.05   ,  -0.140978
          2,   18,        760,        970,       10.1,        101,       5.05   ,    1.24056
          2,   19,        662,        690,       10.1,        101,       5.05   ,  -0.897039
          2,   20,        852,        286,       10.1,        101,       5.05   ,  -0.104046
          2,   21,        719,        730,       10.1,        101,       5.05   ,   -0.14196
          2,   22,        165,        929,       10.1,        101,       5.05   ,   0.666809
          2,   23,        942,        751,       10.1,        101,       5.05   ,  -0.529603
          2,   24,        267,        201,       10.1,        101,       5.05   ,   -0.25153
          2,   25,        592,        433,       10.1,        101,       5.05   ,  -0.812349
          2,   26,        169,        300,       10.1,        101,       5.05   ,  -0.780074
          2,   27,        259,        715,       10.1,        101,       5.05   ,   -1.47063
          2,   28,        446,        597,       10.1,        101,       5.05   ,  -0.650301
          2,   29,        347,        607,       10.1,        101,       5.05   ,    1.26127
          2,   30,        991,         25,       10.1,        101,       5.05   ,    1.50841
          2,   31,        126,        841,       10.1,        101,       5.05   ,  -0.106605
          2,   32,        391,        822,       10.1,        101,       5.05   ,   0.379042
          2,   33,        556,        395,       10.1,        101,       5.05   ,    0.30701
          2,   34,        752,        551,       10.1,        101,       5.05   ,   0.155757
          2,   35,        694,        975,       10.1,        101,       5.05   ,   -1.27588
          2,   36,        743,        925,       10.1,        101,       5.05   ,    -1.5267
          2,   37,        535,        451,       10.1,        101,       5.05   ,  -0.468623
          2,   38,         79,        585,       10.1,        101,       5.05   ,  -0.796352
          2,   39,        897,        397,       10.1,        101,       5.05   ,   -1.36651
          2,   40,        985,        207,       10.1,        101,       5.05   ,    1.01714
          2,   41,         45,         49,       10.1,        101,       5.05   ,    1.24212
          2,   42,        552,         80,       10.1,        101,       5.05   ,  -0.389585
          2,   43,        863,        753,       10.1,        101,       5.05   ,    1.22833
          2,   44,        596,        831,       10.1,        101,       5.05   ,  -0.408235
          2,   45,        422,        634,       10.1,        101,       5.05   ,   0.293692
          2,   46,        760,        165,       10.1,        101,       5.05   ,  -0.200851
          2,   47,         20,         71,       10.1,        101,       5.05   ,   -0.51816
          2,   48,        411,        385,       10.1,        101,       5.05   ,   -0.19879
          2,   49,        407,        720,       10.1,        101,       5.05   ,   0.747287
          2,   50,        925,        348,       10.1,        101,       5.05   ,    1.48749
          2,   51,         16,        903,       10.1,        101,       5.05   ,   -1.49132
          2,   52,        536,        203,       10.1,        101,       5.05   ,  -0.882831
          2,   53,        450,        813,       10.1,        101,       5.05   ,   0.110596
          2,   54,        251,        166,       10.1,        101,       5.05   ,   0.685612
          2,   55,        107,        365,       10.1,        101,       5.05   ,     -1.449
          2,   56,        300,          3,       10.1,        101,       5.05   ,  0.0759792
          2,   57,        751,        427,       10.1,        101,       5.05   ,  -0.659814
          2,   58,        103,        773,       10.1,        101,       5.05   ,   0.877377
          2,   59,        510,        787,       10.1,        101,       5.05   ,    1.25264
          2,   60,         32,        338,       10.1,        101,       5.05   ,    0.64789
          2,   61,        814,        939,       10.1,        101,       5.05   ,   -1.17265
          2,   62,        255,        372,       10.1,        101,       5.05   ,  -0.208152
          2,   63,        597,        101,       10.1,        101,       5.05   ,  -0.972044
          2,   64,        902,         91,       10.1,        101,       5.05   ,    1.13017
          2,   65,        640,        619,       10.1,        101,       5.05   ,  0.0145404
          2,   66,        751,        749,       10.1,        101,       5.05   ,   0.795698
          2,   67,        259,        632,       10.1,        101,       5.05   ,   0.149458
          2,   68,        388,        126,       10.1,        101,       5.05   ,   -1.12001
          2,   69,        698,        833,       10.1,        101,       5.05   ,  -0.222158
          2,   70,        351,        380,       10.1,        101,       5.05   ,    1.45496
          2,   71,        697,        582,       10.1,        101,       5.05   ,   0.185776
          2,   72,        832,        717,       10.1,        101,       5.05   ,   -1.27943
          2,   73,        196,        566,       10.1,        101,       5.05   ,   -1.20517
          2,   74,        529,        280,       10.1,        101,       5.05   ,    1.08158
          2,   75,        612,        761,       10.1,        101,       5.05   ,  -0.129158
          2,   76,         41,        173,       10.1,        101,       5.05   ,   0.357867
          2,   77,        512,        618,       10.1,        101,       5.05   ,  -0.183294
          2,   78,        638,        860,       10.1,        101,       5.05   ,  -0.107785
          2,   79,        582,        278,       10.1,        101,       5.05   ,   0.165257
          2,   80,        241,        586,       10.1,        101,       5.05   ,  -0.360237
          2,   81,         90,        479,       10.1,        101,       5.05   ,   -1.55393
          2,   82,        974,        447,       10.1,        101,       5.05   ,   -0.11533
          2,   83,        272,        607,       10.1,        101,       5.05   ,  -0.419729
          2,   84,        326,          5,       10.1,        101,       5.05   ,   0.781244
          2,   85,        508,        820,       10.1,        101,       5.05   ,   0.105389
          2,   86,        553,        900,       10.1,        101,       5.05   ,  -0.886747
          2,   87,        502,        270,       10.1,        101,       5.05   ,  -0.394385
          2,   88,         36,        621,       10.1,        101,       5.05   ,  -0.640905
          2,   89,        687,        439,       10.1,        101,       5.05   ,    0.68259
          2,   90,        454,        980,       10.1,        101,       5.05   ,   0.158743
          2,   91,        662,        353,       10.1,        101,       5.05   ,  -0.743671
          2,   92,        285,        368,       10.1,        101,       5.05   ,    1.31209
          2,   93,        506,        869,       10.1,        101,       5.05   ,    1.48204
          2,   94,        206,        392,       10.1,        101,       5.05   ,   -0.36492
          2,   95,         22,        696,       10.1,        101,       5.05   ,    0.62734
          2,   96,        224,        869,       10.1,        101,       5.05   ,   0.531133
          2,   97,        893,        152,       10.1,        101,       5.05   ,   -1.05022
          2,   98,        593,        953,       10.1,        101,       5.05   ,    1.13766
          2,   99,        119,        901,       10.1,        101,       5.05   ,  -0.503157
          2,  100,        738,        919,       10.1,        101,       5.05   ,   0.298983
          2,  101,        317,         76,       10.1,        101,       5.05   ,  -0.568611
          2,  102,        366,        967,       10.1,        101,       5.05   ,   -1.53187
          2,  103,        847,        699,       10.1,        101,       5.05   ,   -1.48193
          2,  104,        891,        169,       10.1,        101,       5.05   ,    -1.3297
          2,  105,        723,        832,       10.1,        101,       5.05   ,   0.424601
          2,  106,        179,        612,       10.1,        101,       5.05   ,   -1.32668
          2,  107,        476,        396,       10.1,        101,       5.05   ,  -0.673972
          2,  108,        806,         99,       10.1,        101,       5.05   ,   -1.53317
          2,  109,        111,        948,       10.1,        101,       5.05   ,   0.591857
          2,  110,        515,        305,       10.1,        101,       5.05   ,  -0.125832
          2,  111,        968,        818,       10.1,        101,       5.05   ,    0.97365
          2,  112,         81,        819,       10.1,        101,       5.05   ,    0.89664
          2,  113,         36,        455,       10.1,        101,       5.05   ,  -0.374348
          2,  114,         53,        234,       10.1,        101,       5.05   ,    -1.0795
          2,  115,        446,        290,       10.1,        101,       5.05   ,    1.36609
          2,  116,        152,        553,       10.1,        101,       5.05   ,   0.135416
          2,  117,        225,        864,       10.1,        101,       5.05   ,  -0.329522
          2,  118,        606,        934,       10.1,        101,       5.05   ,  -0.191384
          2,  119,        677,         19,       10.1,        101,       5.05   ,  -0.154722
          2,  120,        104,        382,       10.1,        101,       5.05   ,     0.7771
          2,  121,        321,        772,       10.1,        101,       5.05   ,  0.0232407
          2,  122,        217,        751,       10.1,        101,       5.05   ,   -1.13384
          2,  123,        919,        569,       10.1,        101,       5.05   ,    1.40812
          2,  124,        341,        451,       10.1,        101,       5.05   ,  -0.590898
          2,  125,        711,        776,       10.1,        101,       5.05   ,   -1.13152
          2,  126,        533,        691,       10.1,        101,       5.05   ,  -0.869115
          2,  127,         69,        830,       10.1,        101,       5.05   ,  -0.382069
          2,  128,        888,        518,       10.1,        101,       5.05   ,   -1.13009
          2,  129,        870,        206,       10.1,        101,       5.05   ,   0.839761
          2,  130,        145,        786,       10.1,        101,       5.05   , -0.0440594
          2,  131,        749,        633,       10.1,        101,       5.05   ,   0.808869
          2,  132,        717,        835,       10.1,        101,       5.05   ,   0.133943
          2,  133,        102,        620,       10.1,        101,       5.05   ,   -1.14959
          2,  134,        400,        312,       10.1,        101,       5.05   ,   -1.13934
          2,  135,         60,        566,       10.1,        101,       5.05   ,   0.868829
          2,  136,        239,        733,       10.1,        101,       5.05   ,    -1.3189
          2,  137,         43,        320,       10.1,        101,       5.05   ,   0.752683
          2,  138,        918,        886,       10.1,        101,       5.05   ,   0.603071
          2,  139,        868,        246,       10.1,        101,       5.05   ,   0.926385
          2,  140,        261,        447,       10.1,        101,       5.05   ,  -0.579805
          2,  141,        173,        205,       10.1,        101,       5.05   ,    1.00713
          2,  142,        444,        969,       10.1,        101,       5.05   ,   0.152923
          2,  143,        561,        365,       10.1,        101,       5.05   ,   0.891234
          2,  144,        791,        845,       10.1,        101,       5.05   ,  -0.823631
          2,  145,        157,        817,       10.1,        101,       5.05   ,    1.18327
          2,  146,        224,        533,       10.1,        101,       5.05   ,    1.56069
          2,  147,        708,         36,       10.1,        101,       5.05   ,   0.496485
          2,  148,        458,        987,       10.1,        101,       5.05   ,  -0.874562
          2,  149,         32,         69,       10.1,        101,       5.05   ,   0.212129
          2,  150,        250,        480,       10.1,        101,       5.05   ,   0.280486
          2,  151,        242,        410,       10.1,        101,       5.05   ,   0.505323
          2,  152,        760,        709,       10.1,        101,       5.05   ,   -1.19545
          2,  153,        710,         49,       10.1,        101,       5.05   ,    1.13194
          2,  154,        333,        120,       10.1,        101,       5.05   ,   0.655679
          2,  155,        271,        961,       10.1,        101,       5.05   ,   0.729976
          2,  156,         68,        551,       10.1,        101,       5.05   ,   -1.09963
          2,  157,        378,        659,       10.1,        101,       5.05   ,  -0.395439
          2,  158,        863,        642,       10.1,        101,       5.05   ,  -0.299605
          2,  159,        940,        827,       10.1,        101,       5.05   ,   0.886232
          2,  160,        282,         44,       10.1,        101,       5.05   ,  -0.589087
          2,  161,        416,        497,       10.1,        101,       5.05   ,   0.337597
          2,  162,        938,        249,       10.1,        101,       5.05   ,   -1.54719
          2,  163,        270,        771,       10.1,        101,       5.05   ,   -1.29958
          2,  164,        950,        822,       10.1,        101,       5.05   ,  -0.962222
          2,  165,        443,        926,       10.1,        101,       5.05   ,    1.46431
          2,  166,         65,        474,       10.1,        101,       5.05   ,    0.92787
          2,  167,         42,        585,       10.1,        101,       5.05   ,    1.47606
          2,  168,         62,        892,       10.1,        101,       5.05   ,    1.14512
          2,  169,        969,        955,       10.1,        101,       5.05   ,   0.353157
          2,  170,        952,        517,       10.1,        101,       5.05   ,   0.980649
          2,  171,        629,        133,       10.1,        101,       5.05   ,   0.423558
          2,  172,        990,        313,       10.1,        101,       5.05   ,   -1.36315
          2,  173,         16,        803,       10.1,        101,       5.05   ,   0.956861
          2,  174,        279,        692,       10.1,        101,       5.05   ,  -0.123833
          2,  175,        310,        792,       10.1,        101,       5.05   , -0.0193596
          2,  176,          2,        916,       10.1,        101,       5.05   ,  -0.927086
          2,  177,        356,        656,       10.1,        101,       5.05   ,    1.46488
          2,  178,        163,        745,       10.1,        101,       5.05   , -0.0148308
          2,  179,        582,        239,       10.1,        101,       5.05   ,   -1.38483
          2,  180,        915,        121,       10.1,        101,       5.05   ,    1.20855
          2,  181,        135,         24,       10.1,        101,       5.05   ,   -1.08753
          2,  182,        973,        389,       10.1,        101,       5.05   ,  -0.555344
          2,  183,        782,        765,       10.1,        101,       5.05   ,    1.48294
          2,  184,        553,         14,       10.1,        101,       5.05   ,  -0.778134
          2,  185,        339,        388,       10.1,        101,       5.05   ,   -1.52163
          2,  186,        224,        280,       10.1,        101,       5.05   ,  -0.784509
          2,  187,        246,        498,       10.1,        101,       5.05   ,   0.711621
          2,  188,        964,        101,       10.1,        101,       5.05   ,   -1.08693
          2,  189,        551,        256,       10.1,        101,       5.05   ,    1.31485
          2,  190,        364,        434,       10.1,        101,       5.05   ,   0.536056
          2,  191,        397,        394,       10.1,        101,       5.05   ,  -0.980194
          2,  192,        414,        725,       10.1,        101,       5.05   ,   0.288289
          2,  193,        498,        890,       10.1,        101,       5.05   ,  -0.109564
          2,  194,        817,        587,       10.1,        101,       5.05   ,   0.821951
          2,  195,        780,        929,       10.1,        101,       5.05   ,   0.845576
          2,  196,        349,        123,       10.1,        101,       5.05   ,   0.991103
          2,  197,        902,        850,       10.1,        101,       5.05   ,      1.526
          2,  198,        440,        405,       10.1,        101,       5.05   ,  -0.439453
          2,  199,        131,        509,       10.1,        101,       5.05   ,   0.879375
          2,  200,        320,        530,       10.1,        101,       5.05   ,   0.264752
          2,  201,        261,        318,       10.1,        101,       5.05   ,    1.55416
          2,  202,        508,        935,       10.1,        101,       5.05   ,  0.0461426
          2,  203,        145,        785,       10.1,        101,       5.05   ,   -1.18767
          2,  204,        493,        787,       10.1,        101,       5.05   ,   -1.55565
          2,  205,        403,        888,       10.1,        101,       5.05   ,  -0.999553
          2,  206,        454,        629,       10.1,        101,       5.05   ,    1.50182
          2,  207,        761,        806,       10.1,        101,       5.05   ,   -1.30746
          2,  208,        813,        626,       10.1,        101,       5.05   ,   0.881939
          2,  209,        713,        508,       10.1,        101,       5.05   ,  -0.359684
          2,  210,        240,        339,       10.1,        101,       5.05   ,  -0.609805
          2,  211,        134,        202,       10.1,        101,       5.05   ,    1.29856
          2,  212,        165,        975,       10.1,        101,       5.05   ,   0.703555
          2,  213,        106,        348,       10.1,        101,       5.05   ,    1.17611
          2,  214,        619,        668,       10.1,        101,       5.05   ,    1.25236
          2,  215,        462,        787,       10.1,        101,       5.05   ,   0.690768
          2,  216,        758,        460,       10.1,        101,       5.05   ,   -1.15198
          2,  217,        625,         22,       10.1,        101,       5.05   ,   -1.28875
          2,  218,        124,        763,       10.1,        101,       5.05   ,   0.863188
          2,  219,        147,        728,       10.1,        101,       5.05   ,     1.2599
          2,  220,        768,        250,       10.1,        101,       5.05   ,    1.07769
          2,  221,         71,        331,       10.1,        101,       5.05   ,  -0.979289
          2,  222,        172,        394,       10.1,        101,       5.05   ,    -1.5505
          2,  223,        968,        519,       10.1,        101,       5.05   ,  -0.908704
          2,  224,        298,        795,       10.1,        101,       5.05   ,   0.517454
          2,  225,        419,        770,       10.1,        101,       5.05   ,   0.838193
          2,  226,         58,        927,       10.1,        101,       5.05   ,  -0.930104
          2,  227,        939,        160,       10.1,        101,       5.05   ,   0.770469
          2,  228,        208,         76,       10.1,        101,       5.05   ,   -1.10927
          2,  229,        532,         25,       10.1,        101,       5.05   , -0.0496145
          2,  230,        129,        676,       10.1,        101,       5.05   ,  -0.232279
          2,  231,        798,        862,       10.1,        101,       5.05   ,    1.32337
          2,  232,        150,         88,       10.1,        101,       5.05   ,    1.44568
          2,  233,        161,        543,       10.1,        101,       5.05   ,    1.43439
          2,  234,        152,        185,       10.1,        101,       5.05   ,   -1.03001
          2,  235,        239,        209,       10.1,        101,       5.05   ,   0.407586
          2,  236,        184,        306,       10.1,        101,       5.05   ,  -0.164725
          2,  237,        953,        984,       10.1,        101,       5.05   ,    1.02522
          2,  238,         66,        809,       10.1,        101,       5.05   ,    -1.1501
          2,  239,        457,        642,       10.1,        101,       5.05   ,    1.30339
          2,  240,         56,        695,       10.1,        101,       5.05   ,   0.541164
          2,  241,        960,        314,       10.1,        101,       5.05   ,   -1.56228
          2,  242,        152,        264,       10.1,        101,       5.05   ,  0.0620397
          2,  243,        810,        249,       10.1,        101,       5.05   ,  0.0471477
          2,  244,        189,        183,       10.1,        101,       5.05   ,  -0.433256
          2,  245,        224,        359,       10.1,        101,       5.05   ,   -1.45836
          2,  246,        448,        643,       10.1,        101,       5.05   , -0.0281696
          2,  247,        987,        364,       10.1,        101,       5.05   ,   0.396696
          2,  248,        761,        940,       10.1,        101,       5.05   ,   -1.02449
          2,  249,        885,        847,       10.1,        101,       5.05   ,    1.53378
          2,  250,        931,        930,       10.1,        101,       5.05   ,  0.0876048
          2,  251,        961,        840,       10.1,        101,       5.05   ,    -1.1866
          2,  252,        562,        921,       10.1,        101,       5.05   ,  -0.421862
          2,  253,        604,        403,       10.1,        101,       5.05   ,  -0.522501
          2,  254,        157,        469,       10.1,        101,       5.05   ,  -0.087151
          2,  255,         18,        331,       10.1,        101,       5.05   ,   -1.41355
          2,  256,        184,        361,       10.1,        101,       5.05   ,     1.0939
          2,  257,        901,        702,       10.1,        101,       5.05   ,   0.910532
          2,  258,        841,        628,       10.1,        101,       5.05   ,   -1.42196
          2,  259,        953,        991,       10.1,        101,       5.05   ,  0.0571133
          2,  260,        116,        855,       10.1,        101,       5.05   ,   0.284459
          2,  261,        800,        277,       10.1,        101,       5.05   ,   0.149476
          2,  262,        914,        218,       10.1,        101,       5.05   ,    1.14127
          2,  263,        258,         60,       10.1,        101,       5.05   ,  -0.764066
          2,  264,        932,        409,       10.1,        101,       5.05   ,  -0.666614
          2,  265,        594,        268,       10.1,        101,       5.05   ,  -0.839276
          2,  266,        577,        292,       10.1,        101,       5.05   ,   0.912874
          2,  267,        714,        740,       10.1,        101,       5.05   ,  -0.148725
          2,  268,        319,        104,       10.1,        101,       5.05   ,   0.816176
          2,  269,        674,        841,       10.1,        101,       5.05   ,    1.01643
          2,  270,        703,        260,       10.1,        101,       5.05   ,  -0.462448
          2,  271,        881,        888,       10.1,        101,       5.05   ,   -1.33048
          2,  272,        568,        554,       10.1,        101,       5.05   ,   -1.03146
          2,  273,        408,        600,       10.1,        101,       5.05   ,   0.534428
          2,  274,        733,        519,       10.1,        101,       5.05   ,   0.581755
          2,  275,        816,         40,       10.1,        101,       5.05   ,   0.305772
          2,  276,        494,        379,       10.1,        101,       5.05   ,   0.558692
          2,  277,        878,        180,       10.1,        101,       5.05   ,  -0.740735
          2,  278,        188,        769,       10.1,        101,       5.05   ,   0.647625
          2,  279,        112,        776,       10.1,        101,       5.05   ,   0.186958
          2,  280,        201,        489,       10.1,        101,       5.05   ,   -1.01505
          2,  281,        449,        480,       10.1,        101,       5.05   ,  -0.913173
          2,  282,        730,        801,       10.1,        101,       5.05   ,   0.085104
          2,  283,        423,        619,       10.1,        101,       5.05   ,   0.537317
          2,  284,        751,        743,       10.1,        101,       5.05   ,    1.21708
          2,  285,        226,        686,       10.1,        101,       5.05   ,    0.70915
          2,  286,        549,        351,       10.1,        101,       5.05   , -0.0906842
          2,  287,        740,        587,       10.1,        101,       5.05   ,   -1.56691
          2,  288,        266,        478,       10.1,        101,       5.05   ,   0.592515
          2,  289,        151,        486,       10.1,        101,       5.05   ,   0.498477
          2,  290,        662,         11,       10.1,        101,       5.05   ,  -0.696657
          2,  291,        859,         23,       10.1,        101,       5.05   ,  -0.934338
          2,  292,        974,        601,       10.1,        101,       5.05   ,    1.45528
          2,  293,        642,        845,       10.1,        101,       5.05   ,   0.287868
          2,  294,        375,        872,       10.1,        101,       5.05   ,    1.02973
          2,  295,         23,        357,       10.1,        101,       5.05   ,     1.1157
          2,  296,        441,        583,       10.1,        101,       5.05   ,   -1.47574
          2,  297,        947,        344,       10.1,        101,       5.05   ,  -0.220712
          2,  298,         18,        416,       10.1,        101,       5.05   ,  -0.317802
          2,  299,         79,        598,       10.1,        101,       5.05   ,   0.852999
          2,  300,         87,         78,       10.1,        101,       5.05   ,   -1.08845
          2,  301,        647,         80,       10.1,        101,       5.05   ,   0.383631
          2,  302,        966,        653,       10.1,        101,       5.05   ,   0.497419
          2,  303,        163,        958,       10.1,        101,       5.05   ,   0.379282
          2,  304,         45,        317,       10.1,        101,       5.05   ,   0.611465
          2,  305,        886,        737,       10.1,        101,       5.05   ,     1.1684
          2,  306,        245,        583,       10.1,        101,       5.05   ,    0.92656
          2,  307,        916,        968,       10.1,        101,       5.05   ,    1.55562
          2,  308,        314,        373,       10.1,        101,       5.05   , -0.0940413
          2,  309,        124,        616,       10.1,        101,       5.05   ,  -0.806259
          2,  310,        594,        765,       10.1,        101,       5.05   ,   0.185351
          2,  311,        232,        274,       10.1,        101,       5.05   ,   -1.15395
          2,  312,        841,        998,       10.1,        101,       5.05   ,   -1.03237
          2,  313,        846,         12,       10.1,        101,       5.05   ,  -0.311741
          2,  314,         63,        160,       10.1,        101,       5.05   ,  -0.369342
          2,  315,        575,        593,       10.1,        101,       5.05   ,   -1.56426
          2,  316,        703,        483,       10.1,        101,       5.05   ,   0.327118
          2,  317,        570,        502,       10.1,        101,       5.05   ,    1.02155
          2,  318,        256,        821,       10.1,        101,       5.05   ,  0.0313926
          2,  319,        597,        745,       10.1,        101,       5.05   ,     0.7813
          2,  320,        386,        551,       10.1,        101,       5.05   ,   -0.23355
          2,  321,        321,        405,       10.1,        101,       5.05   ,   -1.32656
          2,  322,        869,        753,       10.1,        101,       5.05   ,    1.49478
          2,  323,        644,        288,       10.1,        101,       5.05   ,  -0.546485
          2,  324,        186,        335,       10.1,        101,       5.05   ,  -0.850975
          2,  325,        685,        754,       10.1,        101,       5.05   ,   0.266329
          2,  326,        519,        218,       10.1,        101,       5.05   ,   -1.15553
          2,  327,        258,        546,       10.1,        101,       5.05   ,  -0.551967
          2,  328,        751,         54,       10.1,        101,       5.05   ,    -0.6592
          2,  329,        325,        345,       10.1,        101,       5.05   ,   0.291966
          2,  330,        283,        129,       10.1,        101,       5.05   ,   0.820332
          2,  331,        169,        379,       10.1,        101,       5.05   ,   0.915826
          2,  332,        897,         95,       10.1,        101,       5.05   ,    -1.2486
          2,  333,        198,        759,       10.1,        101,       5.05   ,    1.25768
          2,  334,         73,        657,       10.1,        101,       5.05   ,  -0.394733
          2,  335,        174,        597,       10.1,        101,       5.05   ,   -1.06219
          2,  336,        345,        599,       10.1,        101,       5.05   ,  0.0809977
          2,  337,        436,        145,       10.1,        101,       5.05   ,    -1.0117
          2,  338,        482,        382,       10.1,        101,       5.05   ,    1.35906
          2,  339,         99,        464,       10.1,        101,       5.05   ,   0.719404
          2,  340,        932,        171,       10.1,        101,       5.05   ,      1.294
          2,  341,        146,        101,       10.1,        101,       5.05   ,    1.26346
          2,  342,         67,        779,       10.1,        101,       5.05   ,   0.179527
          2,  343,        581,        350,       10.1,        101,       5.05   ,  -0.451088
          2,  344,        658,        390,       10.1,        101,       5.05   ,   -1.34026
          2,  345,        975,        848,       10.1,        101,       5.05   ,   0.564878
          2,  346,        343,         32,       10.1,        101,       5.05   ,  -0.839855
          2,  347,        998,        998,       10.1,        101,       5.05   ,   0.131593
          2,  348,        297,        927,       10.1,        101,       5.05   ,  -0.101208
          2,  349,        248,        891,       10.1,        101,       5.05   ,  -0.448975
          2,  350,        538,        537,       10.1,        101,       5.05   ,   -1.01542
          2,  351,        751,        879,       10.1,        101,       5.05   ,   0.984605
          2,  352,        551,        120,       10.1,        101,       5.05   ,  -0.936447
          2,  353,        263,        604,       10.1,        101,       5.05   ,   -0.55144
          2,  354,        421,        599,       10.1,        101,       5.05   ,   -1.25569
          2,  355,        563,        248,       10.1,        101,       5.05   ,    1.18919
          2,  356,        944,        742,       10.1,        101,       5.05   ,  -0.210809
          2,  357,        427,        886,       10.1,        101,       5.05   ,   0.951654
          2,  358,        495,        392,       10.1,        101,       5.05   ,   0.769564
          2,  359,        935,        938,       10.1,        101,       5.05   ,   0.173031
          2,  360,        397,        239,       10.1,        101,       5.05   ,   0.955499
          2,  361,        922,        369,       10.1,        101,       5.05   ,   0.834905
          2,  362,        128,        155,       10.1,        101,       5.05   ,   0.723893
          2,  363,        292,        775,       10.1,        101,       5.05   ,   -1.01655
          2,  364,        958,        579,       10.1,        101,       5.05   ,  0.0517594
          2,  365,        301,        586,       10.1,        101,       5.05   ,   -1.07574
          2,  366,        245,        250,       10.1,        101,       5.05   ,   -1.21673
          2,  367,        521,         39,       10.1,        101,       5.05   ,    1.24187
          2,  368,        275,        190,       10.1,        101,       5.05   ,  -0.591033
          2,  369,        641,        593,       10.1,        101,       5.05   ,  -0.540629
          2,  370,        300,        685,       10.1,        101,       5.05   ,  -0.210659
          2,  371,        529,        472,       10.1,        101,       5.05   ,   0.806037
          2,  372,        205,        859,       10.1,        101,       5.05   ,   -1.15653
          2,  373,        604,        948,       10.1,        101,       5.05   ,    1.06253
          2,  374,        127,        705,       10.1,        101,       5.05   ,     1.1002
          2,  375,        791,        699,       10.1,        101,       5.05   ,   -1.41154
          2,  376,        820,        870,       10.1,        101,       5.05   ,   -1.35575
          2,  377,        665,        350,       10.1,        101,       5.05   ,    -1.4109
          2,  378,        450,        296,       10.1,        101,       5.05   ,  -0.877262
          2,  379,        296,        580,       10.1,        101,       5.05   ,  -0.229254
          2,  380,        985,        487,       10.1,        101,       5.05   ,   0.460429
          2,  381,         63,        648,       10.1,        101,       5.05   ,  -0.498356
          2,  382,         33,        138,       10.1,        101,       5.05   ,   -1.21221
          2,  383,        991,        369,       10.1,        101,       5.05   ,  -0.308954
          2,  384,          1,        482,       10.1,        101,       5.05   ,   0.820025
          2,  385,        237,        446,       10.1,        101,       5.05   ,  -0.565696
          2,  386,        108,        795,       10.1,        101,       5.05   ,    1.19946
          2,  387,         22,         16,       10.1,        101,       5.05   ,    1.15861
          2,  388,         49,        843,       10.1,        101,       5.05   ,   -1.06881
          2,  389,        414,        600,       10.1,        101,       5.05   ,   0.639012
          2,  390,        184,        167,       10.1,        101,       5.05   ,    1.40297
          2,  391,        997,        814,       10.1,        101,       5.05   ,  -0.779451
          2,  392,        846,         43,       10.1,        101,       5.05   ,   0.500869
          2,  393,        714,        666,       10.1,        101,       5.05   ,   0.225959
          2,  394,        533,        523,       10.1,        101,       5.05   ,    1.04461
          2,  395,         18,        425,       10.1,        101,       5.05   ,   -1.16717
          2,  396,        861,        714,       10.1,        101,       5.05   ,   -1.32277
          2,  397,        138,        366,       10.1,        101,       5.05   ,   -1.34712
          2,  398,        955,        705,       10.1,        101,       5.05   ,  -0.569952
          2,  399,        566,        123,       10.1,        101,       5.05   ,  -0.763841
          2,  400,        463,        268,       10.1,        101,       5.05   ,    1.23275
          2,  401,        489,         75,       10.1,        101,       5.05   ,   0.667013
          2,  402,        154,        847,       10.1,        101,       5.05   ,   -1.14403
          2,  403,        419,         95,       10.1,        101,       5.05   ,   -1.33825
          2,  404,        776,        432,       10.1,        101,       5.05   ,    1.04293
          2,  405,        160,        773,       10.1,        101,       5.05   ,   -1.25509
          2,  406,        952,        783,       10.1,        101,       5.05   ,  -0.761793
          2,  407,         73,        584,       10.1,        101,       5.05   ,   -1.45637
          2,  408,        204,        964,       10.1,        101,       5.05   ,    0.70708
          2,  409,        817,        518,       10.1,        101,       5.05   ,  -0.703001
          2,  410,        486,        291,       10.1,        101,       5.05   ,     1.3357
          2,  411,        212,        754,       10.1,        101,       5.05   ,   0.529975
          2,  412,        408,        828,       10.1,        101,       5.05   ,   -1.16473
          2,  413,        665,        331,       10.1,        101,       5.05   ,    1.23562
          2,  414,        197,        827,       10.1,        101,       5.05   ,   0.645817
          2,  415,        549,        476,       10.1,        101,       5.05   ,  -0.463391
          2,  416,        287,        823,       10.1,        101,       5.05   ,   -1.48219
          2,  417,        525,         51,       10.1,        101,       5.05   ,   0.158877
          2,  418,        145,        915,       10.1,        101,       5.05   ,   0.408428
          2,  419,        686,        804,       10.1,        101,       5.05   ,  -0.462046
          2,  420,        329,        381,       10.1,        101,       5.05   ,     1.3762
          2,  421,        943,        475,       10.1,        101,       5.05   ,   -1.01906
          2,  422,        605,        801,       10.1,        101,       5.05   ,    -1.1079
          2,  423,        308,        323,       10.1,        101,       5.05   ,   0.106185
          2,  424,         59,        483,       10.1,        101,       5.05   ,   0.786345
          2,  425,        356,        590,       10.1,        101,       5.05   ,   -1.41104
          2,  426,        690,        279,       10.1,        101,       5.05   ,    1.24672
          2,  427,        119,        855,       10.1,        101,       5.05   ,-0.00767101
          2,  428,        680,        208,       10.1,        101,       5.05   ,  -0.507835
          2,  429,        359,        830,       10.1,        101,       5.05   ,    1.49284
          2,  430,        289,        395,       10.1,        101,       5.05   ,   0.639624
          2,  431,        886,        539,       10.1,        101,       5.05   ,    1.06818
          2,  432,        894,        372,       10.1,        101,       5.05   ,   0.158022
          2,  433,        264,        662,       10.1,        101,       5.05   ,  -0.428643
          2,  434,        688,        872,       10.1,        101,       5.05   ,    1.48429
          2,  435,        905,        978,       10.1,        101,       5.05   ,  -0.648543
          2,  436,        691,        611,       10.1,        101,       5.05   ,     1.0229
          2,  437,        496,        947,       10.1,        101,       5.05   ,  -0.960916
          2,  438,        184,        736,       10.1,        101,       5.05   ,   0.864104
          2,  439,        307,        291,       10.1,        101,       5.05   ,   0.990839
          2,  440,        154,        990,       10.1,        101,       5.05   , -0.0851378
          2,  441,        635,         81,       10.1,        101,       5.05   ,    1.49226
          2,  442,        981,        675,       10.1,        101,       5.05   ,  -0.121853
          2,  443,        568,        570,       10.1,        101,       5.05   ,    1.20212
          2,  444,        269,        332,       10.1,        101,       5.05   ,  0.0744944
          2,  445,        604,        407,       10.1,        101,       5.05   , 0.00239589
          2,  446,        667,        810,       10.1,        101,       5.05   ,    1.46029
          2,  447,        252,        719,       10.1,        101,       5.05   ,   0.232794
          2,  448,        894,        895,       10.1,        101,       5.05   ,  -0.640873
          2,  449,        729,        620,       10.1,        101,       5.05   ,  -0.865326
          2,  450,        938,        723,       10.1,        101,       5.05   , -0.0707427
          2,  451,        356,        561,       10.1,        101,       5.05   ,  -0.223243
          2,  452,         43,        102,       10.1,        101,       5.05   ,    1.41356
          2,  453,        127,        447,       10.1,        101,       5.05   ,  -0.807202
          2,  454,        479,        152,       10.1,        101,       5.05   ,    1.03681
          2,  455,        603,        988,       10.1,        101,       5.05   ,  -0.970614
          2,  456,        107,        557,       10.1,        101,       5.05   ,    1.22212
          2,  457,        971,        137,       10.1,        101,       5.05   ,    1.50708
          2,  458,        151,        225,       10.1,        101,       5.05   ,  -0.105371
          2,  459,        888,        614,       10.1,        101,       5.05   ,    1.22868
          2,  460,        305,        320,       10.1,        101,       5.05   ,  -0.905453
          2,  461,        198,        477,       10.1,        101,       5.05   ,     1.1688
          2,  462,          8,        579,       10.1,        101,       5.05   ,    1.35148
          2,  463,        109,         68,       10.1,        101,       5.05   ,  -0.754058
          2,  464,        306,         22,       10.1,        101,       5.05   ,    1.55403
          2,  465,         33,        465,       10.1,        101,       5.05   ,  -0.802468
          2,  466,        392,        906,       10.1,        101,       5.05   ,  -0.132382
          2,  467,        691,        314,       10.1,        101,       5.05   ,    1.02199
          2,  468,        357,        576,       10.1,        101,       5.05   ,    1.30995
          2,  469,        571,        155,       10.1,        101,       5.05   ,  -0.716748
          2,  470,        202,        490,       10.1,        101,       5.05   ,   -0.44963
          2,  471,        146,        998,       10.1,        101,       5.05   ,   0.326019
          2,  472,        774,        696,       10.1,        101,       5.05   ,    1.13467
          2,  473,        402,        402,       10.1,        101,       5.05   ,    1.53166
          2,  474,        241,        633,       10.1,        101,       5.05   ,    1.34784
          2,  475,        402,        133,       10.1,        101,       5.05   ,   0.965961
          2,  476,          0,        150,       10.1,        101,       5.05   ,  -0.230482
          2,  477,         38,        747,       10.1,        101,       5.05   ,  -0.398239
          2,  478,        396,        557,       10.1,        101,       5.05   ,  -0.846183
          2,  479,        793,        881,       10.1,        101,       5.05   ,   0.316202
          2,  480,         85,        501,       10.1,        101,       5.05   ,    1.29659
          2,  481,        858,        449,       10.1,        101,       5.05   ,     0.9653
          2,  482,        799,         48,       10.1,        101,       5.05   ,    1.13024
          2,  483,        592,         16,       10.1,        101,       5.05   ,   -1.55668
          2,  484,        578,        294,       10.1,        101,       5.05   ,   0.816472
          2,  485,        213,        929,       10.1,        101,       5.05   ,    1.06639
          2,  486,        445,        563,       10.1,        101,       5.05   ,  -0.634005
          2,  487,        704,        796,       10.1,        101,       5.05   ,  -0.108079
          2,  488,         82,        309,       10.1,        101,       5.05   ,   0.237754
          2,  489,        545,        848,       10.1,        101,       5.05   ,   -1.11771
          2,  490,        620,        689,       10.1,        101,       5.05   ,   0.260104
          2,  491,        271,        875,       10.1,        101,       5.05   ,   0.184885
          2,  492,         89,        109,       10.1,        101,       5.05   ,    1.33655
          2,  493,        369,        920,       10.1,        101,       5.05   ,   0.292564
          2,  494,        906,        520,       10.1,        101,       5.05   ,   0.257371
          2,  495,        735,        749,       10.1,        101,       5.05   ,   0.175651
          2,  496,        399,        941,       10.1,        101,       5.05   ,  -0.228466
          2,  497,        347,        229,       10.1,        101,       5.05   ,  -0.123423
          2,  498,        284,        949,       10.1,        101,       5.05   , -0.0170651
          2,  499,        611,        850,       10.1,        101,       5.05   ,    1.28684
          2,  500,        331,        982,       10.1,        101,       5.05   ,   0.309657
          2,  501,          8,        222,       10.1,        101,       5.05   ,  -0.441421
          2,  502,        173,        748,       10.1,        101,       5.05   ,   0.460401
          2,  503,        161,        793,       10.1,        101,       5.05   ,   -0.72941
          2,  504,        991,        689,       10.1,        101,       5.05   ,  -0.263262
          2,  505,        606,        922,       10.1,        101,       5.05   ,    -1.5101
          2,  506,        752,        265,       10.1,        101,       5.05   ,  -0.348103
          2,  507,        886,        567,       10.1,        101,       5.05   ,   -1.29921
          2,  508,        426,         12,       10.1,        101,       5.05   ,   0.699082
          2,  509,        436,        808,       10.1,        101,       5.05   ,   0.926547
          2,  510,        332,        813,       10.1,        101,       5.05   , -0.0220144
          2,  511,        287,        177,       10.1,        101,       5.05   ,   0.275562
          2,  512,        654,        520,       10.1,        101,       5.05   ,   0.997512
          2,  513,        887,        264,       10.1,        101,       5.05   ,   0.724899
          2,  514,        439,        475,       10.1,        101,       5.05   ,  -0.457116
          2,  515,         16,        258,       10.1,        101,       5.05   ,    1.02345
          2,  516,        591,        603,       10.1,        101,       5.05   ,  -0.808202
          2,  517,        691,        104,       10.1,        101,       5.05   ,   0.299393
          2,  518,        763,        845,       10.1,        101,       5.05   ,   0.652392
          2,  519,        504,        806,       10.1,        101,       5.05   ,   0.330072
          2,  520,        646,        847,       10.1,        101,       5.05   ,    1.50714
          2,  521,        961,        690,       10.1,        101,       5.05   ,   0.203272
          2,  522,        395,        378,       10.1,        101,       5.05   ,  0.0815508
          2,  523,        264,        818,       10.1,        101,       5.05   ,   0.379173
          2,  524,        812,         57,       10.1,        101,       5.05   ,  -0.300959
          2,  525,        947,        566,       10.1,        101,       5.05   ,   0.370747
          2,  526,        953,        466,       10.1,        101,       5.05   ,   0.915697
          2,  527,        473,        981,       10.1,        101,       5.05   ,   -1.27112
          2,  528,         52,        384,       10.1,        101,       5.05   ,  -0.772252
          2,  529,        322,        233,       10.1,        101,       5.05   ,   0.907427
          2,  530,         33,        297,       10.1,        101,       5.05   ,   0.900999
          2,  531,        930,        690,       10.1,        101,       5.05   ,   -1.06149
          2,  532,        859,        696,       10.1,        101,       5.05   ,  0.0966286
          2,  533,        985,        197,       10.1,        101,       5.05   ,   0.400898
          2,  534,        472,        911,       10.1,        101,       5.05   ,    1.41212
          2,  535,        390,        716,       10.1,        101,       5.05   ,   -1.03779
          2,  536,        403,        505,       10.1,        101,       5.05   , -0.0680411
          2,  537,        322,         92,       10.1,        101,       5.05   , 0.00704366
          2,  538,        704,        455,       10.1,        101,       5.05   ,    1.09312
          2,  539,        330,        155,       10.1,        101,       5.05   ,   0.886066
          2,  540,        990,        859,       10.1,        101,       5.05   ,  -0.373457
          2,  541,         40,        431,       10.1,        101,       5.05   ,   0.759374
          2,  542,        757,         23,       10.1,        101,       5.05   ,    1.36209
          2,  543,        617,        884,       10.1,        101,       5.05   ,   -0.35964
          2,  544,        812,        275,       10.1,        101,       5.05   ,   -1.51964
          2,  545,        635,         25,       10.1,        101,       5.05   ,  -0.994747
          2,  546,        634,        813,       10.1,        101,       5.05   ,   0.936268
          2,  547,        380,        688,       10.1,        101,       5.05   ,   -1.13574
          2,  548,        619,        526,       10.1,        101,       5.05   ,   -0.71843
          2,  549,        980,        729,       10.1,        101,       5.05   ,    1.19405
          2,  550,         69,        469,       10.1,        101,       5.05   ,   0.431926
          2,  551,        930,        344,       10.1,        101,       5.05   ,  -0.505575
          2,  552,         74,        539,       10.1,        101,       5.05   ,  -0.816894
          2,  553,          7,        115,       10.1,        101,       5.05   ,  0.0310452
          2,  554,        690,        298,       10.1,        101,       5.05   ,   0.858257
          2,  555,        177,        878,       10.1,        101,       5.05   ,    1.15761
          2,  556,        846,        632,       10.1,        101,       5.05   ,   0.969883
          2,  557,        587,        824,       10.1,        101,       5.05   ,  -0.353792
          2,  558,        269,        841,       10.1,        101,       5.05   ,    0.62499
          2,  559,        846,        704,       10.1,        101,       5.05   ,   -1.46968
          2,  560,         97,        638,       10.1,        101,       5.05   ,   -1.08308
          2,  561,        702,        478,       10.1,        101,       5.05   ,   0.596389
          2,  562,        248,        155,       10.1,        101,       5.05   ,   -0.33152
          2,  563,         79,        388,       10.1,        101,       5.05   ,   -0.80779
          2,  564,        540,        537,       10.1,        101,       5.05   ,    1.39346
          2,  565,        375,        114,       10.1,        101,       5.05   ,   0.410467
          2,  566,        594,        838,       10.1,        101,       5.05   ,   0.489536
          2,  567,         57,        679,       10.1,        101,       5.05   ,    1.34534
          2,  568,        983,        227,       10.1,        101,       5.05   ,  -0.399738
          2,  569,         40,        898,       10.1,        101,       5.05   ,   0.670606
          2,  570,        683,        582,       10.1,        101,       5.05   ,   0.577919
          2,  571,         54,        529,       10.1,        101,       5.05   ,   0.418747
          2,  572,        302,        114,       10.1,        101,       5.05   ,   0.861182
          2,  573,        792,         58,       10.1,        101,       5.05   ,   0.555748
          2,  574,        533,        407,       10.1,        101,       5.05   ,    -1.5084
          2,  575,        568,         98,       10.1,        101,       5.05   ,   0.759934
          2,  576,        445,        193,       10.1,        101,       5.05   ,   -0.42383
          2,  577,        790,        759,       10.1,        101,       5.05   ,  -0.236647
          2,  578,        311,        774,       10.1,        101,       5.05   ,  -0.789237
          2,  579,        367,        943,       10.1,        101,       5.05   , -0.0834178
          2,  580,        710,        478,       10.1,        101,       5.05   ,   -1.20776
          2,  581,        656,        320,       10.1,        101,       5.05   ,   0.978163
          2,  582,         83,        460,       10.1,        101,       5.05   ,0.000675864
          2,  583,         56,        749,       10.1,        101,       5.05   ,   -1.03037
          2,  584,         68,        633,       10.1,        101,       5.05   ,   0.681713
          2,  585,        763,        106,       10.1,        101,       5.05   ,  -0.892417
          2,  586,        701,         27,       10.1,        101,       5.05   ,   0.126731
          2,  587,        506,        723,       10.1,        101,       5.05   ,  -0.653649
          2,  588,        420,        605,       10.1,        101,       5.05   ,   0.317907
          2,  589,        362,        352,       10.1,        101,       5.05   , -0.0152578
          2,  590,        917,        757,       10.1,        101,       5.05   ,  -0.672985
          2,  591,        637,        712,       10.1,        101,       5.05   ,  -0.252794
          2,  592,         32,          8,       10.1,        101,       5.05   ,   0.985192
          2,  593,        861,        929,       10.1,        101,       5.05   ,   0.926622
          2,  594,        227,        299,       10.1,        101,       5.05   ,   -1.15585
          2,  595,        617,        296,       10.1,        101,       5.05   ,  -0.922648
          2,  596,        910,        292,       10.1,        101,       5.05   ,    1.04577
          2,  597,        726,         77,       10.1,        101,       5.05   ,    0.83366
          2,  598,         30,        553,       10.1,        101,       5.05   ,    1.46744
          2,  599,          6,         57,       10.1,        101,       5.05   ,   0.693028
          2,  600,        435,        277,       10.1,        101,       5.05   ,    -1.5017
          2,  601,        399,        703,       10.1,        101,       5.05   , -0.0597241
          2,  602,        147,        583,       10.1,        101,       5.05   ,   0.310339
          2,  603,        955,        973,       10.1,        101,       5.05   ,   0.545386
          2,  604,        782,        333,       10.1,        101,       5.05   ,  -0.446125
          2,  605,         49,        311,       10.1,        101,       5.05   ,   0.159556
          2,  606,        859,        389,       10.1,        101,       5.05   ,   0.598585
          2,  607,         94,        232,       10.1,        101,       5.05   ,  -0.151213
          2,  608,        982,        683,       10.1,        101,       5.05   ,   0.238019
          2,  609,        602,        782,       10.1,        101,       5.05   ,  -0.318846
          2,  610,        725,        911,       10.1,        101,       5.05   ,   0.924078
          2,  611,        905,        795,       10.1,        101,       5.05   ,   -1.48475
          2,  612,        961,        862,       10.1,        101,       5.05   ,   0.293381
          2,  613,        183,         58,       10.1,        101,       5.05   ,   -1.16063
          2,  614,        807,        818,       10.1,        101,       5.05   ,   0.646446
          2,  615,        443,        210,       10.1,        101,       5.05   ,  0.0349202
          2,  616,        438,        729,       10.1,        101,       5.05   ,    1.56144
          2,  617,        984,        170,       10.1,        101,       5.05   ,  0.0595426
          2,  618,        976,        438,       10.1,        101,       5.05   ,  0.0710507
          2,  619,        664,        537,       10.1,        101,       5.05   ,   -1.49527
          2,  620,        547,         94,       10.1,        101,       5.05   , -0.0625555
          2,  621,        119,        616,       10.1,        101,       5.05   ,  -0.221122
          2,  622,        925,        637,       10.1,        101,       5.05   ,   -1.31356
          2,  623,        422,        234,       10.1,        101,       5.05   ,    0.27972
          2,  624,        482,        589,       10.1,        101,       5.05   ,  -0.470739
          2,  625,        205,        902,       10.1,        101,       5.05   ,  -0.718373
          2,  626,        971,        322,       10.1,        101,       5.05   ,    1.55584
          2,  627,        729,          7,       10.1,        101,       5.05   ,   -1.06101
          2,  628,        135,        936,       10.1,        101,       5.05   ,   0.963646
          2,  629,        786,        967,       10.1,        101,       5.05   ,    1.54445
          2,  630,        232,         53,       10.1,        101,       5.05   ,    1.32514
          2,  631,        554,        579,       10.1,        101,       5.05   ,   0.910202
          2,  632,        281,         75,       10.1,        101,       5.05   ,  -0.630782
          2,  633,        892,        857,       10.1,        101,       5.05   ,    0.46897
          2,  634,        524,        239,       10.1,        101,       5.05   ,  -0.816633
          2,  635,        184,        406,       10.1,        101,       5.05   ,   -1.07577
          2,  636,         22,        976,       10.1,        101,       5.05   ,   0.855495
          2,  637,        870,        401,       10.1,        101,       5.05   ,   0.423329
          2,  638,        868,        715,       10.1,        101,       5.05   ,  -0.612888
          2,  639,        477,        458,       10.1,        101,       5.05   ,   0.407492
          2,  640,        118,        516,       10.1,        101,       5.05   ,   0.246834
          2,  641,        523,        904,       10.1,        101,       5.05   ,   -1.40457
          2,  642,        982,        122,       10.1,        101,       5.05   ,     1.5037
          2,  643,        620,        554,       10.1,        101,       5.05   ,    0.42263
          2,  644,        164,        291,       10.1,        101,       5.05   ,    1.01835
          2,  645,        954,        162,       10.1,        101,       5.05   ,   0.225067
          2,  646,        942,        629,       10.1,        101,       5.05   ,   0.384921
          2,  647,        771,          4,       10.1,        101,       5.05   ,   0.707274
          2,  648,        456,        300,       10.1,        101,       5.05   ,  -0.842963
          2,  649,        450,        354,       10.1,        101,       5.05   ,   -1.47189
          2,  650,        739,         18,       10.1,        101,       5.05   ,  0.0989987
          2,  651,         27,        749,       10.1,        101,       5.05   ,  -0.797842
          2,  652,        863,        231,       10.1,        101,       5.05   ,  -0.946696
          2,  653,        699,        352,       10.1,        101,       5.05   ,   -1.48849
          2,  654,        787,        397,       10.1,        101,       5.05   , -0.0424704
          2,  655,        211,        983,       10.1,        101,       5.05   ,   0.409283
          2,  656,        462,         36,       10.1,        101,       5.05   ,   -1.22912
          2,  657,        646,        141,       10.1,        101,       5.05   ,   -1.13513
          2,  658,        974,        876,       10.1,        101,       5.05   ,  0.0246199
          2,  659,        331,        651,       10.1,        101,       5.05   ,   0.354227
          2,  660,         96,        149,       10.1,        101,       5.05   ,  -0.919635
          2,  661,        649,        257,       10.1,        101,       5.05   ,   -1.33467
          2,  662,        806,        596,       10.1,        101,       5.05   ,  -0.627929
          2,  663,        426,        902,       10.1,        101,       5.05   ,   0.165784
          2,  664,        912,        592,       10.1,        101,       5.05   ,    1.04035
          2,  665,        920,        881,       10.1,        101,       5.05   ,     1.0731
          2,  666,        320,        612,       10.1,        101,       5.05   ,   0.280238
          2,  667,        431,        111,       10.1,        101,       5.05   ,   -0.84269
          2,  668,         55,        521,       10.1,        101,       5.05   ,   -1.09841
          2,  669,        136,        873,       10.1,        101,       5.05   ,  -0.875545
          2,  670,        116,        735,       10.1,        101,       5.05   ,   0.154915
          2,  671,         43,        706,       10.1,        101,       5.05   ,   0.389244
          2,  672,        950,        351,       10.1,        101,       5.05   ,    1.23863
          2,  673,        861,        694,       10.1,        101,       5.05   ,     1.0621
          2,  674,        151,        427,       10.1,        101,       5.05   ,  -0.980095
          2,  675,        603,        216,       10.1,        101,       5.05   ,   -1.40751
          2,  676,        617,        476,       10.1,        101,       5.05   ,    -1.3386
          2,  677,        228,        891,       10.1,        101,       5.05   ,    1.31207
          2,  678,        529,        219,       10.1,        101,       5.05   ,   0.585026
          2,  679,        952,        678,       10.1,        101,       5.05   ,    1.06006
          2,  680,        662,        739,       10.1,        101,       5.05   ,   -1.00998
          2,  681,        175,        306,       10.1,        101,       5.05   ,  -0.502488
          2,  682,        741,        620,       10.1,        101,       5.05   ,    1.34132
          2,  683,        168,        154,       10.1,        101,       5.05   ,   -1.26154
          2,  684,         86,        691,       10.1,        101,       5.05   ,    -1.1139
          2,  685,        278,        795,       10.1,        101,       5.05   ,   0.317265
          2,  686,        551,        568,       10.1,        101,       5.05   ,   0.869195
          2,  687,        322,        511,       10.1,        101,       5.05   ,   0.849612
          2,  688,        573,        428,       10.1,        101,       5.05   ,   0.275338
          2,  689,        414,        287,       10.1,        101,       5.05   ,  -0.542523
          2,  690,        741,        172,       10.1,        101,       5.05   ,   0.877715
          2,  691,        325,        254,       10.1,        101,       5.05   ,  -0.100994
          2,  692,        721,        296,       10.1,        101,       5.05   ,    1.43951
          2,  693,        314,        522,       10.1,        101,       5.05   , 0.00965961
          2,  694,        851,        436,       10.1,        101,       5.05   ,    1.23189
          2,  695,        358,        813,       10.1,        101,       5.05   ,    1.31792
------------------------------------------------------------------------------
Component[2] Total Sloped Parallelepiped = 695