Component 1 maximum area=0.326731 [on 1000x1000]
Component type: Ellipse
---------------------------------------------------------------------------------------
--------------|------- Center-----|----- dimensions---------|----------------------
component| id|    X       |     Y      |  Width/a     | height/b |   hoop   |   Slope   
---------------------------------------------------------------------------------------
          1,    1,        210,         34,       50.5,       50.5,      2.525   ,   -1.03102
          1,    2,        617,        228,       50.5,       50.5,      2.525   ,   0.800229
          1,    3,        473,        362,       50.5,       50.5,      2.525   ,    1.37683
          1,    4,        904,        145,       50.5,       50.5,      2.525   ,     1.4738
          1,    5,        290,        786,       50.5,       50.5,      2.525   ,  -0.921556
          1,    6,        900,        286,       50.5,       50.5,      2.525   ,    1.18276
          1,    7,        645,        221,       50.5,       50.5,      2.525   ,  -0.881977
          1,    8,        626,        313,       50.5,       50.5,      2.525   ,    1.40456
          1,    9,        249,        939,       50.5,       50.5,      2.525   ,    1.50065
          1,   10,        280,        961,       50.5,       50.5,      2.525   ,   -1.05019
          1,   11,        753,        762,       50.5,       50.5,      2.525   ,     1.0628
          1,   12,        781,        989,       50.5,       50.5,      2.525   ,   0.700482
          1,   13,        637,        709,       50.5,       50.5,      2.525   ,   0.509766
          1,   14,        848,        343,       50.5,       50.5,      2.525   ,   0.417549
          1,   15,        487,        365,       50.5,       50.5,      2.525   , -0.0300573
          1,   16,        354,        842,       50.5,       50.5,      2.525   ,    1.14303
          1,   17,         65,        789,       50.5,       50.5,      2.525   ,   -1.05581
          1,   18,        630,        976,       50.5,       50.5,      2.525   ,   -1.35489
          1,   19,        316,        358,       50.5,       50.5,      2.525   ,   -1.52731
          1,   20,        429,        890,       50.5,       50.5,      2.525   ,   -1.34053
          1,   21,        220,        204,       50.5,       50.5,      2.525   ,    1.37624
          1,   22,        884,        775,       50.5,       50.5,      2.525   ,    1.02389
          1,   23,        148,        503,       50.5,       50.5,      2.525   ,  -0.140635
          1,   24,        218,        166,       50.5,       50.5,      2.525   ,   -1.04486
          1,   25,        496,        115,       50.5,       50.5,      2.525   ,   -1.49122
          1,   26,        468,        903,       50.5,       50.5,      2.525   ,  -0.241093
          1,   27,        833,        639,       50.5,       50.5,      2.525   ,   0.434836
          1,   28,        274,        619,       50.5,       50.5,      2.525   ,   -1.05027
          1,   29,        630,        538,       50.5,       50.5,      2.525   ,   0.977188
          1,   30,        944,        549,       50.5,       50.5,      2.525   ,   0.799505
          1,   31,        984,        480,       50.5,       50.5,      2.525   ,    1.02603
          1,   32,        649,         13,       50.5,       50.5,      2.525   ,  -0.899904
          1,   33,        871,        606,       50.5,       50.5,      2.525   ,  -0.226812
          1,   34,        140,        943,       50.5,       50.5,      2.525   ,  -0.667954
          1,   35,         67,        327,       50.5,       50.5,      2.525   ,  -0.947403
          1,   36,        830,        398,       50.5,       50.5,      2.525   ,   0.499963
          1,   37,        194,        197,       50.5,       50.5,      2.525   ,   0.264922
          1,   38,        113,        110,       50.5,       50.5,      2.525   ,   0.435522
          1,   39,        267,        968,       50.5,       50.5,      2.525   ,   -1.30838
          1,   40,        989,        461,       50.5,       50.5,      2.525   ,  -0.610442
          1,   41,        740,        675,       50.5,       50.5,      2.525   ,   0.913928
          1,   42,        930,        171,       50.5,       50.5,      2.525   ,    1.51408
          1,   43,        920,        861,       50.5,       50.5,      2.525   ,  -0.893079
          1,   44,        896,        322,       50.5,       50.5,      2.525   ,   0.495793
          1,   45,        449,        944,       50.5,       50.5,      2.525   ,   0.305566
          1,   46,        232,        366,       50.5,       50.5,      2.525   ,   -1.15509
          1,   47,        932,        551,       50.5,       50.5,      2.525   ,   0.450954
          1,   48,        982,        639,       50.5,       50.5,      2.525   ,   0.207734
          1,   49,        217,        665,       50.5,       50.5,      2.525   ,  -0.743424
          1,   50,        193,        670,       50.5,       50.5,      2.525   ,   0.597613
          1,   51,        243,        665,       50.5,       50.5,      2.525   ,   -1.10293
          1,   52,        793,        705,       50.5,       50.5,      2.525   ,   0.699317
          1,   53,        453,          3,       50.5,       50.5,      2.525   ,  -0.891962
          1,   54,         31,        869,       50.5,       50.5,      2.525   ,    1.00094
          1,   55,        997,        495,       50.5,       50.5,      2.525   ,    1.09903
          1,   56,        111,        333,       50.5,       50.5,      2.525   ,     -1.085
          1,   57,        803,        895,       50.5,       50.5,      2.525   ,     1.0262
------------------------------------------------------------------------------
Component[1] Total Ellipsoids = 57