Component 2 maximum area=0.323322 [on 1000x1000]
Component type: Sloped rectangle
---------------------------------------------------------------------------------------
--------------|------- Center-----|----- dimensions---------|----------------------
component| id|    X       |     Y      |  Width/a     | height/b |   hoop   |   Slope   
---------------------------------------------------------------------------------------
          2,    1,         79,        495,       10.1,        101,       5.05   ,    1.09432
          2,    2,        479,        591,       10.1,        101,       5.05   ,    1.42049
          2,    3,        855,        859,       10.1,        101,       5.05   ,   0.987489
          2,    4,         73,        258,       10.1,        101,       5.05   ,   -1.26121
          2,    5,        977,        563,       10.1,        101,       5.05   ,   -1.33187
          2,    6,        864,        683,       10.1,        101,       5.05   ,    1.03634
          2,    7,        779,         93,       10.1,        101,       5.05   ,   -1.25983
          2,    8,        932,        612,       10.1,        101,       5.05   ,  -0.217224
          2,    9,        566,        830,       10.1,        101,       5.05   ,   -0.84266
          2,   10,        135,         51,       10.1,        101,       5.05   ,  -0.252441
          2,   11,        958,        214,       10.1,        101,       5.05   ,   -1.42214
          2,   12,        697,        987,       10.1,        101,       5.05   ,    1.09516
          2,   13,        746,        551,       10.1,        101,       5.05   , -0.0815704
          2,   14,        815,        894,       10.1,        101,       5.05   ,   0.411883
          2,   15,        601,        432,       10.1,        101,       5.05   ,   -1.20971
          2,   16,        812,        399,       10.1,        101,       5.05   ,   0.139524
          2,   17,        749,        165,       10.1,        101,       5.05   ,    1.50946
          2,   18,        768,        836,       10.1,        101,       5.05   ,   0.152886
          2,   19,        902,        720,       10.1,        101,       5.05   ,    1.11976
          2,   20,        402,        608,       10.1,        101,       5.05   ,  -0.845244
          2,   21,        203,        425,       10.1,        101,       5.05   ,   0.405751
          2,   22,        681,        350,       10.1,        101,       5.05   ,   0.654157
          2,   23,        431,        360,       10.1,        101,       5.05   ,   0.287976
          2,   24,        580,        419,       10.1,        101,       5.05   ,  -0.860839
          2,   25,        386,        321,       10.1,        101,       5.05   ,     1.4646
          2,   26,        634,        549,       10.1,        101,       5.05   ,   0.180138
          2,   27,        806,        919,       10.1,        101,       5.05   ,   0.568241
          2,   28,        327,        690,       10.1,        101,       5.05   ,   0.447028
          2,   29,        457,        836,       10.1,        101,       5.05   ,   0.268259
          2,   30,        204,        308,       10.1,        101,       5.05   ,  -0.961241
          2,   31,        439,        856,       10.1,        101,       5.05   ,    1.25236
          2,   32,         40,        979,       10.1,        101,       5.05   ,-0.00273299
          2,   33,        420,        512,       10.1,        101,       5.05   ,  -0.278038
          2,   34,        563,        391,       10.1,        101,       5.05   ,   0.170607
          2,   35,        742,        465,       10.1,        101,       5.05   ,    0.10773
          2,   36,        458,        131,       10.1,        101,       5.05   ,  -0.854539
          2,   37,        818,        575,       10.1,        101,       5.05   ,    -1.4785
          2,   38,        186,        755,       10.1,        101,       5.05   ,  0.0401022
          2,   39,         97,        311,       10.1,        101,       5.05   ,    1.32188
          2,   40,         13,        758,       10.1,        101,       5.05   ,  0.0489213
          2,   41,        759,        527,       10.1,        101,       5.05   ,   -1.06872
          2,   42,        242,        636,       10.1,        101,       5.05   ,    -1.2122
          2,   43,        889,        222,       10.1,        101,       5.05   ,   -0.35277
          2,   44,        266,          1,       10.1,        101,       5.05   ,    1.26315
          2,   45,        127,        161,       10.1,        101,       5.05   ,    -1.4248
          2,   46,        317,        401,       10.1,        101,       5.05   ,  -0.490516
          2,   47,        174,        333,       10.1,        101,       5.05   ,    1.14379
          2,   48,         61,        620,       10.1,        101,       5.05   ,  -0.735745
          2,   49,        203,        312,       10.1,        101,       5.05   ,     1.5016
          2,   50,        967,         71,       10.1,        101,       5.05   ,   0.458318
          2,   51,        817,        473,       10.1,        101,       5.05   ,   -1.05064
          2,   52,        211,        710,       10.1,        101,       5.05   ,    1.39179
          2,   53,        934,        696,       10.1,        101,       5.05   ,   0.728992
          2,   54,        688,        298,       10.1,        101,       5.05   ,  -0.532988
          2,   55,        287,        177,       10.1,        101,       5.05   , -0.0412206
          2,   56,        649,        307,       10.1,        101,       5.05   ,       0.46
          2,   57,        197,        740,       10.1,        101,       5.05   ,   -1.19184
          2,   58,        529,        719,       10.1,        101,       5.05   ,  -0.203446
          2,   59,        517,        339,       10.1,        101,       5.05   ,   -1.07485
          2,   60,        805,        617,       10.1,        101,       5.05   ,  -0.660865
          2,   61,        741,        621,       10.1,        101,       5.05   ,  -0.499057
          2,   62,        370,        982,       10.1,        101,       5.05   ,  -0.216061
          2,   63,        322,         93,       10.1,        101,       5.05   ,  -0.916959
          2,   64,        900,        821,       10.1,        101,       5.05   ,  -0.571871
          2,   65,          7,        923,       10.1,        101,       5.05   ,   0.945275
          2,   66,         95,        620,       10.1,        101,       5.05   ,  -0.190383
          2,   67,        185,        157,       10.1,        101,       5.05   ,    1.46992
          2,   68,        808,        377,       10.1,        101,       5.05   ,   0.174101
          2,   69,        344,        246,       10.1,        101,       5.05   ,     0.5607
          2,   70,         46,        169,       10.1,        101,       5.05   ,    1.39896
          2,   71,         64,        445,       10.1,        101,       5.05   ,   0.477235
          2,   72,        337,        845,       10.1,        101,       5.05   ,  0.0292525
          2,   73,        203,        823,       10.1,        101,       5.05   ,  -0.796021
          2,   74,        375,         33,       10.1,        101,       5.05   ,   -0.38041
          2,   75,        777,         29,       10.1,        101,       5.05   ,   -1.14894
          2,   76,        322,        595,       10.1,        101,       5.05   ,  -0.342173
          2,   77,        638,        489,       10.1,        101,       5.05   ,   0.351427
          2,   78,        228,        163,       10.1,        101,       5.05   ,    1.27789
          2,   79,        338,        450,       10.1,        101,       5.05   ,   -1.24277
          2,   80,        682,        962,       10.1,        101,       5.05   ,  -0.680771
          2,   81,        304,        905,       10.1,        101,       5.05   ,  -0.383894
          2,   82,        853,        915,       10.1,        101,       5.05   ,   -0.74537
          2,   83,        872,        736,       10.1,        101,       5.05   ,    1.24356
          2,   84,        796,        824,       10.1,        101,       5.05   ,   -1.19972
          2,   85,        962,          4,       10.1,        101,       5.05   ,   -1.35449
          2,   86,        445,        913,       10.1,        101,       5.05   ,    1.23828
          2,   87,        220,        460,       10.1,        101,       5.05   ,  -0.101167
          2,   88,        556,        251,       10.1,        101,       5.05   ,  -0.110053
          2,   89,         43,        402,       10.1,        101,       5.05   ,   0.635365
          2,   90,        408,         69,       10.1,        101,       5.05   ,  -0.724891
          2,   91,        271,        660,       10.1,        101,       5.05   ,  -0.189802
          2,   92,         27,        997,       10.1,        101,       5.05   ,    1.30137
          2,   93,        339,        447,       10.1,        101,       5.05   ,  -0.481267
          2,   94,        876,        302,       10.1,        101,       5.05   ,  -0.220108
          2,   95,        224,        650,       10.1,        101,       5.05   ,   0.578378
          2,   96,        773,        293,       10.1,        101,       5.05   ,   -1.47591
          2,   97,         90,        280,       10.1,        101,       5.05   ,   0.952031
          2,   98,        259,        706,       10.1,        101,       5.05   ,  -0.781909
          2,   99,        470,        953,       10.1,        101,       5.05   ,   -1.50164
          2,  100,        580,        714,       10.1,        101,       5.05   ,    0.42228
          2,  101,        403,        723,       10.1,        101,       5.05   ,   -1.37183
          2,  102,        954,        446,       10.1,        101,       5.05   ,   0.372989
          2,  103,        366,         29,       10.1,        101,       5.05   ,  -0.966937
          2,  104,        726,        967,       10.1,        101,       5.05   ,  -0.727068
          2,  105,        815,        603,       10.1,        101,       5.05   ,  0.0814783
          2,  106,        462,        544,       10.1,        101,       5.05   ,   0.738514
          2,  107,        490,        127,       10.1,        101,       5.05   , -0.0307309
          2,  108,         38,        859,       10.1,        101,       5.05   ,  -0.252827
          2,  109,        844,        520,       10.1,        101,       5.05   ,  -0.078456
          2,  110,        970,         47,       10.1,        101,       5.05   ,-0.00913297
          2,  111,        661,        258,       10.1,        101,       5.05   ,    1.11241
          2,  112,        127,        854,       10.1,        101,       5.05   ,   -1.30672
          2,  113,        346,        148,       10.1,        101,       5.05   ,  -0.882453
          2,  114,        733,        551,       10.1,        101,       5.05   ,   -1.22176
          2,  115,        128,        974,       10.1,        101,       5.05   ,   -1.38234
          2,  116,        452,         57,       10.1,        101,       5.05   ,   0.528228
          2,  117,        166,        369,       10.1,        101,       5.05   ,    1.42312
          2,  118,        327,        332,       10.1,        101,       5.05   ,    1.32238
          2,  119,        283,        411,       10.1,        101,       5.05   ,   0.736014
          2,  120,        787,        397,       10.1,        101,       5.05   ,  -0.884416
          2,  121,        671,        412,       10.1,        101,       5.05   ,   -1.02003
          2,  122,        842,        983,       10.1,        101,       5.05   ,   0.962953
          2,  123,        228,        875,       10.1,        101,       5.05   , -0.0631462
          2,  124,        165,        498,       10.1,        101,       5.05   ,   -1.12554
          2,  125,        422,        581,       10.1,        101,       5.05   ,   -1.14143
          2,  126,        575,        771,       10.1,        101,       5.05   ,   -1.28656
          2,  127,        427,        625,       10.1,        101,       5.05   ,  -0.658501
          2,  128,        576,        123,       10.1,        101,       5.05   ,    1.46385
          2,  129,        807,        492,       10.1,        101,       5.05   ,   0.956608
          2,  130,         39,        984,       10.1,        101,       5.05   ,   0.792835
          2,  131,         24,        872,       10.1,        101,       5.05   ,   0.345834
          2,  132,        540,        596,       10.1,        101,       5.05   ,   0.394992
          2,  133,        743,        565,       10.1,        101,       5.05   ,   0.804067
          2,  134,        490,        763,       10.1,        101,       5.05   ,   0.584484
          2,  135,        897,        702,       10.1,        101,       5.05   ,     0.3119
          2,  136,        489,        737,       10.1,        101,       5.05   ,   0.692623
          2,  137,        235,        750,       10.1,        101,       5.05   ,   -1.10623
          2,  138,        638,        506,       10.1,        101,       5.05   ,  -0.215363
          2,  139,        437,        817,       10.1,        101,       5.05   ,  0.0267943
          2,  140,        960,        644,       10.1,        101,       5.05   ,   0.586739
          2,  141,         60,        954,       10.1,        101,       5.05   ,  -0.234804
          2,  142,        795,        491,       10.1,        101,       5.05   ,  -0.883846
          2,  143,         89,        348,       10.1,        101,       5.05   ,    1.40829
          2,  144,        937,        659,       10.1,        101,       5.05   ,    1.08886
          2,  145,         91,        231,       10.1,        101,       5.05   ,   0.669422
          2,  146,        181,        947,       10.1,        101,       5.05   ,   0.477315
          2,  147,        468,        865,       10.1,        101,       5.05   ,   -1.45692
          2,  148,         50,        242,       10.1,        101,       5.05   ,   0.931201
          2,  149,        241,        881,       10.1,        101,       5.05   ,   0.218131
          2,  150,        905,        635,       10.1,        101,       5.05   ,  -0.709041
          2,  151,        533,        508,       10.1,        101,       5.05   ,-0.00143034
          2,  152,        205,        593,       10.1,        101,       5.05   ,    1.29857
          2,  153,        788,         30,       10.1,        101,       5.05   ,   0.755788
          2,  154,        109,        647,       10.1,        101,       5.05   ,   0.974812
          2,  155,        839,        272,       10.1,        101,       5.05   ,   -1.10549
          2,  156,        751,        636,       10.1,        101,       5.05   ,   -0.33871
          2,  157,        730,        864,       10.1,        101,       5.05   ,     -1.559
          2,  158,        978,        810,       10.1,        101,       5.05   ,  -0.884821
          2,  159,        370,        946,       10.1,        101,       5.05   ,   0.730421
          2,  160,        361,        405,       10.1,        101,       5.05   ,   0.615746
          2,  161,        653,        986,       10.1,        101,       5.05   ,    1.34359
          2,  162,        818,        849,       10.1,        101,       5.05   ,   0.141743
          2,  163,         57,        476,       10.1,        101,       5.05   ,    -1.5307
          2,  164,        493,          5,       10.1,        101,       5.05   ,   0.493777
          2,  165,        852,        132,       10.1,        101,       5.05   ,  -0.110423
          2,  166,        797,         35,       10.1,        101,       5.05   ,   -1.38258
          2,  167,        334,        464,       10.1,        101,       5.05   ,    1.10578
          2,  168,        455,         66,       10.1,        101,       5.05   ,   0.931787
          2,  169,        827,        371,       10.1,        101,       5.05   ,    1.33086
          2,  170,        827,        613,       10.1,        101,       5.05   ,   0.899412
          2,  171,        409,        166,       10.1,        101,       5.05   ,   -1.32585
          2,  172,        517,        370,       10.1,        101,       5.05   ,   -0.94885
          2,  173,        708,        489,       10.1,        101,       5.05   ,  -0.197318
          2,  174,        413,        742,       10.1,        101,       5.05   ,  0.0901139
          2,  175,        795,        789,       10.1,        101,       5.05   ,   0.907507
          2,  176,        873,        266,       10.1,        101,       5.05   ,     1.0731
          2,  177,        243,         67,       10.1,        101,       5.05   ,   0.632867
          2,  178,         61,        223,       10.1,        101,       5.05   ,   -1.17158
          2,  179,        500,        863,       10.1,        101,       5.05   ,   -0.26412
          2,  180,        541,         77,       10.1,        101,       5.05   ,    1.20451
          2,  181,         55,         51,       10.1,        101,       5.05   ,   -1.32599
          2,  182,        386,        608,       10.1,        101,       5.05   ,  -0.188676
          2,  183,        494,        663,       10.1,        101,       5.05   ,   0.971774
          2,  184,        472,        801,       10.1,        101,       5.05   ,    1.22152
          2,  185,        746,        484,       10.1,        101,       5.05   ,   -1.34752
          2,  186,        356,        726,       10.1,        101,       5.05   ,     1.0352
          2,  187,        526,        287,       10.1,        101,       5.05   ,  -0.516012
          2,  188,        252,        453,       10.1,        101,       5.05   ,    0.94602
          2,  189,        800,        642,       10.1,        101,       5.05   ,   -1.28888
          2,  190,        276,        949,       10.1,        101,       5.05   ,   0.936265
          2,  191,        625,        703,       10.1,        101,       5.05   ,    1.03871
          2,  192,         45,        273,       10.1,        101,       5.05   ,   0.636161
          2,  193,        903,        315,       10.1,        101,       5.05   , -0.0143594
          2,  194,        940,        928,       10.1,        101,       5.05   ,  -0.313821
          2,  195,        627,        321,       10.1,        101,       5.05   ,0.000967618
          2,  196,        208,        655,       10.1,        101,       5.05   ,     1.2603
          2,  197,        150,        119,       10.1,        101,       5.05   , -0.0895822
          2,  198,        515,        625,       10.1,        101,       5.05   ,  -0.606517
          2,  199,        458,         56,       10.1,        101,       5.05   ,   -0.37594
          2,  200,        150,        607,       10.1,        101,       5.05   ,    0.70825
          2,  201,        753,        903,       10.1,        101,       5.05   ,    1.51888
          2,  202,        167,        249,       10.1,        101,       5.05   ,   -1.37161
          2,  203,        649,         12,       10.1,        101,       5.05   ,  -0.212703
          2,  204,        882,         69,       10.1,        101,       5.05   ,  -0.367062
          2,  205,        124,        888,       10.1,        101,       5.05   ,   0.450633
          2,  206,        961,        336,       10.1,        101,       5.05   ,  -0.457673
          2,  207,        904,         91,       10.1,        101,       5.05   ,  -0.445336
          2,  208,        612,        602,       10.1,        101,       5.05   ,   0.420761
          2,  209,        652,        660,       10.1,        101,       5.05   ,  -0.450886
          2,  210,        423,        336,       10.1,        101,       5.05   ,   0.185957
          2,  211,        445,        268,       10.1,        101,       5.05   ,   0.919044
          2,  212,        416,         61,       10.1,        101,       5.05   ,    -1.3424
          2,  213,        247,        842,       10.1,        101,       5.05   ,  0.0700747
          2,  214,        386,        254,       10.1,        101,       5.05   ,    0.82287
          2,  215,        143,        408,       10.1,        101,       5.05   ,   0.461154
          2,  216,        731,        737,       10.1,        101,       5.05   ,   0.165262
          2,  217,        353,        225,       10.1,        101,       5.05   ,   -1.00346
          2,  218,        465,        958,       10.1,        101,       5.05   ,   0.484778
          2,  219,        379,        708,       10.1,        101,       5.05   ,   -1.54782
          2,  220,        562,        998,       10.1,        101,       5.05   ,  0.0679963
          2,  221,        952,        214,       10.1,        101,       5.05   ,    1.02844
          2,  222,        151,        405,       10.1,        101,       5.05   ,  -0.542401
          2,  223,        731,        916,       10.1,        101,       5.05   ,   -1.51587
          2,  224,        616,        961,       10.1,        101,       5.05   ,    1.37792
          2,  225,        866,        254,       10.1,        101,       5.05   ,   0.377276
          2,  226,        794,        933,       10.1,        101,       5.05   ,  -0.246408
          2,  227,        160,        933,       10.1,        101,       5.05   ,    1.31781
          2,  228,         60,        513,       10.1,        101,       5.05   ,  -0.255969
          2,  229,        853,        146,       10.1,        101,       5.05   ,   0.779753
          2,  230,        897,        703,       10.1,        101,       5.05   ,    0.69538
          2,  231,        560,        572,       10.1,        101,       5.05   ,   0.370224
          2,  232,        512,        568,       10.1,        101,       5.05   ,  0.0176571
          2,  233,        791,        518,       10.1,        101,       5.05   ,  -0.592811
          2,  234,        969,        354,       10.1,        101,       5.05   ,  -0.143357
          2,  235,        902,         86,       10.1,        101,       5.05   ,    1.04401
          2,  236,        246,         82,       10.1,        101,       5.05   ,   0.896488
          2,  237,        271,        735,       10.1,        101,       5.05   ,    -1.4303
          2,  238,        859,        469,       10.1,        101,       5.05   ,  -0.979229
          2,  239,        454,        525,       10.1,        101,       5.05   ,   -0.17098
          2,  240,        438,        846,       10.1,        101,       5.05   ,  -0.465968
          2,  241,        569,        180,       10.1,        101,       5.05   ,  -0.471808
          2,  242,        333,        283,       10.1,        101,       5.05   ,   -1.30202
          2,  243,        393,         41,       10.1,        101,       5.05   ,   0.188887
          2,  244,        795,        914,       10.1,        101,       5.05   ,  -0.768025
          2,  245,        592,        670,       10.1,        101,       5.05   ,-0.00547036
          2,  246,        863,        797,       10.1,        101,       5.05   ,    0.72212
          2,  247,        347,        851,       10.1,        101,       5.05   ,  -0.439532
          2,  248,        259,         77,       10.1,        101,       5.05   ,   -1.03665
          2,  249,        920,        709,       10.1,        101,       5.05   ,    1.22475
          2,  250,        313,        388,       10.1,        101,       5.05   ,  -0.245388
          2,  251,        625,         68,       10.1,        101,       5.05   ,    1.21313
          2,  252,        763,        384,       10.1,        101,       5.05   ,   0.899979
          2,  253,        413,        685,       10.1,        101,       5.05   ,   0.377221
          2,  254,        210,        686,       10.1,        101,       5.05   ,  -0.239217
          2,  255,        820,         98,       10.1,        101,       5.05   ,   0.349164
          2,  256,         55,        327,       10.1,        101,       5.05   ,    1.50538
          2,  257,         36,        816,       10.1,        101,       5.05   ,   0.608642
          2,  258,        793,        102,       10.1,        101,       5.05   ,  -0.591793
          2,  259,         72,        673,       10.1,        101,       5.05   ,  -0.318925
          2,  260,         90,        968,       10.1,        101,       5.05   ,   -1.37215
          2,  261,        188,        203,       10.1,        101,       5.05   ,     1.2999
          2,  262,        928,        378,       10.1,        101,       5.05   ,   -1.26878
          2,  263,        148,        617,       10.1,        101,       5.05   ,    1.30323
          2,  264,        689,        389,       10.1,        101,       5.05   ,  -0.118682
          2,  265,        231,        364,       10.1,        101,       5.05   ,   0.239302
          2,  266,        557,          1,       10.1,        101,       5.05   ,   0.220874
          2,  267,        699,         33,       10.1,        101,       5.05   ,  -0.508449
          2,  268,        683,        693,       10.1,        101,       5.05   ,    1.34897
          2,  269,         95,        612,       10.1,        101,       5.05   ,  -0.174714
          2,  270,        264,        950,       10.1,        101,       5.05   ,   -1.00202
          2,  271,        668,         44,       10.1,        101,       5.05   ,  -0.177925
          2,  272,        783,        103,       10.1,        101,       5.05   ,  -0.158292
          2,  273,        229,        119,       10.1,        101,       5.05   ,  -0.522159
          2,  274,        104,        372,       10.1,        101,       5.05   ,     1.1383
          2,  275,        567,        606,       10.1,        101,       5.05   ,   0.369073
          2,  276,        906,        980,       10.1,        101,       5.05   ,  -0.978515
          2,  277,        469,        896,       10.1,        101,       5.05   ,   0.479577
          2,  278,         97,        897,       10.1,        101,       5.05   ,   0.347995
          2,  279,        644,        247,       10.1,        101,       5.05   ,  -0.428667
          2,  280,        193,         96,       10.1,        101,       5.05   ,  0.0113278
          2,  281,        503,        672,       10.1,        101,       5.05   ,   0.556757
          2,  282,        981,        673,       10.1,        101,       5.05   ,   -1.22615
          2,  283,        131,        700,       10.1,        101,       5.05   ,   0.551139
          2,  284,        208,        445,       10.1,        101,       5.05   ,   0.683635
          2,  285,        248,         87,       10.1,        101,       5.05   ,    0.73833
          2,  286,        305,        917,       10.1,        101,       5.05   ,   0.582482
          2,  287,        440,         64,       10.1,        101,       5.05   ,   0.904405
          2,  288,        331,        269,       10.1,        101,       5.05   ,   0.338733
          2,  289,        975,        686,       10.1,        101,       5.05   ,   -1.09149
          2,  290,        950,        876,       10.1,        101,       5.05   ,    1.42885
          2,  291,        245,        172,       10.1,        101,       5.05   ,  -0.496166
          2,  292,        363,        577,       10.1,        101,       5.05   ,   0.719457
          2,  293,        997,         83,       10.1,        101,       5.05   ,  -0.737136
          2,  294,        229,        593,       10.1,        101,       5.05   ,   0.251066
          2,  295,        629,        927,       10.1,        101,       5.05   ,  -0.703786
          2,  296,        866,        986,       10.1,        101,       5.05   ,    -1.3721
          2,  297,        714,        971,       10.1,        101,       5.05   ,   -1.03806
          2,  298,        519,          5,       10.1,        101,       5.05   ,   -1.25353
          2,  299,        944,        580,       10.1,        101,       5.05   ,   -1.56229
          2,  300,        974,        244,       10.1,        101,       5.05   ,   0.166432
          2,  301,        906,         52,       10.1,        101,       5.05   ,   -1.37638
          2,  302,        814,        176,       10.1,        101,       5.05   ,   0.100967
          2,  303,        438,        919,       10.1,        101,       5.05   ,   0.504222
          2,  304,        402,        935,       10.1,        101,       5.05   ,  -0.427805
          2,  305,        529,        686,       10.1,        101,       5.05   ,  -0.177553
          2,  306,        971,        618,       10.1,        101,       5.05   ,  -0.504927
          2,  307,        534,        864,       10.1,        101,       5.05   ,   -1.06544
          2,  308,         86,        402,       10.1,        101,       5.05   ,    1.23718
          2,  309,        682,        483,       10.1,        101,       5.05   ,  -0.218219
          2,  310,        770,        652,       10.1,        101,       5.05   ,  -0.186593
          2,  311,        159,        658,       10.1,        101,       5.05   ,    1.54021
          2,  312,        932,        165,       10.1,        101,       5.05   ,-0.00429858
          2,  313,         95,        450,       10.1,        101,       5.05   ,  0.0945983
          2,  314,         57,        868,       10.1,        101,       5.05   ,  0.0155222
          2,  315,         98,        660,       10.1,        101,       5.05   ,  -0.645758
          2,  316,        334,        593,       10.1,        101,       5.05   ,   0.929349
          2,  317,        606,        158,       10.1,        101,       5.05   ,   -1.54626
          2,  318,        800,        572,       10.1,        101,       5.05   ,   0.496823
          2,  319,        286,        750,       10.1,        101,       5.05   ,    0.48262
          2,  320,        774,        729,       10.1,        101,       5.05   ,    1.15192
          2,  321,         85,        933,       10.1,        101,       5.05   ,  -0.759839
          2,  322,        609,        407,       10.1,        101,       5.05   ,    0.75981
          2,  323,        826,        372,       10.1,        101,       5.05   ,  -0.876151
          2,  324,        607,          0,       10.1,        101,       5.05   ,   -1.24556
          2,  325,        548,        612,       10.1,        101,       5.05   ,  -0.865199
          2,  326,        948,        150,       10.1,        101,       5.05   ,    1.17035
          2,  327,        416,         51,       10.1,        101,       5.05   ,   0.281298
          2,  328,        793,         11,       10.1,        101,       5.05   ,  -0.846451
          2,  329,        512,         94,       10.1,        101,       5.05   ,  -0.336536
          2,  330,        840,        444,       10.1,        101,       5.05   ,     1.0618
          2,  331,        906,        617,       10.1,        101,       5.05   ,  -0.588872
          2,  332,        967,          3,       10.1,        101,       5.05   ,    1.47383
          2,  333,        674,        688,       10.1,        101,       5.05   ,   0.904879
          2,  334,        450,        594,       10.1,        101,       5.05   ,  -0.102172
          2,  335,         80,        416,       10.1,        101,       5.05   , -0.0100868
          2,  336,        802,          8,       10.1,        101,       5.05   ,  -0.667168
          2,  337,        942,        895,       10.1,        101,       5.05   ,   -1.09145
          2,  338,        701,        411,       10.1,        101,       5.05   ,  -0.827045
          2,  339,        399,        952,       10.1,        101,       5.05   ,   0.127827
          2,  340,        938,         64,       10.1,        101,       5.05   ,   -1.18876
          2,  341,         59,        194,       10.1,        101,       5.05   ,  -0.905094
          2,  342,        284,        772,       10.1,        101,       5.05   ,  0.0123866
          2,  343,        517,        339,       10.1,        101,       5.05   ,   0.290522
          2,  344,        212,        673,       10.1,        101,       5.05   ,   -0.98901
          2,  345,         18,        367,       10.1,        101,       5.05   ,  -0.801396
          2,  346,        407,        474,       10.1,        101,       5.05   ,    1.39769
          2,  347,        267,        109,       10.1,        101,       5.05   ,     1.5001
          2,  348,        650,        146,       10.1,        101,       5.05   ,    1.43018
          2,  349,        758,        668,       10.1,        101,       5.05   ,    1.09162
          2,  350,        802,        254,       10.1,        101,       5.05   ,   -1.49987
          2,  351,        589,        389,       10.1,        101,       5.05   ,    1.12536
          2,  352,        513,        954,       10.1,        101,       5.05   ,   -1.40375
          2,  353,        754,        454,       10.1,        101,       5.05   ,     1.1488
          2,  354,        856,        956,       10.1,        101,       5.05   ,  -0.097036
          2,  355,        853,        264,       10.1,        101,       5.05   ,   0.227976
          2,  356,        536,        122,       10.1,        101,       5.05   ,   0.465265
          2,  357,        441,        281,       10.1,        101,       5.05   ,   0.119047
          2,  358,        435,         42,       10.1,        101,       5.05   , -0.0041748
          2,  359,        294,        613,       10.1,        101,       5.05   ,  -0.424007
          2,  360,         67,        125,       10.1,        101,       5.05   ,   -1.14488
          2,  361,        767,        168,       10.1,        101,       5.05   ,   0.765328
          2,  362,        842,        240,       10.1,        101,       5.05   ,  -0.828088
          2,  363,        660,        604,       10.1,        101,       5.05   ,  -0.276471
          2,  364,        602,        142,       10.1,        101,       5.05   ,   0.575972
          2,  365,        293,        745,       10.1,        101,       5.05   ,   -0.29325
          2,  366,         96,        877,       10.1,        101,       5.05   ,   0.478582
          2,  367,        675,        372,       10.1,        101,       5.05   ,   0.540233
          2,  368,        199,        771,       10.1,        101,       5.05   ,   0.823279
          2,  369,        828,        838,       10.1,        101,       5.05   ,   0.603836
          2,  370,         41,        594,       10.1,        101,       5.05   ,   -0.12512
          2,  371,        234,        115,       10.1,        101,       5.05   ,   0.758595
          2,  372,        168,        540,       10.1,        101,       5.05   ,   0.994031
          2,  373,        574,        597,       10.1,        101,       5.05   ,   0.682684
          2,  374,        711,        599,       10.1,        101,       5.05   ,  -0.215272
          2,  375,        602,        123,       10.1,        101,       5.05   ,    1.47738
          2,  376,         30,        871,       10.1,        101,       5.05   ,   0.823555
          2,  377,        143,        881,       10.1,        101,       5.05   , -0.0598861
          2,  378,        542,        121,       10.1,        101,       5.05   ,   0.943421
          2,  379,         71,        342,       10.1,        101,       5.05   ,  -0.199091
          2,  380,        774,        545,       10.1,        101,       5.05   ,   -1.30848
          2,  381,         27,         11,       10.1,        101,       5.05   ,   0.464042
          2,  382,        302,        611,       10.1,        101,       5.05   ,   -1.16485
          2,  383,         42,        831,       10.1,        101,       5.05   ,    1.13364
          2,  384,        337,        704,       10.1,        101,       5.05   ,   0.578491
          2,  385,        454,        815,       10.1,        101,       5.05   ,    1.08289
          2,  386,        811,        478,       10.1,        101,       5.05   ,     0.3324
          2,  387,        666,        230,       10.1,        101,       5.05   ,   -0.61685
          2,  388,        308,        864,       10.1,        101,       5.05   ,   -1.53046
          2,  389,         66,        715,       10.1,        101,       5.05   ,   -1.15125
          2,  390,        854,        236,       10.1,        101,       5.05   ,    0.73666
          2,  391,        729,         87,       10.1,        101,       5.05   ,     1.1912
          2,  392,        587,         22,       10.1,        101,       5.05   ,  -0.352193
          2,  393,        952,        828,       10.1,        101,       5.05   ,  -0.486858
          2,  394,        816,         31,       10.1,        101,       5.05   ,   -1.21422
          2,  395,        944,        648,       10.1,        101,       5.05   ,   0.386523
          2,  396,        869,        575,       10.1,        101,       5.05   ,   0.901065
          2,  397,        995,        935,       10.1,        101,       5.05   ,   0.783946
          2,  398,        240,        251,       10.1,        101,       5.05   ,   0.454076
          2,  399,        612,        216,       10.1,        101,       5.05   ,  -0.399704
          2,  400,        398,        202,       10.1,        101,       5.05   ,   -1.00161
          2,  401,        401,        684,       10.1,        101,       5.05   ,   -1.45444
          2,  402,         84,        206,       10.1,        101,       5.05   ,    0.71643
          2,  403,        523,         78,       10.1,        101,       5.05   ,   -1.47331
          2,  404,        908,        662,       10.1,        101,       5.05   ,  -0.244511
          2,  405,        509,        892,       10.1,        101,       5.05   ,     1.1647
          2,  406,        933,        683,       10.1,        101,       5.05   ,    -1.5025
          2,  407,        687,        609,       10.1,        101,       5.05   ,  -0.230935
          2,  408,        456,        252,       10.1,        101,       5.05   ,   -1.37948
          2,  409,        696,        163,       10.1,        101,       5.05   ,   0.475658
          2,  410,         27,        741,       10.1,        101,       5.05   ,  -0.427592
          2,  411,        915,         93,       10.1,        101,       5.05   ,  -0.982927
          2,  412,        958,        796,       10.1,        101,       5.05   ,   -0.19937
          2,  413,        994,        670,       10.1,        101,       5.05   ,   -1.22041
          2,  414,         40,        457,       10.1,        101,       5.05   ,   0.255326
          2,  415,        230,        791,       10.1,        101,       5.05   ,  -0.668419
          2,  416,         16,        991,       10.1,        101,       5.05   ,   0.896474
          2,  417,        500,        686,       10.1,        101,       5.05   ,   -1.36863
          2,  418,        840,        664,       10.1,        101,       5.05   ,  -0.714139
          2,  419,        339,        214,       10.1,        101,       5.05   ,  -0.704016
          2,  420,        163,        518,       10.1,        101,       5.05   ,    1.23906
          2,  421,        559,        803,       10.1,        101,       5.05   ,   -1.39817
          2,  422,        414,        607,       10.1,        101,       5.05   ,  -0.105158
          2,  423,        988,        277,       10.1,        101,       5.05   ,   -1.54489
          2,  424,        207,        468,       10.1,        101,       5.05   ,  -0.153665
          2,  425,        362,        890,       10.1,        101,       5.05   ,  -0.460812
          2,  426,        350,        562,       10.1,        101,       5.05   ,   0.159912
          2,  427,         66,        843,       10.1,        101,       5.05   ,  -0.444913
          2,  428,        673,        599,       10.1,        101,       5.05   ,  -0.762576
          2,  429,        573,         21,       10.1,        101,       5.05   ,    0.71779
          2,  430,        910,        804,       10.1,        101,       5.05   ,   0.169528
          2,  431,        784,        614,       10.1,        101,       5.05   ,  -0.227623
          2,  432,        237,        904,       10.1,        101,       5.05   ,   -0.30275
          2,  433,        714,        123,       10.1,        101,       5.05   ,    1.34385
          2,  434,        979,        803,       10.1,        101,       5.05   ,   -1.18774
          2,  435,        341,        932,       10.1,        101,       5.05   ,   0.669222
          2,  436,        823,        779,       10.1,        101,       5.05   ,  -0.228757
          2,  437,        687,        214,       10.1,        101,       5.05   ,   0.694908
          2,  438,        625,        563,       10.1,        101,       5.05   ,    1.33529
          2,  439,        696,        530,       10.1,        101,       5.05   ,   0.511138
          2,  440,        436,        635,       10.1,        101,       5.05   ,    1.06908
          2,  441,        514,        642,       10.1,        101,       5.05   ,  -0.789778
          2,  442,        298,        130,       10.1,        101,       5.05   ,   -1.54418
          2,  443,         63,        885,       10.1,        101,       5.05   ,  -0.833288
          2,  444,        487,         76,       10.1,        101,       5.05   ,    1.06971
          2,  445,         42,        867,       10.1,        101,       5.05   ,   -1.55508
          2,  446,        660,         99,       10.1,        101,       5.05   ,  -0.439009
          2,  447,        583,        357,       10.1,        101,       5.05   ,    1.16418
          2,  448,        319,        272,       10.1,        101,       5.05   ,   -1.37602
          2,  449,        715,        465,       10.1,        101,       5.05   ,  -0.495396
          2,  450,        182,        778,       10.1,        101,       5.05   ,    1.37133
          2,  451,        190,        967,       10.1,        101,       5.05   ,  -0.176911
          2,  452,        410,        483,       10.1,        101,       5.05   ,   0.696568
          2,  453,        345,        625,       10.1,        101,       5.05   ,  -0.762375
          2,  454,        579,        951,       10.1,        101,       5.05   ,  -0.247903
          2,  455,        741,        690,       10.1,        101,       5.05   ,   -1.42137
          2,  456,        876,        834,       10.1,        101,       5.05   ,  0.0196542
          2,  457,        488,        223,       10.1,        101,       5.05   ,     -1.248
          2,  458,        594,        679,       10.1,        101,       5.05   ,   -1.35666
          2,  459,        412,        518,       10.1,        101,       5.05   ,   0.532973
          2,  460,        386,        200,       10.1,        101,       5.05   ,  -0.213685
          2,  461,        575,        687,       10.1,        101,       5.05   ,   -1.43005
          2,  462,        863,        930,       10.1,        101,       5.05   ,   -1.17349
          2,  463,        512,        937,       10.1,        101,       5.05   ,   -1.44168
          2,  464,        779,        754,       10.1,        101,       5.05   ,   0.837851
          2,  465,        859,         52,       10.1,        101,       5.05   ,  0.0518995
          2,  466,        876,        378,       10.1,        101,       5.05   ,   0.403615
          2,  467,        327,        602,       10.1,        101,       5.05   ,    1.43281
          2,  468,        715,        918,       10.1,        101,       5.05   ,  -0.638275
          2,  469,        643,          2,       10.1,        101,       5.05   ,  -0.546996
          2,  470,        829,        232,       10.1,        101,       5.05   ,   0.497184
          2,  471,        960,         99,       10.1,        101,       5.05   ,   -1.23567
          2,  472,        328,        139,       10.1,        101,       5.05   ,  -0.419142
          2,  473,        868,        113,       10.1,        101,       5.05   ,  -0.102764
          2,  474,        836,        423,       10.1,        101,       5.05   ,   -1.37413
          2,  475,        717,        120,       10.1,        101,       5.05   ,    1.03007
          2,  476,        409,        150,       10.1,        101,       5.05   ,   0.848981
          2,  477,        851,        298,       10.1,        101,       5.05   ,   0.902966
          2,  478,        582,         64,       10.1,        101,       5.05   ,   -1.10035
          2,  479,        102,        753,       10.1,        101,       5.05   ,  0.0861754
          2,  480,        880,        357,       10.1,        101,       5.05   , -0.0309346
          2,  481,        447,         89,       10.1,        101,       5.05   , 0.00551722
          2,  482,         93,        987,       10.1,        101,       5.05   ,   0.533714
          2,  483,        310,        787,       10.1,        101,       5.05   ,  -0.964265
          2,  484,        317,        871,       10.1,        101,       5.05   ,    1.34685
          2,  485,        354,        991,       10.1,        101,       5.05   ,  -0.292333
          2,  486,        993,        323,       10.1,        101,       5.05   ,    1.32352
          2,  487,        912,        388,       10.1,        101,       5.05   ,    1.19105
          2,  488,        897,         93,       10.1,        101,       5.05   ,  -0.506028
          2,  489,        360,        132,       10.1,        101,       5.05   ,   0.526927
          2,  490,        417,        452,       10.1,        101,       5.05   ,    1.45036
          2,  491,        766,         34,       10.1,        101,       5.05   ,   0.106347
          2,  492,        778,        347,       10.1,        101,       5.05   ,   0.790807
          2,  493,        769,        474,       10.1,        101,       5.05   ,   -1.19226
          2,  494,        520,         91,       10.1,        101,       5.05   ,   -1.35095
          2,  495,        966,        295,       10.1,        101,       5.05   ,  -0.767224
          2,  496,        280,        886,       10.1,        101,       5.05   ,   0.591629
          2,  497,        868,         97,       10.1,        101,       5.05   ,  -0.332004
          2,  498,        542,        901,       10.1,        101,       5.05   ,   0.428274
          2,  499,        806,        695,       10.1,        101,       5.05   ,   -0.81258
          2,  500,        993,        996,       10.1,        101,       5.05   ,  -0.452801
          2,  501,        959,        687,       10.1,        101,       5.05   ,   -0.17054
          2,  502,        407,        943,       10.1,        101,       5.05   ,    1.52968
          2,  503,        764,        624,       10.1,        101,       5.05   ,    1.11419
          2,  504,        671,        476,       10.1,        101,       5.05   ,   0.902999
          2,  505,        862,        619,       10.1,        101,       5.05   ,   0.149802
          2,  506,        191,        116,       10.1,        101,       5.05   ,   0.388327
          2,  507,        507,        221,       10.1,        101,       5.05   ,    1.54647
          2,  508,        340,        171,       10.1,        101,       5.05   ,   0.814802
          2,  509,        307,        482,       10.1,        101,       5.05   ,    1.41363
          2,  510,         12,        525,       10.1,        101,       5.05   ,    1.26602
          2,  511,        373,          7,       10.1,        101,       5.05   ,   -1.32692
          2,  512,         35,        382,       10.1,        101,       5.05   ,   -1.26965
          2,  513,        825,        163,       10.1,        101,       5.05   ,   -1.16623
          2,  514,        955,        392,       10.1,        101,       5.05   ,    1.41879
          2,  515,        502,        909,       10.1,        101,       5.05   ,   -1.16269
          2,  516,        969,        841,       10.1,        101,       5.05   ,  -0.308819
          2,  517,        475,        257,       10.1,        101,       5.05   ,   -1.20504
          2,  518,        611,        211,       10.1,        101,       5.05   ,  -0.772667
          2,  519,        414,        448,       10.1,        101,       5.05   ,   0.734179
          2,  520,        378,        401,       10.1,        101,       5.05   ,   -1.24783
          2,  521,        316,        776,       10.1,        101,       5.05   ,   0.148862
          2,  522,        129,        556,       10.1,        101,       5.05   ,   0.930717
          2,  523,        947,        386,       10.1,        101,       5.05   ,  -0.549772
          2,  524,        714,         99,       10.1,        101,       5.05   ,  0.0409022
          2,  525,        282,         28,       10.1,        101,       5.05   ,  -0.495397
          2,  526,         97,        488,       10.1,        101,       5.05   ,  -0.239655
          2,  527,        919,        913,       10.1,        101,       5.05   ,  -0.195927
          2,  528,        668,        370,       10.1,        101,       5.05   ,  -0.381318
          2,  529,        147,         97,       10.1,        101,       5.05   ,   0.398489
          2,  530,        960,        824,       10.1,        101,       5.05   ,  -0.464957
          2,  531,         77,        737,       10.1,        101,       5.05   ,   0.165462
          2,  532,        226,        544,       10.1,        101,       5.05   ,   0.264534
          2,  533,        667,        830,       10.1,        101,       5.05   ,  -0.428143
          2,  534,        703,        356,       10.1,        101,       5.05   ,    1.01162
          2,  535,         24,        625,       10.1,        101,       5.05   ,   0.966559
          2,  536,        368,        862,       10.1,        101,       5.05   ,   -1.33431
          2,  537,        313,        744,       10.1,        101,       5.05   ,    0.16607
          2,  538,         20,        986,       10.1,        101,       5.05   ,   0.309598
          2,  539,        770,        506,       10.1,        101,       5.05   ,   0.612136
          2,  540,        899,        630,       10.1,        101,       5.05   ,   -1.15508
          2,  541,        289,        425,       10.1,        101,       5.05   ,    1.01545
          2,  542,        437,          8,       10.1,        101,       5.05   ,  -0.628071
          2,  543,        907,        890,       10.1,        101,       5.05   ,   -0.54486
          2,  544,        548,        383,       10.1,        101,       5.05   ,  -0.526374
          2,  545,        897,        100,       10.1,        101,       5.05   ,   -0.39282
          2,  546,        572,        881,       10.1,        101,       5.05   ,   0.348884
          2,  547,        985,        900,       10.1,        101,       5.05   ,   0.316736
          2,  548,        201,        270,       10.1,        101,       5.05   ,    1.19474
          2,  549,        449,        234,       10.1,        101,       5.05   ,    0.61039
          2,  550,        762,        394,       10.1,        101,       5.05   ,    1.49909
          2,  551,        283,        430,       10.1,        101,       5.05   ,   -1.51663
          2,  552,         14,        524,       10.1,        101,       5.05   ,  -0.426334
          2,  553,        386,        471,       10.1,        101,       5.05   ,   0.590709
          2,  554,         82,        155,       10.1,        101,       5.05   ,   0.181736
          2,  555,        190,        822,       10.1,        101,       5.05   ,   0.876922
          2,  556,        768,        262,       10.1,        101,       5.05   ,    0.53949
          2,  557,        470,        222,       10.1,        101,       5.05   ,  -0.425578
          2,  558,         96,        540,       10.1,        101,       5.05   ,   0.270332
          2,  559,        875,        768,       10.1,        101,       5.05   ,  -0.525035
          2,  560,        561,        203,       10.1,        101,       5.05   ,  -0.626646
          2,  561,        841,        700,       10.1,        101,       5.05   ,   -1.12191
          2,  562,        284,        839,       10.1,        101,       5.05   ,   -1.43725
          2,  563,        402,        204,       10.1,        101,       5.05   ,    -1.4794
          2,  564,        416,        122,       10.1,        101,       5.05   ,   -1.52525
          2,  565,         76,        201,       10.1,        101,       5.05   ,   0.272951
          2,  566,        372,        963,       10.1,        101,       5.05   ,  -0.495199
          2,  567,         90,        689,       10.1,        101,       5.05   ,   -1.40267
          2,  568,        434,        279,       10.1,        101,       5.05   ,   -1.43056
          2,  569,        759,        125,       10.1,        101,       5.05   ,  -0.576947
          2,  570,        580,        663,       10.1,        101,       5.05   ,   -1.44429
          2,  571,        960,        729,       10.1,        101,       5.05   ,  -0.595877
          2,  572,        369,        856,       10.1,        101,       5.05   ,  0.0644358
          2,  573,          9,        998,       10.1,        101,       5.05   ,   0.710015
          2,  574,        108,        529,       10.1,        101,       5.05   ,    1.11357
          2,  575,        708,        201,       10.1,        101,       5.05   ,  -0.257803
          2,  576,        430,        385,       10.1,        101,       5.05   ,    1.45134
          2,  577,        407,        388,       10.1,        101,       5.05   ,     1.2538
          2,  578,        138,        203,       10.1,        101,       5.05   ,  -0.528169
          2,  579,        449,        353,       10.1,        101,       5.05   ,  -0.723957
          2,  580,        230,        595,       10.1,        101,       5.05   ,   -0.75012
          2,  581,        299,        574,       10.1,        101,       5.05   ,   0.448411
          2,  582,         59,         40,       10.1,        101,       5.05   ,  -0.260832
          2,  583,         93,        709,       10.1,        101,       5.05   ,    1.19084
          2,  584,        740,        121,       10.1,        101,       5.05   , -0.0896644
          2,  585,        389,        117,       10.1,        101,       5.05   ,   0.402405
          2,  586,        845,         20,       10.1,        101,       5.05   ,    -1.2124
          2,  587,        412,        686,       10.1,        101,       5.05   ,   -1.38486
          2,  588,        505,        237,       10.1,        101,       5.05   ,    1.19907
          2,  589,        400,        671,       10.1,        101,       5.05   ,   -0.88178
          2,  590,        940,        677,       10.1,        101,       5.05   ,   -1.09963
          2,  591,        729,        669,       10.1,        101,       5.05   ,   -1.02228
          2,  592,        936,        142,       10.1,        101,       5.05   ,   0.124895
          2,  593,        927,        827,       10.1,        101,       5.05   , 0.00870493
          2,  594,        898,        702,       10.1,        101,       5.05   , -0.0470827
          2,  595,        270,        109,       10.1,        101,       5.05   ,  -0.716357
          2,  596,         91,         60,       10.1,        101,       5.05   ,  -0.378491
          2,  597,          7,        274,       10.1,        101,       5.05   ,    0.76847
          2,  598,        892,        593,       10.1,        101,       5.05   ,  -0.465609
          2,  599,        669,        850,       10.1,        101,       5.05   , 0.00953234
          2,  600,        504,        324,       10.1,        101,       5.05   ,    1.20604
          2,  601,        267,        530,       10.1,        101,       5.05   ,  -0.813744
          2,  602,        131,        111,       10.1,        101,       5.05   ,  -0.676622
          2,  603,         15,        482,       10.1,        101,       5.05   ,   0.312051
          2,  604,        571,        304,       10.1,        101,       5.05   ,   0.997214
          2,  605,        868,        447,       10.1,        101,       5.05   ,   0.189915
          2,  606,        811,        276,       10.1,        101,       5.05   , -0.0583855
          2,  607,        846,        612,       10.1,        101,       5.05   , -0.0399528
          2,  608,        444,        822,       10.1,        101,       5.05   ,  -0.775351
          2,  609,        397,        901,       10.1,        101,       5.05   ,    1.38059
          2,  610,        344,        826,       10.1,        101,       5.05   ,   0.701218
          2,  611,        636,        331,       10.1,        101,       5.05   ,   -0.14252
          2,  612,        128,         95,       10.1,        101,       5.05   ,   0.490569
          2,  613,        667,          9,       10.1,        101,       5.05   ,   -1.53051
          2,  614,        910,        576,       10.1,        101,       5.05   ,    -1.0641
          2,  615,        175,        354,       10.1,        101,       5.05   ,  -0.341661
          2,  616,         66,        821,       10.1,        101,       5.05   ,   0.184974
          2,  617,        432,        420,       10.1,        101,       5.05   ,   0.308564
          2,  618,        506,         79,       10.1,        101,       5.05   ,   0.584093
          2,  619,        291,        782,       10.1,        101,       5.05   ,    1.30488
          2,  620,        390,        340,       10.1,        101,       5.05   ,    0.16484
          2,  621,        396,        595,       10.1,        101,       5.05   ,  -0.776839
          2,  622,        251,        356,       10.1,        101,       5.05   ,  0.0512309
          2,  623,        388,        983,       10.1,        101,       5.05   ,    0.40552
          2,  624,        120,        529,       10.1,        101,       5.05   ,  -0.658084
          2,  625,        197,        169,       10.1,        101,       5.05   ,  -0.230964
          2,  626,        627,        492,       10.1,        101,       5.05   ,  -0.486794
          2,  627,        335,        639,       10.1,        101,       5.05   ,   0.629914
          2,  628,        472,        861,       10.1,        101,       5.05   ,  -0.680881
          2,  629,        857,        859,       10.1,        101,       5.05   ,    1.18042
          2,  630,        820,        333,       10.1,        101,       5.05   ,   -0.72954
          2,  631,         38,        472,       10.1,        101,       5.05   ,   -1.23573
          2,  632,        933,        255,       10.1,        101,       5.05   ,  -0.335572
          2,  633,        353,        234,       10.1,        101,       5.05   ,  -0.461158
          2,  634,        745,        197,       10.1,        101,       5.05   ,  -0.463208
          2,  635,        296,        926,       10.1,        101,       5.05   ,  -0.296534
          2,  636,        340,        605,       10.1,        101,       5.05   ,   -1.17403
          2,  637,        231,        216,       10.1,        101,       5.05   ,    0.15819
          2,  638,        411,        155,       10.1,        101,       5.05   ,   -0.65943
          2,  639,        634,        536,       10.1,        101,       5.05   ,  -0.580729
          2,  640,         12,        254,       10.1,        101,       5.05   ,  -0.190677
          2,  641,        241,        654,       10.1,        101,       5.05   ,   0.882946
          2,  642,        125,        426,       10.1,        101,       5.05   ,  -0.625739
          2,  643,        635,        101,       10.1,        101,       5.05   ,    1.52258
          2,  644,        766,        415,       10.1,        101,       5.05   ,  -0.910179
          2,  645,         48,        251,       10.1,        101,       5.05   ,   0.476864
          2,  646,        469,        119,       10.1,        101,       5.05   ,   0.616201
          2,  647,        455,        229,       10.1,        101,       5.05   ,    0.23842
          2,  648,        988,        884,       10.1,        101,       5.05   ,   0.111439
          2,  649,        494,         96,       10.1,        101,       5.05   ,   0.403758
          2,  650,        809,        873,       10.1,        101,       5.05   ,    1.56955
          2,  651,        647,        955,       10.1,        101,       5.05   ,   0.722771
          2,  652,        483,        742,       10.1,        101,       5.05   ,    1.17346
          2,  653,        841,        647,       10.1,        101,       5.05   , -0.0273188
          2,  654,        937,        524,       10.1,        101,       5.05   ,  -0.593402
          2,  655,        782,         91,       10.1,        101,       5.05   ,    0.20104
          2,  656,        822,        352,       10.1,        101,       5.05   ,    1.53226
          2,  657,          8,        474,       10.1,        101,       5.05   ,   -1.34575
          2,  658,        340,        717,       10.1,        101,       5.05   ,   -1.35925
          2,  659,        503,        263,       10.1,        101,       5.05   ,   0.632655
          2,  660,        470,        162,       10.1,        101,       5.05   ,   0.668641
          2,  661,        389,        571,       10.1,        101,       5.05   ,  -0.767035
          2,  662,         94,        106,       10.1,        101,       5.05   ,  -0.613887
          2,  663,        651,        629,       10.1,        101,       5.05   ,    1.47415
          2,  664,        781,        302,       10.1,        101,       5.05   ,   -1.52683
          2,  665,        693,         93,       10.1,        101,       5.05   ,    0.83627
          2,  666,        675,        439,       10.1,        101,       5.05   ,   0.202886
          2,  667,        419,        881,       10.1,        101,       5.05   ,   -1.51735
          2,  668,        765,         98,       10.1,        101,       5.05   ,  -0.641385
          2,  669,        998,        101,       10.1,        101,       5.05   ,   -1.29264
          2,  670,        573,          6,       10.1,        101,       5.05   ,    1.35797
------------------------------------------------------------------------------
Component[2] Total Sloped Parallelepiped = 670