Component 2 maximum area=0.323322 [on 1000x1000]
Component type: Sloped rectangle
---------------------------------------------------------------------------------------
--------------|------- Center-----|----- dimensions---------|----------------------
component| id|    X       |     Y      |  Width/a     | height/b |   hoop   |   Slope   
---------------------------------------------------------------------------------------
          2,    1,        501,        944,       10.1,        101,       5.05   ,    0.19825
          2,    2,        124,        342,       10.1,        101,       5.05   ,   0.494945
          2,    3,         62,        245,       10.1,        101,       5.05   ,   0.519677
          2,    4,         60,        908,       10.1,        101,       5.05   ,    1.56036
          2,    5,        339,        883,       10.1,        101,       5.05   ,   -1.13613
          2,    6,        185,        866,       10.1,        101,       5.05   ,    1.36075
          2,    7,        570,        798,       10.1,        101,       5.05   ,  -0.929031
          2,    8,        221,        155,       10.1,        101,       5.05   , -0.0322514
          2,    9,        755,        905,       10.1,        101,       5.05   ,    1.39111
          2,   10,         12,        478,       10.1,        101,       5.05   ,   0.710895
          2,   11,        854,        891,       10.1,        101,       5.05   ,    1.24223
          2,   12,        193,        976,       10.1,        101,       5.05   ,   0.855634
          2,   13,         95,        633,       10.1,        101,       5.05   ,    1.15036
          2,   14,        805,        478,       10.1,        101,       5.05   ,  -0.346454
          2,   15,        170,        281,       10.1,        101,       5.05   ,   -1.26733
          2,   16,        632,        116,       10.1,        101,       5.05   ,   -1.48032
          2,   17,        453,        800,       10.1,        101,       5.05   ,    1.32991
          2,   18,        209,        551,       10.1,        101,       5.05   ,   0.989463
          2,   19,        335,        211,       10.1,        101,       5.05   ,  -0.599382
          2,   20,        694,        442,       10.1,        101,       5.05   ,  -0.786404
          2,   21,         55,        536,       10.1,        101,       5.05   ,   -1.48603
          2,   22,        254,        799,       10.1,        101,       5.05   ,  -0.321595
          2,   23,         68,        535,       10.1,        101,       5.05   ,  -0.825627
          2,   24,        295,         81,       10.1,        101,       5.05   ,   0.340726
          2,   25,        798,         27,       10.1,        101,       5.05   ,   0.540594
          2,   26,        175,        927,       10.1,        101,       5.05   ,    1.55231
          2,   27,        866,        914,       10.1,        101,       5.05   ,    -1.4713
          2,   28,        517,        147,       10.1,        101,       5.05   ,  -0.675297
          2,   29,        730,        737,       10.1,        101,       5.05   ,    1.48377
          2,   30,        535,        640,       10.1,        101,       5.05   ,  0.0262534
          2,   31,         37,        519,       10.1,        101,       5.05   ,   0.326666
          2,   32,         40,        359,       10.1,        101,       5.05   ,   0.725029
          2,   33,        696,        558,       10.1,        101,       5.05   ,   0.754143
          2,   34,        400,        390,       10.1,        101,       5.05   ,   0.541488
          2,   35,        565,        871,       10.1,        101,       5.05   ,    1.43415
          2,   36,        908,        333,       10.1,        101,       5.05   ,  -0.731141
          2,   37,        203,        583,       10.1,        101,       5.05   ,   -1.48697
          2,   38,        759,        335,       10.1,        101,       5.05   ,   0.363491
          2,   39,        496,         68,       10.1,        101,       5.05   ,  -0.036707
          2,   40,        802,        850,       10.1,        101,       5.05   ,    1.52946
          2,   41,         60,        253,       10.1,        101,       5.05   ,  -0.042503
          2,   42,        381,        997,       10.1,        101,       5.05   ,   0.783979
          2,   43,        116,         70,       10.1,        101,       5.05   ,    1.18081
          2,   44,        550,        744,       10.1,        101,       5.05   ,   0.220926
          2,   45,        990,        519,       10.1,        101,       5.05   ,  -0.240213
          2,   46,        272,        329,       10.1,        101,       5.05   ,   0.944091
          2,   47,        379,         82,       10.1,        101,       5.05   ,  -0.330541
          2,   48,        791,        429,       10.1,        101,       5.05   ,    0.84322
          2,   49,        885,        855,       10.1,        101,       5.05   ,    1.02526
          2,   50,        569,        352,       10.1,        101,       5.05   ,   0.714209
          2,   51,        579,        184,       10.1,        101,       5.05   ,  -0.136152
          2,   52,        476,         20,       10.1,        101,       5.05   ,  -0.201934
          2,   53,         83,        373,       10.1,        101,       5.05   ,    1.02863
          2,   54,        268,        226,       10.1,        101,       5.05   ,  -0.191554
          2,   55,        880,        622,       10.1,        101,       5.05   ,   -1.22255
          2,   56,         64,        307,       10.1,        101,       5.05   ,   0.322927
          2,   57,        392,        497,       10.1,        101,       5.05   ,   0.951741
          2,   58,        727,        708,       10.1,        101,       5.05   ,  -0.715695
          2,   59,        124,         27,       10.1,        101,       5.05   ,   -1.11579
          2,   60,        721,        530,       10.1,        101,       5.05   ,   -0.20911
          2,   61,        547,         30,       10.1,        101,       5.05   ,   -1.42474
          2,   62,        567,        635,       10.1,        101,       5.05   ,  -0.976821
          2,   63,        633,        586,       10.1,        101,       5.05   ,   0.935509
          2,   64,        112,        477,       10.1,        101,       5.05   ,     -1.135
          2,   65,        558,        786,       10.1,        101,       5.05   ,    1.49072
          2,   66,        252,        655,       10.1,        101,       5.05   ,   0.730559
          2,   67,        335,        704,       10.1,        101,       5.05   ,   0.164911
          2,   68,        917,        672,       10.1,        101,       5.05   ,   -0.68587
          2,   69,        562,        861,       10.1,        101,       5.05   ,   0.815311
          2,   70,        753,        972,       10.1,        101,       5.05   ,   0.488661
          2,   71,        954,        570,       10.1,        101,       5.05   ,   0.624046
          2,   72,        233,        829,       10.1,        101,       5.05   ,   0.513815
          2,   73,        786,        373,       10.1,        101,       5.05   ,    1.02911
          2,   74,        247,         37,       10.1,        101,       5.05   ,    1.48123
          2,   75,        488,         95,       10.1,        101,       5.05   ,   -0.24399
          2,   76,        798,        167,       10.1,        101,       5.05   ,  -0.052606
          2,   77,        670,          9,       10.1,        101,       5.05   ,   0.903101
          2,   78,        982,        659,       10.1,        101,       5.05   ,    1.03565
          2,   79,        517,         97,       10.1,        101,       5.05   ,   -1.39494
          2,   80,        703,        746,       10.1,        101,       5.05   ,   -1.44352
          2,   81,         45,         33,       10.1,        101,       5.05   ,     0.4011
          2,   82,        485,        240,       10.1,        101,       5.05   ,  0.0320541
          2,   83,        522,         92,       10.1,        101,       5.05   ,   0.436346
          2,   84,        807,        275,       10.1,        101,       5.05   ,  -0.636983
          2,   85,        834,        203,       10.1,        101,       5.05   ,   0.303025
          2,   86,        732,        880,       10.1,        101,       5.05   ,    1.01344
          2,   87,        980,        330,       10.1,        101,       5.05   ,   0.955007
          2,   88,        107,        809,       10.1,        101,       5.05   ,    0.39723
          2,   89,        803,        281,       10.1,        101,       5.05   ,  -0.183246
          2,   90,        225,         91,       10.1,        101,       5.05   ,  -0.483156
          2,   91,         39,        667,       10.1,        101,       5.05   ,    1.19394
          2,   92,        318,        759,       10.1,        101,       5.05   ,    1.46898
          2,   93,        694,        321,       10.1,        101,       5.05   ,   0.503858
          2,   94,        143,        363,       10.1,        101,       5.05   ,   -1.20327
          2,   95,        423,        618,       10.1,        101,       5.05   ,  -0.710347
          2,   96,        760,        922,       10.1,        101,       5.05   ,   0.867461
          2,   97,        221,         71,       10.1,        101,       5.05   ,  -0.104487
          2,   98,        828,        130,       10.1,        101,       5.05   ,    1.49744
          2,   99,        469,        872,       10.1,        101,       5.05   ,   0.671845
          2,  100,        700,        166,       10.1,        101,       5.05   ,  -0.689519
          2,  101,        565,        410,       10.1,        101,       5.05   ,   0.400757
          2,  102,         94,        264,       10.1,        101,       5.05   ,  -0.212742
          2,  103,        368,        209,       10.1,        101,       5.05   ,  -0.394242
          2,  104,        220,        409,       10.1,        101,       5.05   , -0.0811746
          2,  105,        877,        284,       10.1,        101,       5.05   ,   -1.41237
          2,  106,        303,        454,       10.1,        101,       5.05   ,   -0.38097
          2,  107,        683,        564,       10.1,        101,       5.05   ,  -0.503592
          2,  108,        564,        408,       10.1,        101,       5.05   ,     0.2929
          2,  109,          1,        586,       10.1,        101,       5.05   ,  -0.146518
          2,  110,        356,        448,       10.1,        101,       5.05   ,  -0.774777
          2,  111,        326,        694,       10.1,        101,       5.05   ,   -1.56786
          2,  112,        951,        106,       10.1,        101,       5.05   ,     0.4586
          2,  113,        326,        572,       10.1,        101,       5.05   ,   0.639688
          2,  114,        129,        553,       10.1,        101,       5.05   ,    1.05386
          2,  115,        840,        569,       10.1,        101,       5.05   ,   -0.56123
          2,  116,        926,        410,       10.1,        101,       5.05   ,   0.926999
          2,  117,        827,        330,       10.1,        101,       5.05   ,   -1.01525
          2,  118,         34,        195,       10.1,        101,       5.05   ,  -0.471731
          2,  119,        732,        224,       10.1,        101,       5.05   ,    1.09812
          2,  120,        852,        129,       10.1,        101,       5.05   ,  -0.939831
          2,  121,        314,        382,       10.1,        101,       5.05   ,  -0.403759
          2,  122,        677,        339,       10.1,        101,       5.05   ,   -1.50947
          2,  123,        257,        244,       10.1,        101,       5.05   ,   -1.47987
          2,  124,        602,        354,       10.1,        101,       5.05   ,   0.369232
          2,  125,        139,        803,       10.1,        101,       5.05   ,    1.17468
          2,  126,        279,        303,       10.1,        101,       5.05   ,  -0.847437
          2,  127,        618,        888,       10.1,        101,       5.05   ,    1.03999
          2,  128,         59,         44,       10.1,        101,       5.05   ,  -0.835805
          2,  129,        547,        391,       10.1,        101,       5.05   ,   -1.07777
          2,  130,        412,        512,       10.1,        101,       5.05   ,   -1.09575
          2,  131,        995,         69,       10.1,        101,       5.05   , -0.0282596
          2,  132,        880,        878,       10.1,        101,       5.05   ,   -1.26076
          2,  133,        354,        111,       10.1,        101,       5.05   ,   -1.42872
          2,  134,        952,          4,       10.1,        101,       5.05   ,   0.941203
          2,  135,        520,        780,       10.1,        101,       5.05   ,  -0.403148
          2,  136,        234,        540,       10.1,        101,       5.05   ,   0.365084
          2,  137,        911,        946,       10.1,        101,       5.05   ,  -0.594076
          2,  138,         85,        149,       10.1,        101,       5.05   ,  -0.849458
          2,  139,        875,        969,       10.1,        101,       5.05   ,    1.24938
          2,  140,        913,        443,       10.1,        101,       5.05   ,   0.696323
          2,  141,        725,        657,       10.1,        101,       5.05   ,  -0.981885
          2,  142,        639,         47,       10.1,        101,       5.05   ,    1.56741
          2,  143,         24,        891,       10.1,        101,       5.05   ,  -0.261375
          2,  144,        914,        682,       10.1,        101,       5.05   ,  -0.939324
          2,  145,        965,        422,       10.1,        101,       5.05   ,    1.29992
          2,  146,         80,        560,       10.1,        101,       5.05   ,   0.367284
          2,  147,        481,         90,       10.1,        101,       5.05   ,  0.0260137
          2,  148,        204,        984,       10.1,        101,       5.05   ,   -1.49725
          2,  149,        660,        612,       10.1,        101,       5.05   ,    1.05604
          2,  150,        178,        586,       10.1,        101,       5.05   ,   -1.33962
          2,  151,        868,        134,       10.1,        101,       5.05   ,   0.312633
          2,  152,        468,        402,       10.1,        101,       5.05   ,    0.13672
          2,  153,        252,        704,       10.1,        101,       5.05   ,    1.32994
          2,  154,        334,        894,       10.1,        101,       5.05   ,   -1.26697
          2,  155,        750,        198,       10.1,        101,       5.05   ,   0.349433
          2,  156,        908,        697,       10.1,        101,       5.05   ,  -0.860545
          2,  157,        545,        210,       10.1,        101,       5.05   ,  -0.133164
          2,  158,        204,        449,       10.1,        101,       5.05   ,   0.127052
          2,  159,        642,        498,       10.1,        101,       5.05   ,    0.92182
          2,  160,        927,        397,       10.1,        101,       5.05   ,    1.37503
          2,  161,        517,        923,       10.1,        101,       5.05   ,  -0.881106
          2,  162,        281,        401,       10.1,        101,       5.05   ,  -0.546702
          2,  163,        723,        935,       10.1,        101,       5.05   ,    1.02995
          2,  164,        264,        785,       10.1,        101,       5.05   ,   0.436854
          2,  165,        213,        434,       10.1,        101,       5.05   ,    1.51069
          2,  166,        720,        397,       10.1,        101,       5.05   ,    1.12441
          2,  167,        430,        377,       10.1,        101,       5.05   ,  -0.176974
          2,  168,        225,        637,       10.1,        101,       5.05   ,    0.74323
          2,  169,         58,        342,       10.1,        101,       5.05   ,   0.863135
          2,  170,        427,        937,       10.1,        101,       5.05   ,    1.08498
          2,  171,        551,        160,       10.1,        101,       5.05   ,   0.540516
          2,  172,        306,        938,       10.1,        101,       5.05   ,   0.343847
          2,  173,        603,        608,       10.1,        101,       5.05   ,       1.13
          2,  174,        745,        367,       10.1,        101,       5.05   ,    1.07642
          2,  175,        472,        313,       10.1,        101,       5.05   ,    1.42168
          2,  176,        759,        951,       10.1,        101,       5.05   ,   0.716075
          2,  177,        354,        305,       10.1,        101,       5.05   ,   0.949369
          2,  178,        690,        727,       10.1,        101,       5.05   ,   0.729895
          2,  179,          7,        828,       10.1,        101,       5.05   ,   -1.07075
          2,  180,        102,        368,       10.1,        101,       5.05   ,    -1.0487
          2,  181,        447,        988,       10.1,        101,       5.05   ,   0.876679
          2,  182,         24,        444,       10.1,        101,       5.05   ,    1.21237
          2,  183,        217,        857,       10.1,        101,       5.05   ,  -0.881756
          2,  184,        816,        346,       10.1,        101,       5.05   ,  0.0871228
          2,  185,        386,        396,       10.1,        101,       5.05   ,   0.727778
          2,  186,        334,        107,       10.1,        101,       5.05   ,   -1.05441
          2,  187,        292,        301,       10.1,        101,       5.05   ,      1.147
          2,  188,        585,        336,       10.1,        101,       5.05   ,  -0.826823
          2,  189,        231,        346,       10.1,        101,       5.05   ,    1.36742
          2,  190,        734,        765,       10.1,        101,       5.05   ,    1.55565
          2,  191,        829,        412,       10.1,        101,       5.05   ,  -0.469927
          2,  192,         69,        782,       10.1,        101,       5.05   ,   -1.08858
          2,  193,        371,        984,       10.1,        101,       5.05   ,  -0.996469
          2,  194,        840,        751,       10.1,        101,       5.05   ,   0.607238
          2,  195,        844,        552,       10.1,        101,       5.05   ,   0.809961
          2,  196,        514,        784,       10.1,        101,       5.05   ,  -0.678453
          2,  197,        727,        530,       10.1,        101,       5.05   ,   0.486744
          2,  198,        711,        217,       10.1,        101,       5.05   ,    1.34262
          2,  199,        370,        188,       10.1,        101,       5.05   ,    1.32014
          2,  200,        766,         90,       10.1,        101,       5.05   ,  -0.185215
          2,  201,        215,        889,       10.1,        101,       5.05   ,   0.567916
          2,  202,        248,        761,       10.1,        101,       5.05   ,   -1.44308
          2,  203,        198,        767,       10.1,        101,       5.05   ,   -1.34864
          2,  204,        926,        809,       10.1,        101,       5.05   ,   0.955993
          2,  205,        996,        279,       10.1,        101,       5.05   ,   0.579121
          2,  206,        453,        539,       10.1,        101,       5.05   ,  -0.893576
          2,  207,        460,        529,       10.1,        101,       5.05   ,   0.173342
          2,  208,          2,        681,       10.1,        101,       5.05   ,   -0.10981
          2,  209,        878,        260,       10.1,        101,       5.05   ,  -0.275083
          2,  210,        861,        348,       10.1,        101,       5.05   ,    1.37501
          2,  211,        958,        748,       10.1,        101,       5.05   ,   0.936298
          2,  212,        676,        222,       10.1,        101,       5.05   ,  -0.248796
          2,  213,        459,        476,       10.1,        101,       5.05   ,    1.43894
          2,  214,        310,        679,       10.1,        101,       5.05   ,  -0.596793
          2,  215,         76,        947,       10.1,        101,       5.05   ,    1.13127
          2,  216,        239,         84,       10.1,        101,       5.05   ,    0.47557
          2,  217,        431,        410,       10.1,        101,       5.05   ,   0.902312
          2,  218,        182,        298,       10.1,        101,       5.05   ,   0.437275
          2,  219,         60,         79,       10.1,        101,       5.05   ,   0.230162
          2,  220,         91,         61,       10.1,        101,       5.05   , -0.0418966
          2,  221,        899,        756,       10.1,        101,       5.05   ,  0.0293719
          2,  222,        705,        108,       10.1,        101,       5.05   ,    1.13252
          2,  223,        513,        481,       10.1,        101,       5.05   ,    0.60991
          2,  224,        682,        304,       10.1,        101,       5.05   ,    0.97831
          2,  225,        858,        385,       10.1,        101,       5.05   ,   0.411376
          2,  226,        302,        885,       10.1,        101,       5.05   , -0.0989075
          2,  227,        939,        315,       10.1,        101,       5.05   ,    0.81554
          2,  228,        424,        371,       10.1,        101,       5.05   ,    1.55153
          2,  229,        357,        455,       10.1,        101,       5.05   ,  -0.678648
          2,  230,        401,        694,       10.1,        101,       5.05   ,   0.986264
          2,  231,        313,        913,       10.1,        101,       5.05   ,    1.00076
          2,  232,        156,        744,       10.1,        101,       5.05   ,    1.38211
          2,  233,        364,        243,       10.1,        101,       5.05   ,    0.84507
          2,  234,        509,        341,       10.1,        101,       5.05   ,  0.0579282
          2,  235,        140,        261,       10.1,        101,       5.05   ,   0.309639
          2,  236,         73,          6,       10.1,        101,       5.05   ,   -1.56433
          2,  237,        944,        186,       10.1,        101,       5.05   ,   -1.33222
          2,  238,        207,        928,       10.1,        101,       5.05   ,  -0.372866
          2,  239,        839,        317,       10.1,        101,       5.05   ,    0.28197
          2,  240,        956,        578,       10.1,        101,       5.05   ,    1.12707
          2,  241,        324,        739,       10.1,        101,       5.05   ,   0.103441
          2,  242,        953,        112,       10.1,        101,       5.05   ,   -1.23175
          2,  243,        653,        872,       10.1,        101,       5.05   ,  -0.635602
          2,  244,        281,        826,       10.1,        101,       5.05   ,   -0.77902
          2,  245,         80,        733,       10.1,        101,       5.05   ,   0.379673
          2,  246,        865,        358,       10.1,        101,       5.05   ,   -1.53703
          2,  247,        177,        788,       10.1,        101,       5.05   ,  -0.756232
          2,  248,        749,        452,       10.1,        101,       5.05   ,   0.638551
          2,  249,        462,        429,       10.1,        101,       5.05   ,  -0.509316
          2,  250,        677,        799,       10.1,        101,       5.05   ,   0.709881
          2,  251,        751,        987,       10.1,        101,       5.05   ,   -1.47812
          2,  252,        127,        737,       10.1,        101,       5.05   ,  -0.922788
          2,  253,        219,        602,       10.1,        101,       5.05   ,  -0.157917
          2,  254,        844,        714,       10.1,        101,       5.05   ,   -1.48774
          2,  255,        296,        790,       10.1,        101,       5.05   ,  -0.552112
          2,  256,        413,         51,       10.1,        101,       5.05   ,    1.39925
          2,  257,        989,        878,       10.1,        101,       5.05   ,   0.107556
          2,  258,        370,        718,       10.1,        101,       5.05   ,  -0.554673
          2,  259,         23,        465,       10.1,        101,       5.05   ,    1.19321
          2,  260,        618,        547,       10.1,        101,       5.05   ,   0.920708
          2,  261,        771,        411,       10.1,        101,       5.05   ,   -1.42846
          2,  262,        628,        906,       10.1,        101,       5.05   ,  -0.953833
          2,  263,        939,        518,       10.1,        101,       5.05   ,   -1.52284
          2,  264,        150,        290,       10.1,        101,       5.05   ,  -0.281292
          2,  265,        318,        386,       10.1,        101,       5.05   ,  0.0253743
          2,  266,        892,        101,       10.1,        101,       5.05   ,   0.274332
          2,  267,        933,         58,       10.1,        101,       5.05   ,   0.386789
          2,  268,        187,          8,       10.1,        101,       5.05   ,   0.987703
          2,  269,        962,         78,       10.1,        101,       5.05   ,  -0.359229
          2,  270,        450,        585,       10.1,        101,       5.05   ,   -0.12829
          2,  271,        315,        847,       10.1,        101,       5.05   ,  -0.269976
          2,  272,        305,        489,       10.1,        101,       5.05   ,    1.04963
          2,  273,        633,        667,       10.1,        101,       5.05   ,  -0.221577
          2,  274,        803,        772,       10.1,        101,       5.05   ,   0.182004
          2,  275,        270,        144,       10.1,        101,       5.05   ,   0.998487
          2,  276,        947,        421,       10.1,        101,       5.05   , -0.0443855
          2,  277,         20,        524,       10.1,        101,       5.05   , -0.0903396
          2,  278,        799,        186,       10.1,        101,       5.05   ,   -1.17535
          2,  279,        342,        200,       10.1,        101,       5.05   ,    1.11454
          2,  280,        364,        212,       10.1,        101,       5.05   ,  -0.276148
          2,  281,        444,        964,       10.1,        101,       5.05   ,  -0.468278
          2,  282,        228,        917,       10.1,        101,       5.05   ,  -0.820726
          2,  283,        668,        883,       10.1,        101,       5.05   ,  -0.222547
          2,  284,        743,        487,       10.1,        101,       5.05   ,  -0.901945
          2,  285,        625,        851,       10.1,        101,       5.05   ,   0.676271
          2,  286,        288,        391,       10.1,        101,       5.05   ,    1.13993
          2,  287,        544,        548,       10.1,        101,       5.05   ,  -0.689277
          2,  288,        540,         87,       10.1,        101,       5.05   ,    1.29364
          2,  289,        540,        450,       10.1,        101,       5.05   ,   0.896687
          2,  290,        756,        275,       10.1,        101,       5.05   ,  -0.441282
          2,  291,         38,        681,       10.1,        101,       5.05   ,   -1.06834
          2,  292,        414,         83,       10.1,        101,       5.05   ,   -1.23077
          2,  293,        532,         59,       10.1,        101,       5.05   ,   -0.44841
          2,  294,        289,        685,       10.1,        101,       5.05   ,  -0.614641
          2,  295,        699,         93,       10.1,        101,       5.05   ,  0.0557106
          2,  296,        491,        921,       10.1,        101,       5.05   ,   -1.52507
          2,  297,        702,        117,       10.1,        101,       5.05   ,   0.339904
          2,  298,        213,        565,       10.1,        101,       5.05   ,   0.774199
          2,  299,        580,        887,       10.1,        101,       5.05   ,   0.337178
          2,  300,        524,        555,       10.1,        101,       5.05   ,   0.447142
          2,  301,        146,        887,       10.1,        101,       5.05   ,    0.38751
          2,  302,        531,        939,       10.1,        101,       5.05   ,   0.636515
          2,  303,        153,        832,       10.1,        101,       5.05   ,   -0.10549
          2,  304,        127,        402,       10.1,        101,       5.05   ,   -1.38974
          2,  305,        690,        295,       10.1,        101,       5.05   ,  -0.219809
          2,  306,        915,        852,       10.1,        101,       5.05   ,   -1.26966
          2,  307,        779,        718,       10.1,        101,       5.05   ,   0.666703
          2,  308,        782,        666,       10.1,        101,       5.05   ,   0.248726
          2,  309,        376,        535,       10.1,        101,       5.05   , -0.0880498
          2,  310,        674,        174,       10.1,        101,       5.05   ,   0.725357
          2,  311,        137,        744,       10.1,        101,       5.05   ,   -1.30798
          2,  312,        707,        192,       10.1,        101,       5.05   ,    1.56387
          2,  313,        898,        112,       10.1,        101,       5.05   ,   -1.19183
          2,  314,        151,        765,       10.1,        101,       5.05   ,    -1.0616
          2,  315,        280,        993,       10.1,        101,       5.05   ,  -0.608029
          2,  316,        220,        131,       10.1,        101,       5.05   ,    0.53984
          2,  317,        440,        164,       10.1,        101,       5.05   , -0.0735083
          2,  318,        940,        680,       10.1,        101,       5.05   ,  -0.800171
          2,  319,        527,        344,       10.1,        101,       5.05   ,    -1.2966
          2,  320,        473,        662,       10.1,        101,       5.05   ,    1.07022
          2,  321,        749,        136,       10.1,        101,       5.05   ,   0.716968
          2,  322,        389,        808,       10.1,        101,       5.05   ,   -1.36919
          2,  323,        974,        969,       10.1,        101,       5.05   ,   -1.54699
          2,  324,        332,        133,       10.1,        101,       5.05   ,   0.544122
          2,  325,        880,        695,       10.1,        101,       5.05   ,   -0.31879
          2,  326,        560,        943,       10.1,        101,       5.05   ,   -1.24343
          2,  327,        747,        219,       10.1,        101,       5.05   ,   0.262126
          2,  328,        799,        358,       10.1,        101,       5.05   ,    1.03186
          2,  329,        503,        872,       10.1,        101,       5.05   ,   0.978658
          2,  330,        892,        490,       10.1,        101,       5.05   ,  0.0918385
          2,  331,        427,        553,       10.1,        101,       5.05   ,    1.01645
          2,  332,        689,         92,       10.1,        101,       5.05   ,   -1.49207
          2,  333,        239,        813,       10.1,        101,       5.05   ,   0.405649
          2,  334,        676,        511,       10.1,        101,       5.05   ,  -0.705867
          2,  335,        943,        921,       10.1,        101,       5.05   ,    1.20554
          2,  336,         60,        921,       10.1,        101,       5.05   ,    1.05299
          2,  337,        265,        231,       10.1,        101,       5.05   ,   -1.53996
          2,  338,        679,        159,       10.1,        101,       5.05   ,  -0.516014
          2,  339,        863,        557,       10.1,        101,       5.05   ,  -0.780415
          2,  340,        967,        516,       10.1,        101,       5.05   ,  -0.685437
          2,  341,        117,        342,       10.1,        101,       5.05   ,  -0.174585
          2,  342,        221,          0,       10.1,        101,       5.05   ,   0.518242
          2,  343,        155,        596,       10.1,        101,       5.05   ,   0.128592
          2,  344,        768,        106,       10.1,        101,       5.05   ,   -1.05687
          2,  345,        675,        240,       10.1,        101,       5.05   ,   -1.49802
          2,  346,         60,         64,       10.1,        101,       5.05   ,    -1.0123
          2,  347,        573,        648,       10.1,        101,       5.05   ,  -0.537953
          2,  348,        921,        140,       10.1,        101,       5.05   ,    0.23521
          2,  349,         15,        417,       10.1,        101,       5.05   ,   -1.40232
          2,  350,        742,        359,       10.1,        101,       5.05   ,  -0.528404
          2,  351,        212,        396,       10.1,        101,       5.05   ,   -1.44228
          2,  352,         54,        622,       10.1,        101,       5.05   ,   -1.33744
          2,  353,        381,        580,       10.1,        101,       5.05   ,    0.79755
          2,  354,        511,        727,       10.1,        101,       5.05   ,     1.4586
          2,  355,        570,        504,       10.1,        101,       5.05   ,    1.56021
          2,  356,        279,        890,       10.1,        101,       5.05   ,  -0.413336
          2,  357,        414,        656,       10.1,        101,       5.05   ,  -0.997396
          2,  358,        430,        715,       10.1,        101,       5.05   ,    1.08838
          2,  359,        517,        262,       10.1,        101,       5.05   ,   -0.73063
          2,  360,        633,        651,       10.1,        101,       5.05   ,   -1.07452
          2,  361,        867,        886,       10.1,        101,       5.05   ,   0.993981
          2,  362,        751,        345,       10.1,        101,       5.05   ,  -0.025777
          2,  363,        839,        857,       10.1,        101,       5.05   ,    0.59337
          2,  364,        644,        202,       10.1,        101,       5.05   ,     1.2139
          2,  365,        557,          5,       10.1,        101,       5.05   ,    0.46678
          2,  366,        228,        799,       10.1,        101,       5.05   ,   0.640268
          2,  367,        577,        952,       10.1,        101,       5.05   ,  -0.439252
          2,  368,        961,         69,       10.1,        101,       5.05   ,   -1.13808
          2,  369,        325,        829,       10.1,        101,       5.05   ,   0.703237
          2,  370,        496,        865,       10.1,        101,       5.05   ,   0.747734
          2,  371,        596,        875,       10.1,        101,       5.05   ,   0.176829
          2,  372,        556,        722,       10.1,        101,       5.05   ,   0.567059
          2,  373,        936,        691,       10.1,        101,       5.05   ,    1.14517
          2,  374,        258,        515,       10.1,        101,       5.05   ,  -0.859452
          2,  375,        942,        112,       10.1,        101,       5.05   ,   -0.78047
          2,  376,        435,        359,       10.1,        101,       5.05   ,   -0.29557
          2,  377,        912,        691,       10.1,        101,       5.05   ,   0.313651
          2,  378,        393,        806,       10.1,        101,       5.05   ,  -0.456195
          2,  379,        409,        484,       10.1,        101,       5.05   ,   0.571036
          2,  380,        423,        643,       10.1,        101,       5.05   ,   -1.44149
          2,  381,        831,        615,       10.1,        101,       5.05   ,   0.545727
          2,  382,        381,        432,       10.1,        101,       5.05   ,   0.165661
          2,  383,        972,        375,       10.1,        101,       5.05   ,    1.29642
          2,  384,         81,        645,       10.1,        101,       5.05   ,    -1.0746
          2,  385,        257,        529,       10.1,        101,       5.05   ,  -0.414852
          2,  386,        832,        566,       10.1,        101,       5.05   ,    1.13318
          2,  387,        190,        397,       10.1,        101,       5.05   ,   0.877389
          2,  388,        394,        518,       10.1,        101,       5.05   ,   0.889967
          2,  389,        672,        358,       10.1,        101,       5.05   ,  -0.585891
          2,  390,        951,        205,       10.1,        101,       5.05   ,  0.0319941
          2,  391,        742,        246,       10.1,        101,       5.05   ,   -0.15431
          2,  392,        320,        852,       10.1,        101,       5.05   ,   -1.40549
          2,  393,        276,        742,       10.1,        101,       5.05   ,    -1.3637
          2,  394,        259,        162,       10.1,        101,       5.05   ,    1.13289
          2,  395,        725,        898,       10.1,        101,       5.05   ,  -0.054582
          2,  396,        886,        814,       10.1,        101,       5.05   ,   0.844832
          2,  397,        508,        745,       10.1,        101,       5.05   ,    1.13816
          2,  398,        372,        963,       10.1,        101,       5.05   ,  -0.995022
          2,  399,        502,        639,       10.1,        101,       5.05   ,  -0.453953
          2,  400,        911,        605,       10.1,        101,       5.05   ,    -0.1438
          2,  401,        891,        316,       10.1,        101,       5.05   ,   -0.28387
          2,  402,        733,         29,       10.1,        101,       5.05   ,   -1.51445
          2,  403,        399,        530,       10.1,        101,       5.05   ,   -1.09206
          2,  404,        407,        303,       10.1,        101,       5.05   ,   0.640744
          2,  405,        821,         94,       10.1,        101,       5.05   , -0.0907761
          2,  406,        150,         56,       10.1,        101,       5.05   ,  0.0329083
          2,  407,        974,        299,       10.1,        101,       5.05   ,  -0.925285
          2,  408,        688,        400,       10.1,        101,       5.05   ,  -0.724442
          2,  409,        160,        181,       10.1,        101,       5.05   ,   -1.02105
          2,  410,        826,        536,       10.1,        101,       5.05   ,   -1.32777
          2,  411,        402,        271,       10.1,        101,       5.05   ,  -0.842896
          2,  412,        938,        664,       10.1,        101,       5.05   ,   0.461154
          2,  413,        536,         59,       10.1,        101,       5.05   ,   -0.86392
          2,  414,        888,        865,       10.1,        101,       5.05   ,  -0.616331
          2,  415,        512,        729,       10.1,        101,       5.05   ,   -0.99619
          2,  416,        943,         56,       10.1,        101,       5.05   ,   0.841681
          2,  417,        987,        429,       10.1,        101,       5.05   ,    0.82861
          2,  418,        209,        459,       10.1,        101,       5.05   ,   0.757335
          2,  419,        934,        909,       10.1,        101,       5.05   ,   0.274325
          2,  420,         51,        549,       10.1,        101,       5.05   ,   0.865985
          2,  421,         98,        336,       10.1,        101,       5.05   , -0.0365284
          2,  422,        132,        427,       10.1,        101,       5.05   ,   -0.77098
          2,  423,        807,        846,       10.1,        101,       5.05   ,    1.23693
          2,  424,        981,        260,       10.1,        101,       5.05   ,  -0.266644
          2,  425,        142,        980,       10.1,        101,       5.05   ,   0.661034
          2,  426,        799,        630,       10.1,        101,       5.05   ,   0.180957
          2,  427,        842,        392,       10.1,        101,       5.05   ,     -1.402
          2,  428,        621,        471,       10.1,        101,       5.05   ,    1.19689
          2,  429,        682,         56,       10.1,        101,       5.05   ,  -0.382911
          2,  430,        367,        685,       10.1,        101,       5.05   ,     1.2183
          2,  431,        363,        386,       10.1,        101,       5.05   ,    1.23306
          2,  432,        818,        408,       10.1,        101,       5.05   ,   0.566887
          2,  433,         87,        865,       10.1,        101,       5.05   ,   -1.29933
          2,  434,        380,        555,       10.1,        101,       5.05   ,    1.36671
          2,  435,        933,        567,       10.1,        101,       5.05   ,    0.32471
          2,  436,        698,        741,       10.1,        101,       5.05   ,  -0.115688
          2,  437,        781,        910,       10.1,        101,       5.05   ,  -0.437066
          2,  438,        265,        104,       10.1,        101,       5.05   ,  -0.542718
          2,  439,         29,        132,       10.1,        101,       5.05   ,  -0.956831
          2,  440,        197,        788,       10.1,        101,       5.05   ,  -0.346089
          2,  441,        390,        546,       10.1,        101,       5.05   ,  -0.537046
          2,  442,        268,        465,       10.1,        101,       5.05   ,  -0.593162
          2,  443,        427,        638,       10.1,        101,       5.05   ,   0.104493
          2,  444,        749,        314,       10.1,        101,       5.05   ,   0.407068
          2,  445,        418,        749,       10.1,        101,       5.05   ,   0.305495
          2,  446,        286,        497,       10.1,        101,       5.05   ,    1.52551
          2,  447,        848,        612,       10.1,        101,       5.05   ,    1.39083
          2,  448,        794,        873,       10.1,        101,       5.05   ,   -1.53899
          2,  449,        656,        196,       10.1,        101,       5.05   ,  -0.397329
          2,  450,        351,        638,       10.1,        101,       5.05   ,  -0.538951
          2,  451,        567,        422,       10.1,        101,       5.05   ,  -0.171568
          2,  452,        375,        692,       10.1,        101,       5.05   ,   0.670691
          2,  453,        286,        385,       10.1,        101,       5.05   ,   0.350807
          2,  454,        649,        272,       10.1,        101,       5.05   ,  -0.351578
          2,  455,        479,        973,       10.1,        101,       5.05   ,   -1.44252
          2,  456,        694,        603,       10.1,        101,       5.05   ,  -0.576326
          2,  457,        866,        944,       10.1,        101,       5.05   ,   0.885242
          2,  458,        528,         53,       10.1,        101,       5.05   ,   -1.26356
          2,  459,        758,        362,       10.1,        101,       5.05   , -0.0995322
          2,  460,        842,        697,       10.1,        101,       5.05   ,   0.938461
          2,  461,        217,        598,       10.1,        101,       5.05   ,   0.899889
          2,  462,        619,        862,       10.1,        101,       5.05   ,     0.9648
          2,  463,         66,        527,       10.1,        101,       5.05   ,   -1.28431
          2,  464,         14,        872,       10.1,        101,       5.05   ,  -0.517613
          2,  465,        439,        917,       10.1,        101,       5.05   ,    -1.2178
          2,  466,        955,        758,       10.1,        101,       5.05   , -0.0913225
          2,  467,        343,         78,       10.1,        101,       5.05   ,   -1.42889
          2,  468,        619,        474,       10.1,        101,       5.05   ,    1.54703
          2,  469,        639,        533,       10.1,        101,       5.05   ,    0.44041
          2,  470,        552,         92,       10.1,        101,       5.05   ,   -1.35282
          2,  471,        432,        935,       10.1,        101,       5.05   ,   0.113902
          2,  472,        481,        297,       10.1,        101,       5.05   ,    1.15874
          2,  473,         46,        474,       10.1,        101,       5.05   ,  -0.149525
          2,  474,        188,        169,       10.1,        101,       5.05   ,   0.887881
          2,  475,        376,         85,       10.1,        101,       5.05   ,   0.793152
          2,  476,        171,        281,       10.1,        101,       5.05   ,   0.597182
          2,  477,        773,        160,       10.1,        101,       5.05   ,  -0.341691
          2,  478,        740,        304,       10.1,        101,       5.05   ,   -1.13014
          2,  479,        884,        493,       10.1,        101,       5.05   ,  -0.328167
          2,  480,        217,        988,       10.1,        101,       5.05   ,   0.211722
          2,  481,        580,        681,       10.1,        101,       5.05   ,    -0.1384
          2,  482,        297,        477,       10.1,        101,       5.05   ,    0.59352
          2,  483,        744,        378,       10.1,        101,       5.05   ,   -1.50216
          2,  484,         21,        332,       10.1,        101,       5.05   ,    1.54868
          2,  485,         10,        643,       10.1,        101,       5.05   ,    0.70424
          2,  486,        734,        942,       10.1,        101,       5.05   ,  -0.942618
          2,  487,        310,        938,       10.1,        101,       5.05   ,  -0.448238
          2,  488,         44,        356,       10.1,        101,       5.05   ,  -0.908613
          2,  489,        587,        134,       10.1,        101,       5.05   ,  0.0809795
          2,  490,         76,         10,       10.1,        101,       5.05   ,   -0.81731
          2,  491,        528,        220,       10.1,        101,       5.05   ,  -0.876984
          2,  492,        686,         30,       10.1,        101,       5.05   ,   0.545473
          2,  493,        788,        993,       10.1,        101,       5.05   ,   -1.30623
          2,  494,        388,        258,       10.1,        101,       5.05   ,   -1.32533
          2,  495,        662,        874,       10.1,        101,       5.05   ,   -1.25341
          2,  496,        755,        592,       10.1,        101,       5.05   ,    1.13375
          2,  497,        257,        448,       10.1,        101,       5.05   ,  -0.566761
          2,  498,        579,        164,       10.1,        101,       5.05   ,   0.376215
          2,  499,          7,        116,       10.1,        101,       5.05   ,   0.620409
          2,  500,        437,        914,       10.1,        101,       5.05   ,  -0.335686
          2,  501,         82,        802,       10.1,        101,       5.05   ,  -0.183106
          2,  502,        150,        900,       10.1,        101,       5.05   ,  -0.868376
          2,  503,        303,        259,       10.1,        101,       5.05   ,    -0.1275
          2,  504,        324,         81,       10.1,        101,       5.05   ,   -1.21623
          2,  505,        850,        238,       10.1,        101,       5.05   ,     1.4074
          2,  506,        682,        881,       10.1,        101,       5.05   ,   -1.39556
          2,  507,        894,        191,       10.1,        101,       5.05   ,  -0.359425
          2,  508,        470,        161,       10.1,        101,       5.05   ,    1.44165
          2,  509,        539,         52,       10.1,        101,       5.05   ,   -0.87126
          2,  510,        128,        548,       10.1,        101,       5.05   ,   -1.36867
          2,  511,        865,        947,       10.1,        101,       5.05   ,     1.2474
          2,  512,        470,        529,       10.1,        101,       5.05   ,   -1.46705
          2,  513,        989,        972,       10.1,        101,       5.05   ,  -0.742351
          2,  514,         93,        947,       10.1,        101,       5.05   , -0.0452225
          2,  515,        703,        655,       10.1,        101,       5.05   ,    1.16528
          2,  516,        100,        595,       10.1,        101,       5.05   ,  -0.512467
          2,  517,        718,        379,       10.1,        101,       5.05   ,   -1.13779
          2,  518,        323,        908,       10.1,        101,       5.05   ,  -0.828935
          2,  519,        903,        994,       10.1,        101,       5.05   ,   -1.46402
          2,  520,        599,        115,       10.1,        101,       5.05   ,    1.34185
          2,  521,        522,        896,       10.1,        101,       5.05   ,    1.06971
          2,  522,        917,        419,       10.1,        101,       5.05   ,   -1.19926
          2,  523,        743,         41,       10.1,        101,       5.05   ,  0.0154682
          2,  524,        912,        396,       10.1,        101,       5.05   ,  -0.992978
          2,  525,        976,        717,       10.1,        101,       5.05   ,    0.78471
          2,  526,        957,        972,       10.1,        101,       5.05   ,    0.38804
          2,  527,        303,        638,       10.1,        101,       5.05   ,   -1.32477
          2,  528,        371,         96,       10.1,        101,       5.05   ,    1.42294
          2,  529,          2,        840,       10.1,        101,       5.05   ,   0.617935
          2,  530,        729,        357,       10.1,        101,       5.05   ,  -0.249859
          2,  531,        902,        715,       10.1,        101,       5.05   , 0.00183604
          2,  532,         98,        724,       10.1,        101,       5.05   ,   0.856568
          2,  533,        613,        359,       10.1,        101,       5.05   ,  -0.679178
          2,  534,        669,        740,       10.1,        101,       5.05   ,  -0.420119
          2,  535,        778,        582,       10.1,        101,       5.05   ,    1.52609
          2,  536,        444,        121,       10.1,        101,       5.05   ,  -0.345793
          2,  537,         19,        452,       10.1,        101,       5.05   ,   -1.08912
          2,  538,        301,        617,       10.1,        101,       5.05   ,   -0.29253
          2,  539,         85,        466,       10.1,        101,       5.05   ,   0.788051
          2,  540,        319,        137,       10.1,        101,       5.05   ,    0.66617
          2,  541,        288,         26,       10.1,        101,       5.05   ,-0.00146017
          2,  542,        383,        245,       10.1,        101,       5.05   ,   -1.22587
          2,  543,        386,        613,       10.1,        101,       5.05   ,   -1.16168
          2,  544,        688,        817,       10.1,        101,       5.05   ,  -0.993318
          2,  545,        809,        651,       10.1,        101,       5.05   ,   -0.72703
          2,  546,        722,        492,       10.1,        101,       5.05   ,   0.472798
          2,  547,        765,        384,       10.1,        101,       5.05   ,    0.52504
          2,  548,        344,        337,       10.1,        101,       5.05   ,   -1.44723
          2,  549,        294,        633,       10.1,        101,       5.05   ,    0.87504
          2,  550,        181,        301,       10.1,        101,       5.05   ,   0.963013
          2,  551,        165,        181,       10.1,        101,       5.05   ,   -1.15799
          2,  552,        702,        603,       10.1,        101,       5.05   ,  -0.901054
          2,  553,        216,        585,       10.1,        101,       5.05   ,  -0.145993
          2,  554,        769,        985,       10.1,        101,       5.05   ,  -0.983782
          2,  555,          5,         96,       10.1,        101,       5.05   ,   0.940149
          2,  556,        947,        179,       10.1,        101,       5.05   ,    1.35055
          2,  557,        793,        774,       10.1,        101,       5.05   ,  -0.711173
          2,  558,        388,         28,       10.1,        101,       5.05   ,    1.03318
          2,  559,        116,         33,       10.1,        101,       5.05   ,  0.0245692
          2,  560,        425,        646,       10.1,        101,       5.05   ,    1.56167
          2,  561,        959,        852,       10.1,        101,       5.05   ,   0.397656
          2,  562,        143,        832,       10.1,        101,       5.05   ,  -0.240303
          2,  563,        908,        739,       10.1,        101,       5.05   ,    0.45354
          2,  564,        481,        818,       10.1,        101,       5.05   ,  -0.814159
          2,  565,        523,          9,       10.1,        101,       5.05   ,    1.06645
          2,  566,        824,        369,       10.1,        101,       5.05   ,  -0.129028
          2,  567,        371,        221,       10.1,        101,       5.05   ,   -1.27072
          2,  568,        598,        956,       10.1,        101,       5.05   ,  -0.501727
          2,  569,        144,        638,       10.1,        101,       5.05   ,    1.28398
          2,  570,        505,        403,       10.1,        101,       5.05   ,   0.287196
          2,  571,        255,        925,       10.1,        101,       5.05   ,   0.289167
          2,  572,        521,        137,       10.1,        101,       5.05   ,   -0.10001
          2,  573,        397,        860,       10.1,        101,       5.05   ,  0.0652675
          2,  574,        625,        578,       10.1,        101,       5.05   , -0.0637663
          2,  575,        466,        527,       10.1,        101,       5.05   ,    1.45475
          2,  576,        322,        510,       10.1,        101,       5.05   ,   0.733111
          2,  577,        629,        587,       10.1,        101,       5.05   ,   -1.22143
          2,  578,        848,        904,       10.1,        101,       5.05   ,    1.35903
          2,  579,        354,        566,       10.1,        101,       5.05   ,    1.12497
          2,  580,        451,        767,       10.1,        101,       5.05   ,  -0.698608
          2,  581,        384,        163,       10.1,        101,       5.05   ,    1.28808
          2,  582,        224,        757,       10.1,        101,       5.05   ,  -0.725194
          2,  583,        248,        136,       10.1,        101,       5.05   ,    1.50452
          2,  584,        408,        418,       10.1,        101,       5.05   ,   0.723225
          2,  585,        370,        870,       10.1,        101,       5.05   ,    1.15516
          2,  586,        433,        621,       10.1,        101,       5.05   ,   0.975645
          2,  587,        911,        296,       10.1,        101,       5.05   ,   0.711931
          2,  588,        640,        608,       10.1,        101,       5.05   ,  -0.101135
          2,  589,        683,        864,       10.1,        101,       5.05   ,   -1.46183
          2,  590,         68,        778,       10.1,        101,       5.05   ,  -0.102272
          2,  591,        605,        713,       10.1,        101,       5.05   ,    0.24764
          2,  592,        800,        603,       10.1,        101,       5.05   ,    -1.1912
          2,  593,        742,         20,       10.1,        101,       5.05   ,   0.718648
          2,  594,        776,        520,       10.1,        101,       5.05   , -0.0123151
          2,  595,        856,        857,       10.1,        101,       5.05   , -0.0361817
          2,  596,        772,        166,       10.1,        101,       5.05   ,    -1.5319
          2,  597,        318,        570,       10.1,        101,       5.05   ,  -0.918828
          2,  598,         25,        941,       10.1,        101,       5.05   ,  -0.466664
          2,  599,        805,        775,       10.1,        101,       5.05   ,  -0.429157
          2,  600,        143,        157,       10.1,        101,       5.05   ,   -1.40254
          2,  601,        871,        120,       10.1,        101,       5.05   ,  -0.431112
          2,  602,        544,        670,       10.1,        101,       5.05   ,   0.630201
          2,  603,        877,        168,       10.1,        101,       5.05   ,   0.369997
          2,  604,        372,        976,       10.1,        101,       5.05   ,   0.421471
          2,  605,          3,        735,       10.1,        101,       5.05   ,  -0.574895
          2,  606,        533,         15,       10.1,        101,       5.05   ,   0.190898
          2,  607,        841,         86,       10.1,        101,       5.05   ,   -1.44081
          2,  608,        797,        668,       10.1,        101,       5.05   ,   -1.02263
          2,  609,        720,        152,       10.1,        101,       5.05   ,  -0.220882
          2,  610,        628,        610,       10.1,        101,       5.05   ,  -0.133266
          2,  611,        815,        114,       10.1,        101,       5.05   ,    1.55219
          2,  612,        648,        193,       10.1,        101,       5.05   ,   0.190487
          2,  613,        781,        555,       10.1,        101,       5.05   ,  -0.858911
          2,  614,        320,        208,       10.1,        101,       5.05   ,  -0.930875
          2,  615,        656,        213,       10.1,        101,       5.05   ,   -1.24478
          2,  616,        154,        873,       10.1,        101,       5.05   ,    1.50428
          2,  617,        442,        631,       10.1,        101,       5.05   ,  -0.603263
          2,  618,        187,        555,       10.1,        101,       5.05   ,  -0.568375
          2,  619,         55,        226,       10.1,        101,       5.05   ,    1.18522
          2,  620,        736,        841,       10.1,        101,       5.05   ,    1.24282
          2,  621,        751,         57,       10.1,        101,       5.05   ,    -1.4955
          2,  622,        255,        179,       10.1,        101,       5.05   ,    0.46087
          2,  623,        756,        579,       10.1,        101,       5.05   ,  -0.820233
          2,  624,        346,        492,       10.1,        101,       5.05   ,   -1.55279
          2,  625,        212,         62,       10.1,        101,       5.05   ,   -1.33958
          2,  626,        411,        640,       10.1,        101,       5.05   ,    1.22056
          2,  627,         95,        774,       10.1,        101,       5.05   ,   -1.18425
          2,  628,          1,         26,       10.1,        101,       5.05   ,  -0.384734
          2,  629,        822,        547,       10.1,        101,       5.05   ,   0.439664
          2,  630,         49,        503,       10.1,        101,       5.05   ,  -0.439928
          2,  631,        379,        719,       10.1,        101,       5.05   ,   -1.38396
          2,  632,        784,        235,       10.1,        101,       5.05   ,   0.020424
          2,  633,        790,        366,       10.1,        101,       5.05   ,    1.06178
          2,  634,        391,        483,       10.1,        101,       5.05   ,   0.281961
          2,  635,        119,         53,       10.1,        101,       5.05   ,  -0.354401
          2,  636,        500,        645,       10.1,        101,       5.05   ,  0.0487599
          2,  637,        674,        624,       10.1,        101,       5.05   ,   0.647424
          2,  638,        402,        764,       10.1,        101,       5.05   ,  -0.167876
          2,  639,        218,        625,       10.1,        101,       5.05   ,  -0.584907
          2,  640,        972,        234,       10.1,        101,       5.05   ,    1.17216
          2,  641,        557,        551,       10.1,        101,       5.05   ,   -1.49906
          2,  642,        393,        798,       10.1,        101,       5.05   ,   -1.46798
          2,  643,        775,        472,       10.1,        101,       5.05   ,    1.40864
          2,  644,        253,         55,       10.1,        101,       5.05   ,   0.303636
          2,  645,         17,        274,       10.1,        101,       5.05   ,   -1.25067
          2,  646,        291,        518,       10.1,        101,       5.05   , -0.0819563
          2,  647,        715,        991,       10.1,        101,       5.05   ,  -0.624317
          2,  648,        815,        222,       10.1,        101,       5.05   ,   -1.38768
          2,  649,        499,        211,       10.1,        101,       5.05   ,   0.624748
          2,  650,        971,        225,       10.1,        101,       5.05   ,   -0.39622
          2,  651,         74,        776,       10.1,        101,       5.05   ,   -1.16861
          2,  652,         12,        130,       10.1,        101,       5.05   ,   0.842793
          2,  653,        762,        791,       10.1,        101,       5.05   ,   0.321806
          2,  654,        498,         53,       10.1,        101,       5.05   ,  -0.509925
          2,  655,        513,        159,       10.1,        101,       5.05   ,    -1.2852
          2,  656,        353,         65,       10.1,        101,       5.05   ,   0.664951
          2,  657,        260,        768,       10.1,        101,       5.05   ,   0.745471
          2,  658,        508,        484,       10.1,        101,       5.05   ,    1.11836
          2,  659,        874,        215,       10.1,        101,       5.05   ,    0.04562
          2,  660,         42,        301,       10.1,        101,       5.05   ,  -0.637525
          2,  661,        922,        166,       10.1,        101,       5.05   ,   0.303169
          2,  662,        841,         60,       10.1,        101,       5.05   ,    1.43518
          2,  663,        538,        280,       10.1,        101,       5.05   ,   0.302133
          2,  664,        830,        693,       10.1,        101,       5.05   ,  -0.698719
          2,  665,         15,        243,       10.1,        101,       5.05   ,   0.433403
          2,  666,        467,        125,       10.1,        101,       5.05   ,    -1.3615
          2,  667,        680,         23,       10.1,        101,       5.05   ,    1.44603
          2,  668,        883,        806,       10.1,        101,       5.05   ,    0.76498
          2,  669,        983,        889,       10.1,        101,       5.05   ,    1.35873
          2,  670,        534,        882,       10.1,        101,       5.05   ,  -0.420624
          2,  671,        433,        602,       10.1,        101,       5.05   ,  -0.743859
          2,  672,        884,        863,       10.1,        101,       5.05   ,   0.257454
------------------------------------------------------------------------------
Component[2] Total Sloped Parallelepiped = 672