Component 2 maximum area=0.323322 [on 1000x1000]
Component type: Sloped rectangle
---------------------------------------------------------------------------------------
--------------|------- Center-----|----- dimensions---------|----------------------
component| id|   X        |     Y    |  Width/a     | height/b |   hoop   |   Slope    
---------------------------------------------------------------------------------------
          2,    1,        731,        540,       10.1,        101,       5.05   ,  -0.103725
          2,    2,        261,        331,       10.1,        101,       5.05   ,  -0.526402
          2,    3,         73,        923,       10.1,        101,       5.05   ,    1.05667
          2,    4,        572,        280,       10.1,        101,       5.05   ,  -0.156266
          2,    5,        293,        895,       10.1,        101,       5.05   ,   0.580762
          2,    6,        403,         29,       10.1,        101,       5.05   ,   -1.01033
          2,    7,        776,        799,       10.1,        101,       5.05   ,  -0.309877
          2,    8,        929,         55,       10.1,        101,       5.05   ,    1.43009
          2,    9,         96,         92,       10.1,        101,       5.05   ,   0.469345
          2,   10,        321,        471,       10.1,        101,       5.05   ,  -0.341474
          2,   11,         28,        392,       10.1,        101,       5.05   , -0.0732539
          2,   12,        281,         34,       10.1,        101,       5.05   ,    -1.2264
          2,   13,          3,        728,       10.1,        101,       5.05   ,  0.0881326
          2,   14,        964,        747,       10.1,        101,       5.05   ,    1.00452
          2,   15,        706,         73,       10.1,        101,       5.05   ,   0.196818
          2,   16,        180,        139,       10.1,        101,       5.05   ,    1.31014
          2,   17,        598,        509,       10.1,        101,       5.05   ,   0.699874
          2,   18,          4,        683,       10.1,        101,       5.05   ,   0.771444
          2,   19,        663,        595,       10.1,        101,       5.05   ,   0.449239
          2,   20,        883,         16,       10.1,        101,       5.05   ,    1.27299
          2,   21,        467,        891,       10.1,        101,       5.05   ,    1.45481
          2,   22,        221,        661,       10.1,        101,       5.05   ,   -1.28811
          2,   23,        303,        662,       10.1,        101,       5.05   ,  -0.131333
          2,   24,        389,         74,       10.1,        101,       5.05   ,   -1.05516
          2,   25,        251,        130,       10.1,        101,       5.05   ,    1.01379
          2,   26,        701,        781,       10.1,        101,       5.05   ,   0.101342
          2,   27,        174,        179,       10.1,        101,       5.05   ,     1.3643
          2,   28,        911,        787,       10.1,        101,       5.05   ,   0.114987
          2,   29,        809,        688,       10.1,        101,       5.05   ,   0.672747
          2,   30,          5,        844,       10.1,        101,       5.05   ,     1.3676
          2,   31,        608,        882,       10.1,        101,       5.05   ,  -0.723926
          2,   32,        888,        140,       10.1,        101,       5.05   ,    1.37476
          2,   33,        346,        223,       10.1,        101,       5.05   ,     1.2568
          2,   34,        175,        368,       10.1,        101,       5.05   ,  -0.671172
          2,   35,        122,        226,       10.1,        101,       5.05   ,   -1.24046
          2,   36,        214,        257,       10.1,        101,       5.05   ,   -1.06369
          2,   37,        450,         36,       10.1,        101,       5.05   ,  -0.622922
          2,   38,        752,        782,       10.1,        101,       5.05   ,  -0.436593
          2,   39,         89,        128,       10.1,        101,       5.05   ,    1.02181
          2,   40,        839,        482,       10.1,        101,       5.05   ,  -0.423157
          2,   41,        993,        376,       10.1,        101,       5.05   ,   0.402104
          2,   42,        728,        374,       10.1,        101,       5.05   ,    1.08576
          2,   43,        827,         25,       10.1,        101,       5.05   ,  -0.378671
          2,   44,        311,        548,       10.1,        101,       5.05   ,   0.775366
          2,   45,         46,        455,       10.1,        101,       5.05   ,   0.494318
          2,   46,        943,        850,       10.1,        101,       5.05   ,   -1.53929
          2,   47,        428,        167,       10.1,        101,       5.05   ,   -1.02846
          2,   48,        426,        264,       10.1,        101,       5.05   ,  -0.415009
          2,   49,        243,        370,       10.1,        101,       5.05   ,   -1.25306
          2,   50,         54,        321,       10.1,        101,       5.05   ,  -0.466945
          2,   51,        336,        273,       10.1,        101,       5.05   ,   0.851299
          2,   52,        438,        734,       10.1,        101,       5.05   ,   0.415866
          2,   53,        242,        723,       10.1,        101,       5.05   ,   0.836774
          2,   54,        234,          9,       10.1,        101,       5.05   ,   0.986989
          2,   55,        241,        606,       10.1,        101,       5.05   ,    1.28184
          2,   56,        340,         63,       10.1,        101,       5.05   ,   0.625897
          2,   57,        329,        318,       10.1,        101,       5.05   ,   -1.10527
          2,   58,        885,        811,       10.1,        101,       5.05   ,   0.422682
          2,   59,        937,        736,       10.1,        101,       5.05   ,   -1.07112
          2,   60,        202,        941,       10.1,        101,       5.05   ,    1.35184
          2,   61,        317,        485,       10.1,        101,       5.05   ,    1.12787
          2,   62,        284,        171,       10.1,        101,       5.05   ,   0.126567
          2,   63,        694,         53,       10.1,        101,       5.05   ,  -0.810176
          2,   64,        538,        983,       10.1,        101,       5.05   ,  -0.392252
          2,   65,        989,         34,       10.1,        101,       5.05   ,  -0.348818
          2,   66,        125,        439,       10.1,        101,       5.05   ,   -1.53349
          2,   67,        157,        908,       10.1,        101,       5.05   ,  0.0946813
          2,   68,        831,        823,       10.1,        101,       5.05   ,   -0.91772
          2,   69,        653,         84,       10.1,        101,       5.05   ,   0.817218
          2,   70,        246,        147,       10.1,        101,       5.05   ,  -0.382521
          2,   71,        962,        409,       10.1,        101,       5.05   ,   -1.29013
          2,   72,        992,        572,       10.1,        101,       5.05   ,   -1.36648
          2,   73,        833,        302,       10.1,        101,       5.05   ,  -0.279401
          2,   74,        836,        290,       10.1,        101,       5.05   ,  -0.969017
          2,   75,        850,        337,       10.1,        101,       5.05   ,  -0.806001
          2,   76,        993,        880,       10.1,        101,       5.05   ,    1.03059
          2,   77,        139,        716,       10.1,        101,       5.05   ,   0.206485
          2,   78,        671,        258,       10.1,        101,       5.05   ,    1.47527
          2,   79,        946,        615,       10.1,        101,       5.05   ,  0.0338926
          2,   80,        105,        880,       10.1,        101,       5.05   ,  -0.538969
          2,   81,        995,        467,       10.1,        101,       5.05   ,-0.00427431
          2,   82,        673,        872,       10.1,        101,       5.05   ,    1.48744
          2,   83,        677,        566,       10.1,        101,       5.05   ,   -1.41745
          2,   84,        161,        833,       10.1,        101,       5.05   ,    1.14874
          2,   85,        640,        815,       10.1,        101,       5.05   ,  -0.953876
          2,   86,        683,        278,       10.1,        101,       5.05   ,  0.0259659
          2,   87,        288,        968,       10.1,        101,       5.05   ,  -0.620751
          2,   88,        422,        328,       10.1,        101,       5.05   ,     1.2287
          2,   89,        693,        811,       10.1,        101,       5.05   ,   0.410098
          2,   90,        975,        522,       10.1,        101,       5.05   ,   0.487364
          2,   91,        668,        679,       10.1,        101,       5.05   ,  -0.612527
          2,   92,        739,        202,       10.1,        101,       5.05   ,   -0.22932
          2,   93,        553,        430,       10.1,        101,       5.05   ,   0.766361
          2,   94,        505,        983,       10.1,        101,       5.05   ,   0.335957
          2,   95,        341,        247,       10.1,        101,       5.05   ,-0.000359412
          2,   96,        465,        704,       10.1,        101,       5.05   ,   -1.30801
          2,   97,        994,          1,       10.1,        101,       5.05   ,   -0.27518
          2,   98,        376,         93,       10.1,        101,       5.05   ,   0.814782
          2,   99,        236,        520,       10.1,        101,       5.05   ,   0.678584
          2,  100,        580,        424,       10.1,        101,       5.05   ,   0.792274
          2,  101,        415,        227,       10.1,        101,       5.05   ,   0.949198
          2,  102,        535,        526,       10.1,        101,       5.05   ,  -0.733738
          2,  103,        946,        254,       10.1,        101,       5.05   ,   0.836534
          2,  104,        626,        691,       10.1,        101,       5.05   ,   0.505111
          2,  105,        164,        431,       10.1,        101,       5.05   ,  -0.246776
          2,  106,        173,        505,       10.1,        101,       5.05   ,  -0.663248
          2,  107,        517,        245,       10.1,        101,       5.05   ,   0.167368
          2,  108,         63,        815,       10.1,        101,       5.05   , -0.0506294
          2,  109,        556,        263,       10.1,        101,       5.05   ,  -0.830762
          2,  110,        190,        298,       10.1,        101,       5.05   ,   0.507152
          2,  111,        758,        935,       10.1,        101,       5.05   ,    1.26123
          2,  112,        855,        202,       10.1,        101,       5.05   ,   -0.89526
          2,  113,        315,        890,       10.1,        101,       5.05   ,  -0.343066
          2,  114,        838,        240,       10.1,        101,       5.05   ,   0.815423
          2,  115,        733,        960,       10.1,        101,       5.05   ,  -0.312274
          2,  116,        275,        991,       10.1,        101,       5.05   ,    1.31806
          2,  117,        274,        879,       10.1,        101,       5.05   ,  -0.860003
          2,  118,        313,        122,       10.1,        101,       5.05   ,   0.265365
          2,  119,        797,        836,       10.1,        101,       5.05   ,    1.17322
          2,  120,        717,        317,       10.1,        101,       5.05   ,    1.24171
          2,  121,        841,        102,       10.1,        101,       5.05   ,  -0.012145
          2,  122,        243,        851,       10.1,        101,       5.05   ,   0.974272
          2,  123,        267,        474,       10.1,        101,       5.05   ,   0.844239
          2,  124,        760,        103,       10.1,        101,       5.05   ,   -1.01954
          2,  125,        582,        412,       10.1,        101,       5.05   ,  -0.666374
          2,  126,        258,        502,       10.1,        101,       5.05   ,    1.56407
          2,  127,        839,        846,       10.1,        101,       5.05   ,   -1.48551
          2,  128,        828,        317,       10.1,        101,       5.05   ,   0.474908
          2,  129,        947,        288,       10.1,        101,       5.05   ,    1.11817
          2,  130,        936,        847,       10.1,        101,       5.05   ,  -0.470395
          2,  131,        793,        495,       10.1,        101,       5.05   ,   0.334674
          2,  132,        346,          8,       10.1,        101,       5.05   ,  -0.034749
          2,  133,        209,        961,       10.1,        101,       5.05   ,   0.423193
          2,  134,        940,        598,       10.1,        101,       5.05   ,    0.44631
          2,  135,        162,        109,       10.1,        101,       5.05   ,   0.391496
          2,  136,        901,         87,       10.1,        101,       5.05   ,    1.08739
          2,  137,        670,        192,       10.1,        101,       5.05   ,    0.43652
          2,  138,        922,        322,       10.1,        101,       5.05   ,    1.08268
          2,  139,        361,        338,       10.1,        101,       5.05   ,   -1.11094
          2,  140,        777,          0,       10.1,        101,       5.05   ,  -0.925534
          2,  141,         76,        755,       10.1,        101,       5.05   ,     1.0081
          2,  142,        558,        323,       10.1,        101,       5.05   ,    1.15242
          2,  143,        420,        206,       10.1,        101,       5.05   ,  -0.144284
          2,  144,         62,        561,       10.1,        101,       5.05   ,   -0.33468
          2,  145,        118,        928,       10.1,        101,       5.05   ,  -0.589704
          2,  146,        289,        141,       10.1,        101,       5.05   ,   -1.05382
          2,  147,        156,         87,       10.1,        101,       5.05   ,   0.584357
          2,  148,         21,        580,       10.1,        101,       5.05   ,   0.163121
          2,  149,        777,        832,       10.1,        101,       5.05   ,  0.0637173
          2,  150,        244,        939,       10.1,        101,       5.05   ,   0.354198
          2,  151,        960,        524,       10.1,        101,       5.05   ,    0.25371
          2,  152,        536,        116,       10.1,        101,       5.05   ,  -0.708634
          2,  153,        603,        718,       10.1,        101,       5.05   ,    -1.4359
          2,  154,        296,        708,       10.1,        101,       5.05   ,   -1.51079
          2,  155,        273,        781,       10.1,        101,       5.05   ,    1.29693
          2,  156,         97,          8,       10.1,        101,       5.05   ,    1.03121
          2,  157,         79,        905,       10.1,        101,       5.05   ,    1.32657
          2,  158,        690,        398,       10.1,        101,       5.05   ,    1.43266
          2,  159,         63,        895,       10.1,        101,       5.05   ,   0.731642
          2,  160,          3,        524,       10.1,        101,       5.05   ,   0.533942
          2,  161,        929,        870,       10.1,        101,       5.05   ,   -1.41063
          2,  162,        616,        790,       10.1,        101,       5.05   ,  -0.132932
          2,  163,        735,        141,       10.1,        101,       5.05   ,  -0.609655
          2,  164,        748,        737,       10.1,        101,       5.05   ,   -1.40042
          2,  165,         67,        833,       10.1,        101,       5.05   ,   -1.33943
          2,  166,         10,        267,       10.1,        101,       5.05   ,   0.504892
          2,  167,        746,        245,       10.1,        101,       5.05   ,  0.0187995
          2,  168,        610,        336,       10.1,        101,       5.05   ,    1.40231
          2,  169,        507,        493,       10.1,        101,       5.05   ,   -1.07854
          2,  170,         20,        694,       10.1,        101,       5.05   ,   0.633313
          2,  171,        866,        852,       10.1,        101,       5.05   ,    0.66696
          2,  172,        779,         71,       10.1,        101,       5.05   ,   0.921698
          2,  173,        415,        297,       10.1,        101,       5.05   ,  -0.456393
          2,  174,        550,         81,       10.1,        101,       5.05   ,   0.682976
          2,  175,        614,        196,       10.1,        101,       5.05   ,   -1.40688
          2,  176,        540,        757,       10.1,        101,       5.05   ,   0.701229
          2,  177,        692,        111,       10.1,        101,       5.05   ,    1.54287
          2,  178,        543,        913,       10.1,        101,       5.05   ,   -1.40817
          2,  179,        763,        289,       10.1,        101,       5.05   ,   -1.48599
          2,  180,        120,        851,       10.1,        101,       5.05   ,   -1.11342
          2,  181,        169,        945,       10.1,        101,       5.05   ,   0.790745
          2,  182,        783,        200,       10.1,        101,       5.05   ,    1.46624
          2,  183,        773,        509,       10.1,        101,       5.05   ,   0.653727
          2,  184,        777,        753,       10.1,        101,       5.05   ,    1.09903
          2,  185,        313,        772,       10.1,        101,       5.05   ,   -1.33309
          2,  186,          2,        322,       10.1,        101,       5.05   ,  -0.374406
          2,  187,        474,        766,       10.1,        101,       5.05   ,    -1.3809
          2,  188,        373,        908,       10.1,        101,       5.05   ,    1.25038
          2,  189,        154,        175,       10.1,        101,       5.05   ,    1.14225
          2,  190,        513,        439,       10.1,        101,       5.05   ,   -1.47663
          2,  191,        155,        150,       10.1,        101,       5.05   ,   -1.23881
          2,  192,        585,        548,       10.1,        101,       5.05   ,   0.404536
          2,  193,        491,        547,       10.1,        101,       5.05   ,   0.936653
          2,  194,        453,        277,       10.1,        101,       5.05   ,   0.758573
          2,  195,         96,        854,       10.1,        101,       5.05   ,   0.154145
          2,  196,        466,        407,       10.1,        101,       5.05   ,    1.29554
          2,  197,        401,        621,       10.1,        101,       5.05   ,   0.987561
          2,  198,        781,        867,       10.1,        101,       5.05   ,     1.1243
          2,  199,        462,        758,       10.1,        101,       5.05   ,   0.611972
          2,  200,        316,        850,       10.1,        101,       5.05   ,   0.147996
          2,  201,        792,        429,       10.1,        101,       5.05   ,    -1.0974
          2,  202,         97,        866,       10.1,        101,       5.05   ,    1.19167
          2,  203,        388,        399,       10.1,        101,       5.05   ,   0.408486
          2,  204,        521,        137,       10.1,        101,       5.05   ,    1.23841
          2,  205,        515,        121,       10.1,        101,       5.05   ,  -0.792448
          2,  206,        954,        332,       10.1,        101,       5.05   ,    1.22459
          2,  207,        786,        332,       10.1,        101,       5.05   ,  -0.527805
          2,  208,        948,        144,       10.1,        101,       5.05   ,   -1.47305
          2,  209,        135,        203,       10.1,        101,       5.05   ,  -0.822988
          2,  210,         31,        661,       10.1,        101,       5.05   ,  -0.895281
          2,  211,        220,        126,       10.1,        101,       5.05   ,    0.19438
          2,  212,        102,        692,       10.1,        101,       5.05   ,   -1.50725
          2,  213,        967,         74,       10.1,        101,       5.05   ,    1.49519
          2,  214,        225,        744,       10.1,        101,       5.05   ,  -0.169172
          2,  215,        870,          0,       10.1,        101,       5.05   ,    1.43714
          2,  216,        903,        587,       10.1,        101,       5.05   ,    -1.0452
          2,  217,        811,        626,       10.1,        101,       5.05   ,   -1.42111
          2,  218,        239,        683,       10.1,        101,       5.05   ,  -0.469112
          2,  219,        949,        756,       10.1,        101,       5.05   ,    1.34514
          2,  220,        962,        251,       10.1,        101,       5.05   ,  -0.790401
          2,  221,         74,        472,       10.1,        101,       5.05   ,  -0.620432
          2,  222,        348,        880,       10.1,        101,       5.05   ,    1.15411
          2,  223,         51,        699,       10.1,        101,       5.05   ,   0.103161
          2,  224,        817,        971,       10.1,        101,       5.05   ,    1.38519
          2,  225,        341,        535,       10.1,        101,       5.05   ,  -0.209242
          2,  226,        111,        582,       10.1,        101,       5.05   ,   0.539855
          2,  227,        776,        992,       10.1,        101,       5.05   ,    1.49969
          2,  228,        462,         75,       10.1,        101,       5.05   ,  -0.453843
          2,  229,        696,        880,       10.1,        101,       5.05   ,  -0.691507
          2,  230,        955,        277,       10.1,        101,       5.05   ,   0.457496
          2,  231,        277,        681,       10.1,        101,       5.05   ,   -1.44924
          2,  232,        839,        512,       10.1,        101,       5.05   ,   0.357903
          2,  233,        416,        316,       10.1,        101,       5.05   ,   0.365168
          2,  234,        702,        622,       10.1,        101,       5.05   ,  0.0229716
          2,  235,        430,        213,       10.1,        101,       5.05   ,   -1.31535
          2,  236,        990,        275,       10.1,        101,       5.05   ,   -1.49792
          2,  237,        583,        359,       10.1,        101,       5.05   ,  -0.472358
          2,  238,        995,        264,       10.1,        101,       5.05   ,   0.062641
          2,  239,        946,        987,       10.1,        101,       5.05   ,   0.710844
          2,  240,        485,        571,       10.1,        101,       5.05   ,  -0.632262
          2,  241,        175,        762,       10.1,        101,       5.05   ,   0.984907
          2,  242,        416,        899,       10.1,        101,       5.05   ,   0.441986
          2,  243,        761,        808,       10.1,        101,       5.05   ,    1.47273
          2,  244,        668,        570,       10.1,        101,       5.05   ,  -0.266185
          2,  245,        745,        668,       10.1,        101,       5.05   ,  -0.712274
          2,  246,        355,        227,       10.1,        101,       5.05   ,    1.46575
          2,  247,        241,        376,       10.1,        101,       5.05   ,  -0.334734
          2,  248,        382,        999,       10.1,        101,       5.05   ,    1.45161
          2,  249,        330,        457,       10.1,        101,       5.05   ,   0.376701
          2,  250,        455,        802,       10.1,        101,       5.05   ,   0.364802
          2,  251,         96,        798,       10.1,        101,       5.05   ,   -1.05309
          2,  252,        193,        407,       10.1,        101,       5.05   ,   0.459964
          2,  253,        534,        332,       10.1,        101,       5.05   ,  -0.668072
          2,  254,        508,        229,       10.1,        101,       5.05   ,   0.739414
          2,  255,        657,         56,       10.1,        101,       5.05   ,   0.675171
          2,  256,         66,        933,       10.1,        101,       5.05   ,  -0.653155
          2,  257,        117,        984,       10.1,        101,       5.05   ,     1.0082
          2,  258,        175,        610,       10.1,        101,       5.05   ,   0.450803
          2,  259,        978,        113,       10.1,        101,       5.05   ,   -1.54801
          2,  260,         41,        652,       10.1,        101,       5.05   ,   -1.53174
          2,  261,        456,         97,       10.1,        101,       5.05   ,   0.662981
          2,  262,        411,          6,       10.1,        101,       5.05   ,   0.119716
          2,  263,        517,        553,       10.1,        101,       5.05   ,  -0.797251
          2,  264,        565,        988,       10.1,        101,       5.05   ,   0.686119
          2,  265,        426,        238,       10.1,        101,       5.05   ,   -1.25817
          2,  266,        387,         96,       10.1,        101,       5.05   ,    -1.0255
          2,  267,        453,        292,       10.1,        101,       5.05   ,  -0.633002
          2,  268,        270,        901,       10.1,        101,       5.05   ,  -0.627187
          2,  269,        187,        782,       10.1,        101,       5.05   ,  -0.629993
          2,  270,        720,        776,       10.1,        101,       5.05   ,  -0.272824
          2,  271,        756,        338,       10.1,        101,       5.05   ,   0.056859
          2,  272,        976,         31,       10.1,        101,       5.05   ,   -1.34526
          2,  273,        259,        529,       10.1,        101,       5.05   ,  -0.866036
          2,  274,        386,        996,       10.1,        101,       5.05   ,  -0.316242
          2,  275,        226,        712,       10.1,        101,       5.05   ,    1.47316
          2,  276,         71,        499,       10.1,        101,       5.05   ,  0.0753953
          2,  277,        253,        890,       10.1,        101,       5.05   ,  -0.877679
          2,  278,        746,         93,       10.1,        101,       5.05   ,  -0.707003
          2,  279,        363,        671,       10.1,        101,       5.05   ,    1.48429
          2,  280,        336,        391,       10.1,        101,       5.05   ,   0.236713
          2,  281,        330,        240,       10.1,        101,       5.05   ,   -1.51681
          2,  282,        173,        552,       10.1,        101,       5.05   ,    1.36589
          2,  283,        362,        165,       10.1,        101,       5.05   ,  -0.979736
          2,  284,        116,        215,       10.1,        101,       5.05   ,   -1.39598
          2,  285,         61,        747,       10.1,        101,       5.05   , -0.0641411
          2,  286,        354,        371,       10.1,        101,       5.05   ,    1.46023
          2,  287,        874,        583,       10.1,        101,       5.05   ,   -1.38593
          2,  288,        547,        512,       10.1,        101,       5.05   ,  0.0167905
          2,  289,        238,        485,       10.1,        101,       5.05   ,  -0.394506
          2,  290,        707,        229,       10.1,        101,       5.05   ,  -0.987074
          2,  291,        719,        234,       10.1,        101,       5.05   ,   0.784012
          2,  292,        929,        312,       10.1,        101,       5.05   ,   0.915088
          2,  293,        226,        148,       10.1,        101,       5.05   ,   -0.32936
          2,  294,        177,        253,       10.1,        101,       5.05   ,  -0.362178
          2,  295,          2,         62,       10.1,        101,       5.05   ,    1.42121
          2,  296,        363,        908,       10.1,        101,       5.05   ,   0.509117
          2,  297,        830,        364,       10.1,        101,       5.05   ,   0.822551
          2,  298,        492,         19,       10.1,        101,       5.05   ,  -0.362578
          2,  299,        549,        203,       10.1,        101,       5.05   ,   0.639323
          2,  300,        128,        399,       10.1,        101,       5.05   ,   0.523121
          2,  301,         33,        163,       10.1,        101,       5.05   ,    1.28318
          2,  302,        347,        327,       10.1,        101,       5.05   ,   0.932196
          2,  303,        131,        132,       10.1,        101,       5.05   ,  0.0148162
          2,  304,        131,         95,       10.1,        101,       5.05   ,    -0.4854
          2,  305,        826,        944,       10.1,        101,       5.05   ,   0.558352
          2,  306,        218,        532,       10.1,        101,       5.05   , -0.0776239
          2,  307,        541,        479,       10.1,        101,       5.05   ,   0.953149
          2,  308,        646,        469,       10.1,        101,       5.05   ,   -1.08226
          2,  309,        302,        859,       10.1,        101,       5.05   ,  -0.817594
          2,  310,        301,        693,       10.1,        101,       5.05   , -0.0601358
          2,  311,        190,        831,       10.1,        101,       5.05   ,   -1.50306
          2,  312,        148,        417,       10.1,        101,       5.05   ,  -0.453656
          2,  313,        336,        280,       10.1,        101,       5.05   ,  -0.457235
          2,  314,        377,        625,       10.1,        101,       5.05   ,     1.1971
          2,  315,        846,        138,       10.1,        101,       5.05   ,   0.627375
          2,  316,        393,        702,       10.1,        101,       5.05   ,   0.658249
          2,  317,        188,        885,       10.1,        101,       5.05   ,  -0.538569
          2,  318,        615,        183,       10.1,        101,       5.05   ,  0.0965628
          2,  319,        211,        415,       10.1,        101,       5.05   ,  0.0957513
          2,  320,        433,        971,       10.1,        101,       5.05   ,    1.48313
          2,  321,        931,        352,       10.1,        101,       5.05   ,  -0.500359
          2,  322,        430,        466,       10.1,        101,       5.05   ,    1.42372
          2,  323,        433,        411,       10.1,        101,       5.05   ,   -1.15441
          2,  324,        295,          4,       10.1,        101,       5.05   ,  -0.425353
          2,  325,        644,        427,       10.1,        101,       5.05   ,  -0.529951
          2,  326,        596,        928,       10.1,        101,       5.05   ,    0.88505
          2,  327,        906,        294,       10.1,        101,       5.05   ,  -0.533271
          2,  328,        912,        924,       10.1,        101,       5.05   ,  0.0248504
          2,  329,        557,         26,       10.1,        101,       5.05   ,   0.799372
          2,  330,        214,        228,       10.1,        101,       5.05   ,   0.512928
          2,  331,        665,        825,       10.1,        101,       5.05   ,   -0.68926
          2,  332,        626,        894,       10.1,        101,       5.05   ,   0.255259
          2,  333,        203,        836,       10.1,        101,       5.05   ,    1.06546
          2,  334,        424,        908,       10.1,        101,       5.05   ,    1.55857
          2,  335,        455,        377,       10.1,        101,       5.05   ,   -1.41963
          2,  336,        192,        117,       10.1,        101,       5.05   ,   0.466841
          2,  337,        819,        986,       10.1,        101,       5.05   ,   0.607693
          2,  338,        108,        418,       10.1,        101,       5.05   ,   0.338254
          2,  339,        919,        230,       10.1,        101,       5.05   ,   0.634109
          2,  340,        139,        530,       10.1,        101,       5.05   ,  -0.929476
          2,  341,        920,        311,       10.1,        101,       5.05   ,  -0.625227
          2,  342,        950,        227,       10.1,        101,       5.05   ,   -1.30876
          2,  343,        845,        530,       10.1,        101,       5.05   ,   0.367968
          2,  344,        677,        255,       10.1,        101,       5.05   ,    -1.0598
          2,  345,        761,        382,       10.1,        101,       5.05   ,    1.14781
          2,  346,        157,        168,       10.1,        101,       5.05   ,  -0.930792
          2,  347,        154,         80,       10.1,        101,       5.05   ,    1.19018
          2,  348,        893,        648,       10.1,        101,       5.05   ,   -1.52436
          2,  349,        833,        874,       10.1,        101,       5.05   ,   -1.47035
          2,  350,        476,        433,       10.1,        101,       5.05   ,   -1.48256
          2,  351,        161,        688,       10.1,        101,       5.05   ,  -0.823665
          2,  352,         80,        112,       10.1,        101,       5.05   ,    1.55119
          2,  353,        952,        633,       10.1,        101,       5.05   ,  -0.267181
          2,  354,        956,        339,       10.1,        101,       5.05   ,   -1.41249
          2,  355,        531,        338,       10.1,        101,       5.05   ,    1.43583
          2,  356,        375,        175,       10.1,        101,       5.05   ,    1.44173
          2,  357,        495,        773,       10.1,        101,       5.05   ,  -0.195906
          2,  358,        715,        444,       10.1,        101,       5.05   ,   -1.10627
          2,  359,         98,        341,       10.1,        101,       5.05   ,    1.35141
          2,  360,        725,        282,       10.1,        101,       5.05   ,   0.393373
          2,  361,         36,         63,       10.1,        101,       5.05   ,   0.512434
          2,  362,        363,        363,       10.1,        101,       5.05   ,   0.317529
          2,  363,        715,        387,       10.1,        101,       5.05   ,  -0.491228
          2,  364,        997,        326,       10.1,        101,       5.05   ,   0.721769
          2,  365,        251,        811,       10.1,        101,       5.05   ,     1.4759
          2,  366,        816,        878,       10.1,        101,       5.05   ,  0.0128997
          2,  367,         50,        450,       10.1,        101,       5.05   ,   0.285036
          2,  368,        378,        529,       10.1,        101,       5.05   ,  -0.350647
          2,  369,        192,        586,       10.1,        101,       5.05   ,   0.497728
          2,  370,        209,        964,       10.1,        101,       5.05   ,   -1.39556
          2,  371,        273,        938,       10.1,        101,       5.05   ,  -0.292873
          2,  372,        615,        826,       10.1,        101,       5.05   ,   -1.29847
          2,  373,        373,        753,       10.1,        101,       5.05   ,   0.889656
          2,  374,        692,        559,       10.1,        101,       5.05   ,    1.46242
          2,  375,        852,         29,       10.1,        101,       5.05   ,  0.0238979
          2,  376,        359,        406,       10.1,        101,       5.05   ,   -1.32095
          2,  377,        340,        112,       10.1,        101,       5.05   ,  -0.356667
          2,  378,        148,        960,       10.1,        101,       5.05   ,   -1.10059
          2,  379,         62,        555,       10.1,        101,       5.05   ,  -0.508547
          2,  380,        924,        236,       10.1,        101,       5.05   ,  -0.130274
          2,  381,        132,        494,       10.1,        101,       5.05   ,  -0.575905
          2,  382,        611,        472,       10.1,        101,       5.05   ,   0.468187
          2,  383,        389,        851,       10.1,        101,       5.05   ,  -0.617824
          2,  384,        576,         13,       10.1,        101,       5.05   ,   -1.10488
          2,  385,        694,        692,       10.1,        101,       5.05   ,    1.39651
          2,  386,        909,        675,       10.1,        101,       5.05   ,    1.18471
          2,  387,        379,        758,       10.1,        101,       5.05   ,   0.638893
          2,  388,        814,        837,       10.1,        101,       5.05   ,    1.17158
          2,  389,        396,         84,       10.1,        101,       5.05   ,    1.54024
          2,  390,        307,        349,       10.1,        101,       5.05   ,  -0.594189
          2,  391,        907,        335,       10.1,        101,       5.05   ,   -1.35227
          2,  392,        479,        777,       10.1,        101,       5.05   ,    1.14715
          2,  393,        340,        971,       10.1,        101,       5.05   ,  -0.396375
          2,  394,         61,        139,       10.1,        101,       5.05   ,  0.0175029
          2,  395,        349,        534,       10.1,        101,       5.05   ,    1.16203
          2,  396,        359,        684,       10.1,        101,       5.05   ,  -0.254382
          2,  397,        232,        228,       10.1,        101,       5.05   ,  -0.148414
          2,  398,         36,         85,       10.1,        101,       5.05   ,  -0.584524
          2,  399,        554,        142,       10.1,        101,       5.05   ,    -1.4163
          2,  400,        321,        526,       10.1,        101,       5.05   ,   -0.57659
          2,  401,          0,        224,       10.1,        101,       5.05   ,   0.994744
          2,  402,        141,        184,       10.1,        101,       5.05   ,   0.599365
          2,  403,        879,        642,       10.1,        101,       5.05   ,  -0.742028
          2,  404,        294,        355,       10.1,        101,       5.05   ,    1.00007
          2,  405,        703,        405,       10.1,        101,       5.05   ,   0.203185
          2,  406,        478,        658,       10.1,        101,       5.05   ,    0.38699
          2,  407,        781,        532,       10.1,        101,       5.05   ,    1.22481
          2,  408,        508,        625,       10.1,        101,       5.05   ,   0.252893
          2,  409,        416,        704,       10.1,        101,       5.05   ,   -0.73513
          2,  410,         67,        365,       10.1,        101,       5.05   ,   -1.38289
          2,  411,         91,        853,       10.1,        101,       5.05   ,   -1.35779
          2,  412,         74,        218,       10.1,        101,       5.05   ,   -1.28047
          2,  413,        694,        983,       10.1,        101,       5.05   ,   -1.21715
          2,  414,        201,        139,       10.1,        101,       5.05   ,   0.684978
          2,  415,        987,        247,       10.1,        101,       5.05   ,    1.37371
          2,  416,        576,        429,       10.1,        101,       5.05   ,     0.8695
          2,  417,        371,         46,       10.1,        101,       5.05   ,   -1.13685
          2,  418,        639,        756,       10.1,        101,       5.05   ,  -0.527303
          2,  419,        320,        764,       10.1,        101,       5.05   ,   -0.58117
          2,  420,        400,        109,       10.1,        101,       5.05   ,  -0.596147
          2,  421,        206,        172,       10.1,        101,       5.05   ,  -0.314174
          2,  422,        906,        475,       10.1,        101,       5.05   ,   0.358573
          2,  423,        113,        866,       10.1,        101,       5.05   ,   -1.38657
          2,  424,        811,         23,       10.1,        101,       5.05   ,  -0.722639
          2,  425,        572,        712,       10.1,        101,       5.05   ,   -1.45397
          2,  426,        779,        293,       10.1,        101,       5.05   ,   -1.36513
          2,  427,        317,        590,       10.1,        101,       5.05   ,     1.0884
          2,  428,        239,        625,       10.1,        101,       5.05   ,   -1.32309
          2,  429,        463,        380,       10.1,        101,       5.05   , -0.0988025
          2,  430,        565,        668,       10.1,        101,       5.05   ,   0.496888
          2,  431,        885,        186,       10.1,        101,       5.05   ,   0.382176
          2,  432,        724,        915,       10.1,        101,       5.05   ,   0.901357
          2,  433,        800,        313,       10.1,        101,       5.05   ,   0.871982
          2,  434,        607,        316,       10.1,        101,       5.05   ,    1.43187
          2,  435,        198,        462,       10.1,        101,       5.05   ,      1.239
          2,  436,        172,        820,       10.1,        101,       5.05   ,    1.27323
          2,  437,        251,        730,       10.1,        101,       5.05   ,   -1.00458
          2,  438,        185,        975,       10.1,        101,       5.05   ,   0.526367
          2,  439,        550,        894,       10.1,        101,       5.05   ,  -0.799717
          2,  440,        151,        658,       10.1,        101,       5.05   ,   0.299762
          2,  441,        718,        286,       10.1,        101,       5.05   ,   0.107773
          2,  442,        727,        434,       10.1,        101,       5.05   ,   0.746896
          2,  443,         34,        728,       10.1,        101,       5.05   ,   0.240924
          2,  444,        844,        202,       10.1,        101,       5.05   ,   -1.34316
          2,  445,        160,        604,       10.1,        101,       5.05   ,   0.119946
          2,  446,        758,        746,       10.1,        101,       5.05   ,   -1.40128
          2,  447,        679,        611,       10.1,        101,       5.05   ,  -0.483653
          2,  448,        895,        536,       10.1,        101,       5.05   ,   -1.25456
          2,  449,        565,        509,       10.1,        101,       5.05   ,  -0.930226
          2,  450,        625,        867,       10.1,        101,       5.05   ,  -0.909616
          2,  451,        798,        947,       10.1,        101,       5.05   ,   0.410747
          2,  452,        919,         18,       10.1,        101,       5.05   ,  -0.542843
          2,  453,        112,        394,       10.1,        101,       5.05   ,  -0.332074
          2,  454,        464,        384,       10.1,        101,       5.05   ,   -0.62769
          2,  455,         76,        765,       10.1,        101,       5.05   ,  -0.122683
          2,  456,        175,        780,       10.1,        101,       5.05   ,  -0.272993
          2,  457,        412,        701,       10.1,        101,       5.05   ,   -1.25845
          2,  458,        328,        269,       10.1,        101,       5.05   ,    1.29738
          2,  459,         83,        353,       10.1,        101,       5.05   , -0.0602229
          2,  460,        109,        438,       10.1,        101,       5.05   ,  -0.231892
          2,  461,        196,        848,       10.1,        101,       5.05   ,  -0.245509
          2,  462,        620,        689,       10.1,        101,       5.05   ,    -1.0088
          2,  463,        450,        530,       10.1,        101,       5.05   ,   0.235825
          2,  464,        969,        961,       10.1,        101,       5.05   ,   -0.17877
          2,  465,         22,        685,       10.1,        101,       5.05   ,    1.41244
          2,  466,        450,         97,       10.1,        101,       5.05   ,    1.23906
          2,  467,        327,        550,       10.1,        101,       5.05   ,  -0.356938
          2,  468,        678,        207,       10.1,        101,       5.05   ,   0.316572
          2,  469,        334,        771,       10.1,        101,       5.05   ,   0.779706
          2,  470,        766,        112,       10.1,        101,       5.05   ,   0.471935
          2,  471,        715,        826,       10.1,        101,       5.05   ,    1.39988
          2,  472,        682,        454,       10.1,        101,       5.05   ,   0.790322
          2,  473,        982,         43,       10.1,        101,       5.05   ,    1.43972
          2,  474,        653,        384,       10.1,        101,       5.05   ,    1.51447
          2,  475,         86,        520,       10.1,        101,       5.05   ,   0.271711
          2,  476,        240,        833,       10.1,        101,       5.05   ,    -1.0355
          2,  477,        458,        135,       10.1,        101,       5.05   ,    1.41843
          2,  478,        438,        792,       10.1,        101,       5.05   ,    1.14634
          2,  479,        287,        787,       10.1,        101,       5.05   ,   0.136806
          2,  480,        761,         30,       10.1,        101,       5.05   ,   -1.25933
          2,  481,        290,        767,       10.1,        101,       5.05   ,   -1.04202
          2,  482,        398,        335,       10.1,        101,       5.05   ,     0.3475
          2,  483,        904,        546,       10.1,        101,       5.05   ,    1.52955
          2,  484,         18,        241,       10.1,        101,       5.05   ,   0.575285
          2,  485,        157,        782,       10.1,        101,       5.05   ,  -0.396087
          2,  486,        424,         74,       10.1,        101,       5.05   ,   -1.37531
          2,  487,        304,        479,       10.1,        101,       5.05   ,   0.462251
          2,  488,        500,        710,       10.1,        101,       5.05   ,  -0.878375
          2,  489,        252,        203,       10.1,        101,       5.05   ,     0.6201
          2,  490,        450,        403,       10.1,        101,       5.05   ,   -1.18738
          2,  491,        569,         42,       10.1,        101,       5.05   ,   0.422983
          2,  492,        757,         68,       10.1,        101,       5.05   ,   -1.21798
          2,  493,        617,        424,       10.1,        101,       5.05   ,    1.07748
          2,  494,        197,        801,       10.1,        101,       5.05   ,   -1.03398
          2,  495,        782,        232,       10.1,        101,       5.05   ,  -0.155354
          2,  496,         42,        894,       10.1,        101,       5.05   ,   0.551802
          2,  497,        967,        465,       10.1,        101,       5.05   ,   -1.06911
          2,  498,        224,         76,       10.1,        101,       5.05   ,  -0.472593
          2,  499,        601,        701,       10.1,        101,       5.05   ,    1.00392
          2,  500,        177,         46,       10.1,        101,       5.05   ,   0.435773
          2,  501,        561,        290,       10.1,        101,       5.05   ,   0.618405
          2,  502,        170,        712,       10.1,        101,       5.05   ,   -1.45419
          2,  503,        314,        865,       10.1,        101,       5.05   ,  -0.492789
          2,  504,        789,        640,       10.1,        101,       5.05   ,  0.0911551
          2,  505,        184,        574,       10.1,        101,       5.05   ,   -0.81702
          2,  506,        652,        995,       10.1,        101,       5.05   ,   0.530105
          2,  507,        256,        129,       10.1,        101,       5.05   ,    1.51932
          2,  508,        522,        467,       10.1,        101,       5.05   ,   0.782416
          2,  509,        212,        179,       10.1,        101,       5.05   ,    1.48518
          2,  510,        788,        196,       10.1,        101,       5.05   ,   -1.12051
          2,  511,        246,        672,       10.1,        101,       5.05   ,     1.0944
          2,  512,        302,        213,       10.1,        101,       5.05   ,    1.32545
          2,  513,        747,          9,       10.1,        101,       5.05   ,   -1.28637
          2,  514,        517,        901,       10.1,        101,       5.05   ,    1.03768
          2,  515,        371,        564,       10.1,        101,       5.05   ,   -1.44377
          2,  516,        731,         96,       10.1,        101,       5.05   ,  -0.192636
          2,  517,        957,        729,       10.1,        101,       5.05   ,   0.150674
          2,  518,        521,        967,       10.1,        101,       5.05   ,   -1.16444
          2,  519,        791,        585,       10.1,        101,       5.05   ,  -0.838985
          2,  520,        339,        524,       10.1,        101,       5.05   ,   -1.05566
          2,  521,         74,        604,       10.1,        101,       5.05   ,   0.209135
          2,  522,         65,        357,       10.1,        101,       5.05   ,   0.209257
          2,  523,        461,        827,       10.1,        101,       5.05   ,   0.191033
          2,  524,        229,        430,       10.1,        101,       5.05   ,   -1.25055
          2,  525,        925,        590,       10.1,        101,       5.05   ,   0.645037
          2,  526,        813,         82,       10.1,        101,       5.05   ,  -0.185356
          2,  527,        384,        109,       10.1,        101,       5.05   ,    1.36767
          2,  528,        302,        712,       10.1,        101,       5.05   ,    0.93344
          2,  529,        533,        778,       10.1,        101,       5.05   ,    1.47542
          2,  530,        371,        132,       10.1,        101,       5.05   ,   0.840868
          2,  531,        465,        833,       10.1,        101,       5.05   ,  -0.536115
          2,  532,         80,        718,       10.1,        101,       5.05   ,    1.19187
          2,  533,        162,        719,       10.1,        101,       5.05   ,   -1.01928
          2,  534,        480,        587,       10.1,        101,       5.05   ,   0.613349
          2,  535,        125,        248,       10.1,        101,       5.05   ,   0.500307
          2,  536,        983,         45,       10.1,        101,       5.05   ,  -0.944421
          2,  537,        296,        175,       10.1,        101,       5.05   ,  -0.102009
          2,  538,        179,         24,       10.1,        101,       5.05   ,   -1.00117
          2,  539,        285,         76,       10.1,        101,       5.05   ,  -0.616407
          2,  540,        392,        761,       10.1,        101,       5.05   ,     1.0859
          2,  541,        147,        402,       10.1,        101,       5.05   ,   0.235534
          2,  542,        734,        344,       10.1,        101,       5.05   ,   0.652641
          2,  543,        201,        257,       10.1,        101,       5.05   ,  -0.551864
          2,  544,        895,        473,       10.1,        101,       5.05   , -0.0163267
          2,  545,        571,        127,       10.1,        101,       5.05   ,  0.0253027
          2,  546,          0,        973,       10.1,        101,       5.05   ,   -1.37014
          2,  547,        472,        167,       10.1,        101,       5.05   ,   0.807788
          2,  548,         48,        613,       10.1,        101,       5.05   ,   -1.41047
          2,  549,        610,        370,       10.1,        101,       5.05   ,    0.84536
          2,  550,        575,        322,       10.1,        101,       5.05   , -0.0791567
          2,  551,         65,        612,       10.1,        101,       5.05   ,  -0.614902
          2,  552,         53,        913,       10.1,        101,       5.05   ,   -1.29041
          2,  553,        788,        366,       10.1,        101,       5.05   ,  -0.226677
          2,  554,        702,        628,       10.1,        101,       5.05   ,     1.0161
          2,  555,        701,        315,       10.1,        101,       5.05   ,   0.281963
          2,  556,        988,        240,       10.1,        101,       5.05   ,   -0.84909
          2,  557,         11,        675,       10.1,        101,       5.05   ,   -1.40301
          2,  558,         15,        118,       10.1,        101,       5.05   ,   -1.16672
          2,  559,        827,        668,       10.1,        101,       5.05   ,    1.05149
          2,  560,        898,         19,       10.1,        101,       5.05   ,  -0.158363
          2,  561,        228,        609,       10.1,        101,       5.05   ,   0.927015
          2,  562,        366,        741,       10.1,        101,       5.05   ,   0.750607
          2,  563,        184,        863,       10.1,        101,       5.05   ,   -1.44271
          2,  564,        559,         94,       10.1,        101,       5.05   ,   0.136526
          2,  565,        194,        300,       10.1,        101,       5.05   ,  -0.721287
          2,  566,          0,        164,       10.1,        101,       5.05   ,   0.270197
          2,  567,        723,        145,       10.1,        101,       5.05   ,     -1.156
          2,  568,        646,        995,       10.1,        101,       5.05   ,   0.164066
          2,  569,        133,        544,       10.1,        101,       5.05   ,    1.09004
          2,  570,        892,        318,       10.1,        101,       5.05   ,   0.200566
          2,  571,        690,        893,       10.1,        101,       5.05   ,  -0.141836
          2,  572,        781,        551,       10.1,        101,       5.05   ,  -0.812789
          2,  573,        271,        228,       10.1,        101,       5.05   ,   0.353463
          2,  574,        284,        817,       10.1,        101,       5.05   ,  -0.194777
          2,  575,        249,        653,       10.1,        101,       5.05   ,  -0.970386
          2,  576,        199,        747,       10.1,        101,       5.05   ,    1.48885
          2,  577,        427,        178,       10.1,        101,       5.05   ,   -1.24389
          2,  578,        438,        962,       10.1,        101,       5.05   ,   0.736517
          2,  579,        196,        424,       10.1,        101,       5.05   ,   0.787306
          2,  580,        210,         58,       10.1,        101,       5.05   ,   -1.44398
          2,  581,        872,        556,       10.1,        101,       5.05   ,   -1.13808
          2,  582,        162,        968,       10.1,        101,       5.05   ,  -0.595301
          2,  583,        743,        211,       10.1,        101,       5.05   ,   0.801003
          2,  584,        987,        344,       10.1,        101,       5.05   ,    1.08185
          2,  585,        802,        780,       10.1,        101,       5.05   ,    1.09544
          2,  586,         33,        472,       10.1,        101,       5.05   ,   -1.16818
          2,  587,        224,        360,       10.1,        101,       5.05   ,   0.383317
          2,  588,        943,        763,       10.1,        101,       5.05   ,    1.23649
          2,  589,        360,        615,       10.1,        101,       5.05   ,  -0.821639
          2,  590,         87,        760,       10.1,        101,       5.05   ,   -1.03184
          2,  591,        726,        555,       10.1,        101,       5.05   ,    1.11694
          2,  592,        928,        395,       10.1,        101,       5.05   ,   -1.10246
          2,  593,        866,        115,       10.1,        101,       5.05   ,  -0.381084
          2,  594,        318,        399,       10.1,        101,       5.05   ,  -0.372307
          2,  595,        674,        422,       10.1,        101,       5.05   ,  -0.235641
          2,  596,        242,        959,       10.1,        101,       5.05   ,   0.357449
          2,  597,        149,        881,       10.1,        101,       5.05   ,  -0.224099
          2,  598,        851,        719,       10.1,        101,       5.05   ,    0.83027
          2,  599,        915,        329,       10.1,        101,       5.05   ,    1.39951
          2,  600,        186,        781,       10.1,        101,       5.05   ,  -0.725193
          2,  601,        425,        956,       10.1,        101,       5.05   ,  0.0589847
          2,  602,        879,        778,       10.1,        101,       5.05   ,  -0.687641
          2,  603,        529,        841,       10.1,        101,       5.05   ,   0.348071
          2,  604,        576,        651,       10.1,        101,       5.05   ,   0.150235
          2,  605,        898,         16,       10.1,        101,       5.05   ,   -1.49331
          2,  606,        719,        163,       10.1,        101,       5.05   ,  -0.212933
          2,  607,        655,        297,       10.1,        101,       5.05   ,  -0.896498
          2,  608,        276,        777,       10.1,        101,       5.05   ,    1.46906
          2,  609,        711,        122,       10.1,        101,       5.05   ,   0.677553
          2,  610,        243,        962,       10.1,        101,       5.05   ,   0.105616
          2,  611,        619,        259,       10.1,        101,       5.05   ,  -0.155553
          2,  612,        177,        444,       10.1,        101,       5.05   ,   -1.35326
          2,  613,        395,        179,       10.1,        101,       5.05   ,  -0.289591
          2,  614,        173,        613,       10.1,        101,       5.05   ,  -0.734162
          2,  615,        283,         51,       10.1,        101,       5.05   ,   0.236268
          2,  616,        952,        637,       10.1,        101,       5.05   ,   -1.18999
          2,  617,        438,        448,       10.1,        101,       5.05   ,  -0.652451
          2,  618,        879,        884,       10.1,        101,       5.05   , -0.0321429
          2,  619,         37,        810,       10.1,        101,       5.05   ,  -0.267615
          2,  620,         34,        570,       10.1,        101,       5.05   ,  -0.287592
          2,  621,        597,        594,       10.1,        101,       5.05   ,    1.20541
          2,  622,         40,        449,       10.1,        101,       5.05   ,   -0.60105
          2,  623,        390,        831,       10.1,        101,       5.05   ,  -0.516333
          2,  624,        592,        666,       10.1,        101,       5.05   ,  -0.693558
          2,  625,        317,         88,       10.1,        101,       5.05   ,  -0.289269
          2,  626,         66,        165,       10.1,        101,       5.05   ,   -1.51209
          2,  627,        481,        851,       10.1,        101,       5.05   ,    1.24829
          2,  628,        508,        811,       10.1,        101,       5.05   ,    -1.4278
          2,  629,        484,        553,       10.1,        101,       5.05   ,   -1.07913
          2,  630,        143,        812,       10.1,        101,       5.05   ,   0.682014
          2,  631,        721,        347,       10.1,        101,       5.05   ,   -1.03403
          2,  632,        891,        853,       10.1,        101,       5.05   ,   0.393277
          2,  633,        488,        821,       10.1,        101,       5.05   ,  -0.739567
          2,  634,        653,        564,       10.1,        101,       5.05   ,   0.402663
          2,  635,        377,        318,       10.1,        101,       5.05   ,   0.609053
          2,  636,        552,        391,       10.1,        101,       5.05   ,    0.92647
          2,  637,        474,        447,       10.1,        101,       5.05   ,  -0.450516
          2,  638,        283,        183,       10.1,        101,       5.05   ,    1.56189
          2,  639,        416,        103,       10.1,        101,       5.05   ,   0.315526
          2,  640,        515,        617,       10.1,        101,       5.05   ,   -0.88827
          2,  641,        958,        507,       10.1,        101,       5.05   ,   -1.49471
          2,  642,        209,        312,       10.1,        101,       5.05   ,  -0.271864
          2,  643,        983,        425,       10.1,        101,       5.05   ,    1.06004
          2,  644,        504,        573,       10.1,        101,       5.05   ,   -1.50679
          2,  645,        635,        711,       10.1,        101,       5.05   ,   0.868467
          2,  646,        427,        614,       10.1,        101,       5.05   ,     1.5106
          2,  647,        245,        448,       10.1,        101,       5.05   ,   0.184247
          2,  648,        569,        716,       10.1,        101,       5.05   ,   0.227706
          2,  649,        629,        294,       10.1,        101,       5.05   ,   -0.71268
          2,  650,        955,        286,       10.1,        101,       5.05   ,  -0.803633
          2,  651,        588,        781,       10.1,        101,       5.05   ,   0.682082
          2,  652,        251,        641,       10.1,        101,       5.05   ,  -0.412205
          2,  653,        518,        944,       10.1,        101,       5.05   ,   -1.54374
          2,  654,        332,        339,       10.1,        101,       5.05   ,    -1.3865
          2,  655,        835,        386,       10.1,        101,       5.05   ,   -1.04711
          2,  656,        347,        295,       10.1,        101,       5.05   ,   0.765764
          2,  657,        146,         10,       10.1,        101,       5.05   ,    1.50462
          2,  658,        265,         54,       10.1,        101,       5.05   ,   0.351584
------------------------------------------------------------------------------
Component[2] Total Sloped Parallelepiped = 658
Component[2] Real area in [1000x1000]= 0.323692%=
------------------------------------------------------------------------------
