Component 1 maximum area=0.326731 [on 1000x1000]
Component type: Ellipse
---------------------------------------------------------------------------------------
--------------|------- Center-----|----- dimensions---------|----------------------
component| id|    X       |     Y      |  Width/a     | height/b |   hoop   |   Slope   
---------------------------------------------------------------------------------------
          1,    1,        625,         50,       50.5,       50.5,      2.525   ,   -1.17445
          1,    2,        594,        977,       50.5,       50.5,      2.525   ,  -0.784218
          1,    3,         13,        161,       50.5,       50.5,      2.525   ,   0.947516
          1,    4,        527,        353,       50.5,       50.5,      2.525   ,   0.974512
          1,    5,          1,        685,       50.5,       50.5,      2.525   ,    1.11581
          1,    6,        891,        482,       50.5,       50.5,      2.525   ,   -1.22104
          1,    7,        855,        422,       50.5,       50.5,      2.525   ,     1.2661
          1,    8,        103,        872,       50.5,       50.5,      2.525   ,  -0.177187
          1,    9,        118,        606,       50.5,       50.5,      2.525   ,   -0.85188
          1,   10,         66,        720,       50.5,       50.5,      2.525   ,   0.884669
          1,   11,        194,        511,       50.5,       50.5,      2.525   ,   0.502857
          1,   12,        796,        848,       50.5,       50.5,      2.525   ,  -0.180168
          1,   13,        525,        457,       50.5,       50.5,      2.525   ,    1.49389
          1,   14,        519,        576,       50.5,       50.5,      2.525   ,  -0.193582
          1,   15,        544,        155,       50.5,       50.5,      2.525   ,  -0.760545
          1,   16,        900,        680,       50.5,       50.5,      2.525   ,    1.36148
          1,   17,        867,        873,       50.5,       50.5,      2.525   ,   -1.29813
          1,   18,        935,        156,       50.5,       50.5,      2.525   ,   -1.52482
          1,   19,        676,        615,       50.5,       50.5,      2.525   ,   0.642139
          1,   20,        177,        265,       50.5,       50.5,      2.525   ,   0.106292
          1,   21,        253,         57,       50.5,       50.5,      2.525   ,  -0.199091
          1,   22,        500,          4,       50.5,       50.5,      2.525   ,   0.652591
          1,   23,        433,         75,       50.5,       50.5,      2.525   ,   0.731906
          1,   24,        317,        601,       50.5,       50.5,      2.525   ,   0.063519
          1,   25,        897,        154,       50.5,       50.5,      2.525   ,   0.112945
          1,   26,         30,        375,       50.5,       50.5,      2.525   ,  -0.334357
          1,   27,        946,        851,       50.5,       50.5,      2.525   ,  -0.786811
          1,   28,        588,        698,       50.5,       50.5,      2.525   , -0.0799293
          1,   29,        720,         56,       50.5,       50.5,      2.525   ,  -0.574132
          1,   30,        869,        227,       50.5,       50.5,      2.525   ,  -0.436485
          1,   31,        773,        599,       50.5,       50.5,      2.525   ,  0.0876034
          1,   32,        696,        249,       50.5,       50.5,      2.525   ,   0.171565
          1,   33,        268,        797,       50.5,       50.5,      2.525   ,    1.05333
          1,   34,        813,        195,       50.5,       50.5,      2.525   ,    0.98127
          1,   35,        938,        418,       50.5,       50.5,      2.525   ,    -0.8587
          1,   36,        141,        251,       50.5,       50.5,      2.525   ,  -0.255747
          1,   37,        802,        516,       50.5,       50.5,      2.525   ,   0.697841
          1,   38,        947,        202,       50.5,       50.5,      2.525   ,  -0.101895
          1,   39,        290,        324,       50.5,       50.5,      2.525   ,  -0.828886
          1,   40,        364,        312,       50.5,       50.5,      2.525   ,     1.0161
          1,   41,         20,         88,       50.5,       50.5,      2.525   ,    -1.2957
          1,   42,        989,         69,       50.5,       50.5,      2.525   ,   0.325959
          1,   43,        438,        489,       50.5,       50.5,      2.525   ,  -0.889479
          1,   44,        102,        380,       50.5,       50.5,      2.525   ,  -0.658904
          1,   45,        670,        526,       50.5,       50.5,      2.525   ,    1.15431
          1,   46,        741,         11,       50.5,       50.5,      2.525   ,  -0.395038
          1,   47,        292,        703,       50.5,       50.5,      2.525   ,    1.02454
------------------------------------------------------------------------------
Component[1] Total Ellipsoids = 47