Component 1 maximum area=0.326731 [on 1000x1000]
Component type: Ellipse
---------------------------------------------------------------------------------------
--------------|------- Center-----|----- dimensions---------|----------------------
component| id|   X        |     Y    |  Width/a     | height/b |   hoop   |   Slope    
---------------------------------------------------------------------------------------
          1,    1,        584,        309,       50.5,       50.5,      2.525   ,   -1.13167
          1,    2,        960,        788,       50.5,       50.5,      2.525   ,   -1.40128
          1,    3,        377,        790,       50.5,       50.5,      2.525   ,   0.717548
          1,    4,        448,        258,       50.5,       50.5,      2.525   ,      0.474
          1,    5,         82,        923,       50.5,       50.5,      2.525   ,   0.551972
          1,    6,        694,        826,       50.5,       50.5,      2.525   ,   0.155535
          1,    7,        188,        378,       50.5,       50.5,      2.525   ,  -0.537115
          1,    8,        175,         28,       50.5,       50.5,      2.525   ,   -1.17762
          1,    9,        107,        794,       50.5,       50.5,      2.525   ,   0.716694
          1,   10,        588,        800,       50.5,       50.5,      2.525   ,    -0.5533
          1,   11,        168,        890,       50.5,       50.5,      2.525   ,   0.727597
          1,   12,        546,        567,       50.5,       50.5,      2.525   ,   0.524276
          1,   13,        331,        402,       50.5,       50.5,      2.525   ,    1.18251
          1,   14,        158,        941,       50.5,       50.5,      2.525   ,    1.29433
          1,   15,        357,        393,       50.5,       50.5,      2.525   ,  -0.688274
          1,   16,        951,        280,       50.5,       50.5,      2.525   ,  -0.579733
          1,   17,        153,        961,       50.5,       50.5,      2.525   ,   0.666107
          1,   18,        102,        258,       50.5,       50.5,      2.525   ,   0.935921
          1,   19,        311,        824,       50.5,       50.5,      2.525   ,   0.200687
          1,   20,        679,        993,       50.5,       50.5,      2.525   ,  -0.264462
          1,   21,        268,        812,       50.5,       50.5,      2.525   ,   0.168949
          1,   22,        400,        102,       50.5,       50.5,      2.525   ,   0.594915
          1,   23,        442,        645,       50.5,       50.5,      2.525   ,   -1.23836
          1,   24,        857,        725,       50.5,       50.5,      2.525   ,   0.124612
          1,   25,        386,        795,       50.5,       50.5,      2.525   ,  -0.123743
          1,   26,        103,        307,       50.5,       50.5,      2.525   ,  -0.575617
          1,   27,        147,        355,       50.5,       50.5,      2.525   ,   -1.03112
          1,   28,        657,        789,       50.5,       50.5,      2.525   ,  -0.274995
          1,   29,        200,        757,       50.5,       50.5,      2.525   ,   0.103856
          1,   30,        944,        557,       50.5,       50.5,      2.525   ,  -0.396727
          1,   31,        159,        917,       50.5,       50.5,      2.525   ,   -1.08926
          1,   32,        158,        535,       50.5,       50.5,      2.525   ,   0.415277
          1,   33,        459,        565,       50.5,       50.5,      2.525   ,  -0.679279
          1,   34,        780,          2,       50.5,       50.5,      2.525   ,    1.42299
          1,   35,        449,         65,       50.5,       50.5,      2.525   ,  0.0747971
          1,   36,        310,        669,       50.5,       50.5,      2.525   ,   0.562343
          1,   37,        493,        800,       50.5,       50.5,      2.525   ,  -0.296305
          1,   38,        792,         83,       50.5,       50.5,      2.525   ,   0.740378
          1,   39,        513,        757,       50.5,       50.5,      2.525   ,   -1.40621
          1,   40,        288,        724,       50.5,       50.5,      2.525   ,   0.379282
          1,   41,        160,        513,       50.5,       50.5,      2.525   ,     1.2062
          1,   42,        541,         95,       50.5,       50.5,      2.525   ,   -1.29983
          1,   43,        821,        752,       50.5,       50.5,      2.525   ,  -0.248571
          1,   44,         35,        860,       50.5,       50.5,      2.525   ,   -1.51017
          1,   45,        308,        945,       50.5,       50.5,      2.525   ,   -1.36754
          1,   46,        755,        769,       50.5,       50.5,      2.525   ,    1.54437
          1,   47,        931,         67,       50.5,       50.5,      2.525   ,  -0.846872
          1,   48,         20,        915,       50.5,       50.5,      2.525   ,  -0.930163
          1,   49,        930,        628,       50.5,       50.5,      2.525   ,  -0.716058
          1,   50,         13,         26,       50.5,       50.5,      2.525   ,   0.867605
          1,   51,        777,        906,       50.5,       50.5,      2.525   ,  0.0772883
          1,   52,        635,        595,       50.5,       50.5,      2.525   , -0.0410404
          1,   53,        948,        718,       50.5,       50.5,      2.525   ,   -1.39383
------------------------------------------------------------------------------
Component[1] Total Ellipsoids = 53
Component[1] Real area in [1000x1000]= 0.330029%=
------------------------------------------------------------------------------
