Component 1 maximum area=0.326731 [on 1000x1000]
Component type: Ellipse
---------------------------------------------------------------------------------------
--------------|------- Center-----|----- dimensions---------|----------------------
component| id|    X       |     Y      |  Width/a     | height/b |   hoop   |   Slope   
---------------------------------------------------------------------------------------
          1,    1,         24,        455,       50.5,       50.5,      2.525   ,  -0.861978
          1,    2,        488,        675,       50.5,       50.5,      2.525   ,  -0.622648
          1,    3,        692,        542,       50.5,       50.5,      2.525   ,  0.0406875
          1,    4,        650,        260,       50.5,       50.5,      2.525   ,    1.51129
          1,    5,        857,        934,       50.5,       50.5,      2.525   ,   -1.09746
          1,    6,        278,        586,       50.5,       50.5,      2.525   ,   -1.49471
          1,    7,        892,        187,       50.5,       50.5,      2.525   ,    1.02951
          1,    8,        944,         44,       50.5,       50.5,      2.525   ,   -0.50615
          1,    9,        843,         46,       50.5,       50.5,      2.525   ,   0.848742
          1,   10,        453,        369,       50.5,       50.5,      2.525   ,  0.0418999
          1,   11,        626,        923,       50.5,       50.5,      2.525   ,   0.838298
          1,   12,        128,        825,       50.5,       50.5,      2.525   ,   -1.09561
          1,   13,        144,        899,       50.5,       50.5,      2.525   ,    1.13947
          1,   14,        148,        721,       50.5,       50.5,      2.525   ,  -0.754552
          1,   15,        496,        372,       50.5,       50.5,      2.525   ,  -0.592234
          1,   16,        610,        849,       50.5,       50.5,      2.525   ,   -1.07203
          1,   17,        734,        896,       50.5,       50.5,      2.525   ,   -0.29994
          1,   18,        588,        220,       50.5,       50.5,      2.525   ,   -1.17991
          1,   19,        474,        305,       50.5,       50.5,      2.525   ,   -1.37505
          1,   20,         88,        521,       50.5,       50.5,      2.525   ,   -1.00156
          1,   21,        248,        727,       50.5,       50.5,      2.525   ,   -1.04311
          1,   22,        293,         24,       50.5,       50.5,      2.525   ,    1.49619
          1,   23,        778,        558,       50.5,       50.5,      2.525   ,  -0.243781
          1,   24,        813,        230,       50.5,       50.5,      2.525   ,   -1.12736
          1,   25,        797,        913,       50.5,       50.5,      2.525   ,    1.25955
          1,   26,        729,        791,       50.5,       50.5,      2.525   ,  -0.360559
          1,   27,        891,        251,       50.5,       50.5,      2.525   ,   -0.19065
          1,   28,        267,        905,       50.5,       50.5,      2.525   ,   -1.15759
          1,   29,        146,        837,       50.5,       50.5,      2.525   ,   0.377745
          1,   30,        592,         72,       50.5,       50.5,      2.525   ,   0.958313
          1,   31,        616,        377,       50.5,       50.5,      2.525   ,   0.312891
          1,   32,        459,        328,       50.5,       50.5,      2.525   ,    -0.7798
          1,   33,        140,        408,       50.5,       50.5,      2.525   ,   -1.32498
          1,   34,        155,         34,       50.5,       50.5,      2.525   ,    1.10802
          1,   35,        112,        725,       50.5,       50.5,      2.525   ,    0.44295
          1,   36,        472,        484,       50.5,       50.5,      2.525   ,   0.519011
          1,   37,        192,        687,       50.5,       50.5,      2.525   ,  -0.646757
          1,   38,        337,        772,       50.5,       50.5,      2.525   ,   0.302714
          1,   39,        448,        120,       50.5,       50.5,      2.525   ,  -0.227119
          1,   40,         21,        394,       50.5,       50.5,      2.525   ,    1.49437
          1,   41,        258,        744,       50.5,       50.5,      2.525   ,   -1.32707
          1,   42,        498,        112,       50.5,       50.5,      2.525   ,  -0.392031
          1,   43,        873,        313,       50.5,       50.5,      2.525   ,  -0.565589
          1,   44,        182,        254,       50.5,       50.5,      2.525   ,    1.36586
          1,   45,        412,        948,       50.5,       50.5,      2.525   ,   0.710141
          1,   46,        164,        547,       50.5,       50.5,      2.525   ,    1.26322
          1,   47,        436,        464,       50.5,       50.5,      2.525   ,    1.10665
          1,   48,        749,        655,       50.5,       50.5,      2.525   ,   -0.97856
          1,   49,         14,        238,       50.5,       50.5,      2.525   ,  -0.993363
          1,   50,        505,        916,       50.5,       50.5,      2.525   ,    1.13494
------------------------------------------------------------------------------
Component[1] Total Ellipsoids = 50