Component 1 maximum area=0.326731 [on 1000x1000]
Component type: Ellipse
---------------------------------------------------------------------------------------
--------------|------- Center-----|----- dimensions---------|----------------------
component| id|    X       |     Y      |  Width/a     | height/b |   hoop   |   Slope   
---------------------------------------------------------------------------------------
          1,    1,        506,        481,       50.5,       50.5,      2.525   ,   -1.23423
          1,    2,        147,        500,       50.5,       50.5,      2.525   ,  -0.246887
          1,    3,         81,         62,       50.5,       50.5,      2.525   ,  -0.609109
          1,    4,        306,         42,       50.5,       50.5,      2.525   ,    1.31815
          1,    5,         78,        137,       50.5,       50.5,      2.525   ,   0.281393
          1,    6,        524,        886,       50.5,       50.5,      2.525   ,   0.045041
          1,    7,        241,        502,       50.5,       50.5,      2.525   ,    1.25268
          1,    8,        474,        351,       50.5,       50.5,      2.525   ,   0.818716
          1,    9,        133,        766,       50.5,       50.5,      2.525   ,    1.55201
          1,   10,        701,        515,       50.5,       50.5,      2.525   ,   -1.07919
          1,   11,        609,        884,       50.5,       50.5,      2.525   ,  -0.200906
          1,   12,        632,        983,       50.5,       50.5,      2.525   ,  -0.585777
          1,   13,        337,        342,       50.5,       50.5,      2.525   ,   -1.44118
          1,   14,        365,        694,       50.5,       50.5,      2.525   ,  -0.253994
          1,   15,        647,        686,       50.5,       50.5,      2.525   ,  -0.434758
          1,   16,        908,        672,       50.5,       50.5,      2.525   ,  -0.101227
          1,   17,        225,        369,       50.5,       50.5,      2.525   ,   0.309619
          1,   18,        756,        566,       50.5,       50.5,      2.525   ,    1.34893
          1,   19,        674,        897,       50.5,       50.5,      2.525   ,    1.32274
          1,   20,        353,        120,       50.5,       50.5,      2.525   ,    0.87389
          1,   21,        361,        501,       50.5,       50.5,      2.525   ,  -0.431645
          1,   22,        108,        901,       50.5,       50.5,      2.525   ,   -0.39676
          1,   23,        783,        455,       50.5,       50.5,      2.525   ,   -1.41159
          1,   24,        931,        242,       50.5,       50.5,      2.525   ,   -1.14924
          1,   25,        635,         49,       50.5,       50.5,      2.525   ,     1.1613
          1,   26,        874,        396,       50.5,       50.5,      2.525   , -0.0276199
          1,   27,         13,        285,       50.5,       50.5,      2.525   ,    1.40004
          1,   28,        122,        633,       50.5,       50.5,      2.525   ,   -1.23804
          1,   29,        886,        699,       50.5,       50.5,      2.525   ,   0.660603
          1,   30,        116,         35,       50.5,       50.5,      2.525   ,   0.293579
          1,   31,        824,        717,       50.5,       50.5,      2.525   ,  0.0704348
          1,   32,        952,        164,       50.5,       50.5,      2.525   ,    0.13762
          1,   33,        973,        524,       50.5,       50.5,      2.525   ,  -0.979038
          1,   34,        839,        635,       50.5,       50.5,      2.525   ,   -0.96037
          1,   35,        464,        532,       50.5,       50.5,      2.525   ,   0.934232
          1,   36,        529,        806,       50.5,       50.5,      2.525   ,   0.171089
          1,   37,         95,        500,       50.5,       50.5,      2.525   ,  -0.179139
          1,   38,         98,        550,       50.5,       50.5,      2.525   ,   -1.45476
          1,   39,         20,        364,       50.5,       50.5,      2.525   ,  -0.576914
          1,   40,        536,        613,       50.5,       50.5,      2.525   ,  0.0541868
          1,   41,        196,        482,       50.5,       50.5,      2.525   ,   0.844708
          1,   42,        443,        549,       50.5,       50.5,      2.525   ,  -0.981186
          1,   43,        326,        371,       50.5,       50.5,      2.525   ,  -0.767346
          1,   44,        494,        748,       50.5,       50.5,      2.525   ,  -0.486199
          1,   45,        207,        650,       50.5,       50.5,      2.525   ,  -0.459999
          1,   46,        189,        108,       50.5,       50.5,      2.525   ,   -1.00956
          1,   47,        383,          7,       50.5,       50.5,      2.525   ,    0.53473
          1,   48,        664,        567,       50.5,       50.5,      2.525   ,   0.663251
          1,   49,        304,        179,       50.5,       50.5,      2.525   ,  -0.293817
------------------------------------------------------------------------------
Component[1] Total Ellipsoids = 49