Component 2 maximum area=0.323322 [on 1000x1000]
Component type: Sloped rectangle
---------------------------------------------------------------------------------------
--------------|------- Center-----|----- dimensions---------|----------------------
component| id|    X       |     Y      |  Width/a     | height/b |   hoop   |   Slope   
---------------------------------------------------------------------------------------
          2,    1,        325,        746,       10.1,        101,       5.05   ,    1.06623
          2,    2,        666,        199,       10.1,        101,       5.05   ,   0.309678
          2,    3,        272,        616,       10.1,        101,       5.05   ,   0.572143
          2,    4,        564,        699,       10.1,        101,       5.05   ,    1.15061
          2,    5,        422,        152,       10.1,        101,       5.05   , -0.0650393
          2,    6,        703,        595,       10.1,        101,       5.05   ,  -0.305314
          2,    7,        100,        561,       10.1,        101,       5.05   ,  -0.965454
          2,    8,        597,        525,       10.1,        101,       5.05   ,    1.20413
          2,    9,        202,        945,       10.1,        101,       5.05   ,   -1.52049
          2,   10,        889,        358,       10.1,        101,       5.05   ,   0.645943
          2,   11,         29,        250,       10.1,        101,       5.05   ,  -0.542809
          2,   12,        637,        783,       10.1,        101,       5.05   ,    1.51147
          2,   13,        647,        720,       10.1,        101,       5.05   ,  -0.606069
          2,   14,        129,        986,       10.1,        101,       5.05   ,  -0.856055
          2,   15,        856,        872,       10.1,        101,       5.05   ,  -0.347085
          2,   16,        351,        939,       10.1,        101,       5.05   ,   0.399723
          2,   17,        423,        577,       10.1,        101,       5.05   ,  -0.600391
          2,   18,        211,        127,       10.1,        101,       5.05   , 0.00907205
          2,   19,        688,        453,       10.1,        101,       5.05   ,   -1.55484
          2,   20,        759,        760,       10.1,        101,       5.05   ,   0.604714
          2,   21,         81,        328,       10.1,        101,       5.05   ,  -0.642401
          2,   22,        699,         18,       10.1,        101,       5.05   ,  0.0370159
          2,   23,        996,        518,       10.1,        101,       5.05   ,   0.015553
          2,   24,        579,         60,       10.1,        101,       5.05   ,  -0.846443
          2,   25,        972,        735,       10.1,        101,       5.05   ,   -1.13404
          2,   26,        922,         59,       10.1,        101,       5.05   ,     1.0996
          2,   27,        139,        210,       10.1,        101,       5.05   ,   0.520459
          2,   28,        354,        537,       10.1,        101,       5.05   ,   0.155341
          2,   29,        203,        236,       10.1,        101,       5.05   ,   0.273309
          2,   30,        474,        148,       10.1,        101,       5.05   ,  -0.906421
          2,   31,        916,        543,       10.1,        101,       5.05   ,  -0.380486
          2,   32,        125,        890,       10.1,        101,       5.05   ,   -0.69985
          2,   33,        981,         35,       10.1,        101,       5.05   ,  -0.346463
          2,   34,        768,        820,       10.1,        101,       5.05   ,     1.2536
          2,   35,        260,        412,       10.1,        101,       5.05   ,  -0.980743
          2,   36,        390,        943,       10.1,        101,       5.05   ,    1.32638
          2,   37,        775,        621,       10.1,        101,       5.05   ,   0.999234
          2,   38,        828,        402,       10.1,        101,       5.05   ,  -0.504872
          2,   39,        223,        288,       10.1,        101,       5.05   ,    1.29066
          2,   40,        691,        244,       10.1,        101,       5.05   ,   0.796957
          2,   41,        560,        884,       10.1,        101,       5.05   ,   -1.16549
          2,   42,        516,        927,       10.1,        101,       5.05   ,  -0.264416
          2,   43,        220,        247,       10.1,        101,       5.05   ,  -0.852582
          2,   44,        960,        729,       10.1,        101,       5.05   ,  0.0287701
          2,   45,        360,        896,       10.1,        101,       5.05   ,  -0.777994
          2,   46,        105,        231,       10.1,        101,       5.05   ,    1.21462
          2,   47,         34,        647,       10.1,        101,       5.05   ,   -0.30319
          2,   48,        371,        190,       10.1,        101,       5.05   ,    0.88648
          2,   49,        759,        333,       10.1,        101,       5.05   ,    1.25893
          2,   50,        427,        121,       10.1,        101,       5.05   ,  -0.220066
          2,   51,        682,        355,       10.1,        101,       5.05   ,   0.770138
          2,   52,        645,        350,       10.1,        101,       5.05   ,  -0.396365
          2,   53,        587,        726,       10.1,        101,       5.05   ,  -0.925708
          2,   54,        301,        348,       10.1,        101,       5.05   ,   0.329977
          2,   55,        161,        251,       10.1,        101,       5.05   ,   0.625467
          2,   56,        162,        510,       10.1,        101,       5.05   ,  -0.918086
          2,   57,        299,        188,       10.1,        101,       5.05   , -0.0124434
          2,   58,        170,        600,       10.1,        101,       5.05   ,   0.102551
          2,   59,        953,        776,       10.1,        101,       5.05   ,  -0.559523
          2,   60,        978,        418,       10.1,        101,       5.05   ,  -0.827714
          2,   61,        533,        855,       10.1,        101,       5.05   ,    1.52091
          2,   62,        589,        610,       10.1,        101,       5.05   ,  -0.732556
          2,   63,        471,        980,       10.1,        101,       5.05   ,   0.447179
          2,   64,        306,        330,       10.1,        101,       5.05   ,    1.55953
          2,   65,        596,        138,       10.1,        101,       5.05   ,   -1.16749
          2,   66,        785,        420,       10.1,        101,       5.05   ,   0.478456
          2,   67,        207,        502,       10.1,        101,       5.05   ,   -1.22294
          2,   68,        143,        451,       10.1,        101,       5.05   ,   -1.12957
          2,   69,        999,        735,       10.1,        101,       5.05   ,    1.15918
          2,   70,        756,        176,       10.1,        101,       5.05   ,   0.677037
          2,   71,        674,        190,       10.1,        101,       5.05   ,    1.15131
          2,   72,        376,        794,       10.1,        101,       5.05   ,    1.07987
          2,   73,        912,          1,       10.1,        101,       5.05   ,  0.0264874
          2,   74,        433,        887,       10.1,        101,       5.05   ,     1.0791
          2,   75,        496,         25,       10.1,        101,       5.05   ,    1.14079
          2,   76,        242,        178,       10.1,        101,       5.05   ,    1.19235
          2,   77,        866,        578,       10.1,        101,       5.05   ,   -1.35045
          2,   78,        942,        652,       10.1,        101,       5.05   ,   0.584519
          2,   79,        846,        667,       10.1,        101,       5.05   ,   -1.06749
          2,   80,         89,        973,       10.1,        101,       5.05   ,   0.305238
          2,   81,        952,        812,       10.1,        101,       5.05   ,  -0.588157
          2,   82,        553,        992,       10.1,        101,       5.05   ,   -1.33773
          2,   83,        465,        663,       10.1,        101,       5.05   ,  -0.496587
          2,   84,        408,        744,       10.1,        101,       5.05   ,  -0.547602
          2,   85,        621,        392,       10.1,        101,       5.05   ,  -0.493097
          2,   86,        126,        822,       10.1,        101,       5.05   ,   0.683382
          2,   87,        479,        786,       10.1,        101,       5.05   , 0.00897314
          2,   88,        805,        134,       10.1,        101,       5.05   ,  -0.326878
          2,   89,        853,        785,       10.1,        101,       5.05   , -0.0558103
          2,   90,        640,        416,       10.1,        101,       5.05   ,   0.127944
          2,   91,        310,         97,       10.1,        101,       5.05   ,   0.264896
          2,   92,        889,         91,       10.1,        101,       5.05   ,   -1.37895
          2,   93,        261,        681,       10.1,        101,       5.05   ,   0.693899
          2,   94,        431,        727,       10.1,        101,       5.05   ,    1.37247
          2,   95,        352,        393,       10.1,        101,       5.05   ,   -1.30844
          2,   96,        634,        928,       10.1,        101,       5.05   ,  -0.363871
          2,   97,        811,        745,       10.1,        101,       5.05   ,     1.5111
          2,   98,        179,         30,       10.1,        101,       5.05   ,   -0.33024
          2,   99,        365,        546,       10.1,        101,       5.05   ,  -0.364485
          2,  100,        701,        311,       10.1,        101,       5.05   ,  -0.491591
          2,  101,         30,        148,       10.1,        101,       5.05   ,  -0.516638
          2,  102,        533,        251,       10.1,        101,       5.05   ,   -1.03263
          2,  103,        593,        702,       10.1,        101,       5.05   ,    1.11901
          2,  104,        684,        242,       10.1,        101,       5.05   ,    1.24898
          2,  105,        410,        755,       10.1,        101,       5.05   ,    1.49926
          2,  106,        228,        957,       10.1,        101,       5.05   ,   0.530505
          2,  107,        828,        863,       10.1,        101,       5.05   ,   0.435479
          2,  108,         46,        525,       10.1,        101,       5.05   ,   0.236595
          2,  109,        981,        378,       10.1,        101,       5.05   ,   0.785282
          2,  110,        752,        282,       10.1,        101,       5.05   ,  -0.632331
          2,  111,        818,        925,       10.1,        101,       5.05   ,   0.337661
          2,  112,        340,        697,       10.1,        101,       5.05   ,   0.848893
          2,  113,        970,        465,       10.1,        101,       5.05   ,  -0.531418
          2,  114,        153,        250,       10.1,        101,       5.05   ,    -1.4183
          2,  115,        429,        599,       10.1,        101,       5.05   ,   0.128067
          2,  116,        565,        178,       10.1,        101,       5.05   ,  -0.257188
          2,  117,        597,        167,       10.1,        101,       5.05   ,   -1.07718
          2,  118,        189,        545,       10.1,        101,       5.05   ,  -0.540521
          2,  119,        780,         60,       10.1,        101,       5.05   ,  -0.783119
          2,  120,        495,        182,       10.1,        101,       5.05   ,   -0.74948
          2,  121,        540,        495,       10.1,        101,       5.05   ,  -0.488047
          2,  122,        617,        803,       10.1,        101,       5.05   ,   0.348494
          2,  123,        606,        121,       10.1,        101,       5.05   ,  -0.838579
          2,  124,        495,        332,       10.1,        101,       5.05   ,   -1.40222
          2,  125,        938,         19,       10.1,        101,       5.05   ,   -1.03729
          2,  126,        727,        481,       10.1,        101,       5.05   ,    1.34707
          2,  127,        599,         16,       10.1,        101,       5.05   ,  -0.324417
          2,  128,        515,        803,       10.1,        101,       5.05   ,   -1.11786
          2,  129,        664,        486,       10.1,        101,       5.05   ,  -0.509567
          2,  130,        514,        827,       10.1,        101,       5.05   ,   0.197606
          2,  131,        883,        343,       10.1,        101,       5.05   ,   0.924553
          2,  132,        737,        383,       10.1,        101,       5.05   ,  -0.417115
          2,  133,        231,        205,       10.1,        101,       5.05   ,   0.911704
          2,  134,        910,        226,       10.1,        101,       5.05   ,  0.0134531
          2,  135,        997,        477,       10.1,        101,       5.05   ,  -0.666767
          2,  136,        215,        279,       10.1,        101,       5.05   ,  -0.695785
          2,  137,        203,        158,       10.1,        101,       5.05   ,  0.0674149
          2,  138,        497,        364,       10.1,        101,       5.05   ,  -0.549481
          2,  139,         90,        379,       10.1,        101,       5.05   ,    1.40175
          2,  140,        789,         27,       10.1,        101,       5.05   ,   0.596932
          2,  141,        414,        752,       10.1,        101,       5.05   , -0.0994792
          2,  142,         88,        593,       10.1,        101,       5.05   ,   -1.39257
          2,  143,        937,         66,       10.1,        101,       5.05   ,   -1.33537
          2,  144,        117,        225,       10.1,        101,       5.05   ,  -0.389447
          2,  145,        459,        166,       10.1,        101,       5.05   ,   0.303306
          2,  146,        468,        978,       10.1,        101,       5.05   ,  -0.964844
          2,  147,         98,        521,       10.1,        101,       5.05   ,  0.0879156
          2,  148,        847,         44,       10.1,        101,       5.05   ,   0.202818
          2,  149,        215,        256,       10.1,        101,       5.05   ,   -1.32478
          2,  150,         38,        978,       10.1,        101,       5.05   ,   -1.35426
          2,  151,        191,        901,       10.1,        101,       5.05   ,  -0.420859
          2,  152,        428,        162,       10.1,        101,       5.05   ,  -0.280427
          2,  153,        310,         37,       10.1,        101,       5.05   ,  -0.234039
          2,  154,         85,         41,       10.1,        101,       5.05   ,   0.386807
          2,  155,        593,        925,       10.1,        101,       5.05   ,    1.30509
          2,  156,        109,        393,       10.1,        101,       5.05   ,   0.755191
          2,  157,         65,        112,       10.1,        101,       5.05   ,  -0.323552
          2,  158,         37,        423,       10.1,        101,       5.05   ,    1.44661
          2,  159,         69,         82,       10.1,        101,       5.05   ,    1.12874
          2,  160,        511,        399,       10.1,        101,       5.05   ,   0.533788
          2,  161,        708,        722,       10.1,        101,       5.05   , -0.0552464
          2,  162,        178,        276,       10.1,        101,       5.05   ,   -1.35898
          2,  163,         65,        267,       10.1,        101,       5.05   ,    1.06983
          2,  164,        760,        707,       10.1,        101,       5.05   ,   0.922724
          2,  165,        206,         87,       10.1,        101,       5.05   ,  -0.932852
          2,  166,        540,        891,       10.1,        101,       5.05   ,   0.676854
          2,  167,        214,         64,       10.1,        101,       5.05   ,   0.512081
          2,  168,        512,        836,       10.1,        101,       5.05   ,   -1.29732
          2,  169,        593,        705,       10.1,        101,       5.05   ,   0.731937
          2,  170,        721,         92,       10.1,        101,       5.05   ,  -0.634984
          2,  171,         14,        532,       10.1,        101,       5.05   ,  -0.625229
          2,  172,        927,         85,       10.1,        101,       5.05   ,    1.07828
          2,  173,        829,        384,       10.1,        101,       5.05   ,   0.305496
          2,  174,        736,        912,       10.1,        101,       5.05   ,  -0.874858
          2,  175,        570,        745,       10.1,        101,       5.05   ,    1.10752
          2,  176,        126,        188,       10.1,        101,       5.05   ,    1.49702
          2,  177,        852,        674,       10.1,        101,       5.05   ,    0.52928
          2,  178,        516,        757,       10.1,        101,       5.05   ,   0.891841
          2,  179,        816,        714,       10.1,        101,       5.05   , 0.00969982
          2,  180,         89,        467,       10.1,        101,       5.05   ,  -0.062788
          2,  181,         29,        599,       10.1,        101,       5.05   ,   0.659207
          2,  182,        867,        308,       10.1,        101,       5.05   ,   -1.17717
          2,  183,        400,        418,       10.1,        101,       5.05   ,   0.134577
          2,  184,        999,        564,       10.1,        101,       5.05   ,   -0.46403
          2,  185,        275,        278,       10.1,        101,       5.05   ,    1.24551
          2,  186,        492,        549,       10.1,        101,       5.05   ,  -0.826571
          2,  187,        212,        996,       10.1,        101,       5.05   ,   0.222204
          2,  188,        130,        481,       10.1,        101,       5.05   ,    1.25256
          2,  189,        604,        846,       10.1,        101,       5.05   ,   -1.13869
          2,  190,        255,        253,       10.1,        101,       5.05   ,   0.473618
          2,  191,        708,        301,       10.1,        101,       5.05   ,  0.0279079
          2,  192,        515,         97,       10.1,        101,       5.05   ,  -0.105896
          2,  193,        599,         29,       10.1,        101,       5.05   , -0.0252847
          2,  194,        674,        794,       10.1,        101,       5.05   ,   -1.26859
          2,  195,        452,        582,       10.1,        101,       5.05   ,   -1.00559
          2,  196,         31,        207,       10.1,        101,       5.05   ,    1.09887
          2,  197,        481,        876,       10.1,        101,       5.05   ,   0.532472
          2,  198,        314,        866,       10.1,        101,       5.05   ,   -1.03742
          2,  199,        264,        813,       10.1,        101,       5.05   ,  -0.214888
          2,  200,        797,        412,       10.1,        101,       5.05   ,     1.4662
          2,  201,        692,        151,       10.1,        101,       5.05   ,    1.22192
          2,  202,          1,        119,       10.1,        101,       5.05   ,  -0.132942
          2,  203,        786,        760,       10.1,        101,       5.05   ,   -1.19346
          2,  204,        677,        737,       10.1,        101,       5.05   ,   0.400509
          2,  205,        281,        408,       10.1,        101,       5.05   ,   0.312696
          2,  206,        736,        269,       10.1,        101,       5.05   ,   -1.41815
          2,  207,        752,        394,       10.1,        101,       5.05   ,   0.769382
          2,  208,        844,        570,       10.1,        101,       5.05   ,   0.593981
          2,  209,        778,        920,       10.1,        101,       5.05   ,  -0.133224
          2,  210,        582,        742,       10.1,        101,       5.05   ,   0.141791
          2,  211,        921,        586,       10.1,        101,       5.05   ,    1.46615
          2,  212,        214,        106,       10.1,        101,       5.05   ,   0.995874
          2,  213,        691,        375,       10.1,        101,       5.05   ,    1.38253
          2,  214,        480,        264,       10.1,        101,       5.05   ,   -1.38994
          2,  215,        212,        477,       10.1,        101,       5.05   ,    -1.1837
          2,  216,        497,         91,       10.1,        101,       5.05   ,  -0.871999
          2,  217,        931,        705,       10.1,        101,       5.05   ,   0.211129
          2,  218,        729,        632,       10.1,        101,       5.05   ,-0.00223551
          2,  219,         63,        518,       10.1,        101,       5.05   ,  -0.359944
          2,  220,        511,        332,       10.1,        101,       5.05   ,   -0.81835
          2,  221,        551,        149,       10.1,        101,       5.05   ,  -0.603228
          2,  222,        842,        366,       10.1,        101,       5.05   ,    1.01329
          2,  223,        828,        163,       10.1,        101,       5.05   ,    1.04436
          2,  224,        767,        128,       10.1,        101,       5.05   ,  -0.935285
          2,  225,        945,         30,       10.1,        101,       5.05   ,   -1.35903
          2,  226,        749,        118,       10.1,        101,       5.05   ,   -0.82794
          2,  227,        463,        374,       10.1,        101,       5.05   ,   0.438382
          2,  228,        768,        899,       10.1,        101,       5.05   ,   0.273866
          2,  229,        297,        991,       10.1,        101,       5.05   ,    1.38688
          2,  230,         65,        346,       10.1,        101,       5.05   ,   0.315351
          2,  231,         30,        717,       10.1,        101,       5.05   ,   0.103943
          2,  232,        247,          8,       10.1,        101,       5.05   ,   -1.31382
          2,  233,        137,         37,       10.1,        101,       5.05   ,   0.130815
          2,  234,        440,        792,       10.1,        101,       5.05   ,    1.30988
          2,  235,        157,        182,       10.1,        101,       5.05   ,   -1.21223
          2,  236,        890,        775,       10.1,        101,       5.05   ,  -0.815906
          2,  237,        356,        889,       10.1,        101,       5.05   ,  0.0634061
          2,  238,        350,        927,       10.1,        101,       5.05   ,  -0.618182
          2,  239,        423,        818,       10.1,        101,       5.05   ,   -1.30736
          2,  240,        924,        510,       10.1,        101,       5.05   ,  -0.346554
          2,  241,        631,        345,       10.1,        101,       5.05   ,  -0.661742
          2,  242,        162,        580,       10.1,        101,       5.05   ,  -0.326282
          2,  243,        369,        691,       10.1,        101,       5.05   ,   -1.18863
          2,  244,        949,        511,       10.1,        101,       5.05   ,   0.857812
          2,  245,        679,        536,       10.1,        101,       5.05   ,  -0.483793
          2,  246,        611,        476,       10.1,        101,       5.05   ,   -0.84202
          2,  247,        578,        138,       10.1,        101,       5.05   ,   0.570935
          2,  248,        247,        950,       10.1,        101,       5.05   ,  -0.970725
          2,  249,        442,         62,       10.1,        101,       5.05   ,  -0.592098
          2,  250,          1,        779,       10.1,        101,       5.05   ,  -0.973902
          2,  251,        519,        884,       10.1,        101,       5.05   ,  -0.804754
          2,  252,        606,        317,       10.1,        101,       5.05   ,  -0.658253
          2,  253,         32,        108,       10.1,        101,       5.05   ,   0.821938
          2,  254,        903,        853,       10.1,        101,       5.05   ,   -1.16392
          2,  255,         38,        548,       10.1,        101,       5.05   ,   0.622594
          2,  256,        691,        184,       10.1,        101,       5.05   ,  0.0451267
          2,  257,        339,         49,       10.1,        101,       5.05   , -0.0772056
          2,  258,        535,        764,       10.1,        101,       5.05   ,  -0.990113
          2,  259,        669,         89,       10.1,        101,       5.05   ,  0.0232106
          2,  260,        119,        701,       10.1,        101,       5.05   ,   -1.46785
          2,  261,        986,        776,       10.1,        101,       5.05   ,  0.0822973
          2,  262,         90,        528,       10.1,        101,       5.05   ,   0.603326
          2,  263,        289,         30,       10.1,        101,       5.05   ,    1.02143
          2,  264,        992,        961,       10.1,        101,       5.05   ,  -0.113926
          2,  265,        119,        169,       10.1,        101,       5.05   ,   -1.54286
          2,  266,        133,        399,       10.1,        101,       5.05   ,  -0.637849
          2,  267,        613,        602,       10.1,        101,       5.05   ,   0.857478
          2,  268,        244,        985,       10.1,        101,       5.05   ,   -1.04791
          2,  269,        576,        224,       10.1,        101,       5.05   ,    1.43025
          2,  270,         63,        787,       10.1,        101,       5.05   ,    1.46323
          2,  271,        781,        124,       10.1,        101,       5.05   ,    1.41131
          2,  272,        323,        721,       10.1,        101,       5.05   ,   0.633889
          2,  273,        594,          6,       10.1,        101,       5.05   ,   0.261605
          2,  274,        260,        441,       10.1,        101,       5.05   ,  -0.523673
          2,  275,        665,        356,       10.1,        101,       5.05   ,   -0.30923
          2,  276,        883,        498,       10.1,        101,       5.05   ,   -1.45686
          2,  277,        260,        488,       10.1,        101,       5.05   ,  -0.877546
          2,  278,        333,        691,       10.1,        101,       5.05   ,  -0.929165
          2,  279,        232,        166,       10.1,        101,       5.05   ,   0.460074
          2,  280,        654,        181,       10.1,        101,       5.05   ,   0.139525
          2,  281,        622,        718,       10.1,        101,       5.05   ,   -1.56365
          2,  282,        556,        907,       10.1,        101,       5.05   ,   -1.18742
          2,  283,        572,        483,       10.1,        101,       5.05   ,    1.09459
          2,  284,        391,         91,       10.1,        101,       5.05   ,   -1.50997
          2,  285,        928,         59,       10.1,        101,       5.05   ,  -0.642983
          2,  286,        664,        541,       10.1,        101,       5.05   ,    1.08013
          2,  287,        426,        697,       10.1,        101,       5.05   ,   0.744351
          2,  288,        323,        559,       10.1,        101,       5.05   ,    1.55133
          2,  289,        863,        727,       10.1,        101,       5.05   ,  -0.323876
          2,  290,        886,        603,       10.1,        101,       5.05   ,    1.16955
          2,  291,        365,        883,       10.1,        101,       5.05   ,   0.166947
          2,  292,        694,        632,       10.1,        101,       5.05   ,  0.0970005
          2,  293,        425,        426,       10.1,        101,       5.05   ,   -1.48551
          2,  294,        200,         79,       10.1,        101,       5.05   ,  -0.252842
          2,  295,         75,        610,       10.1,        101,       5.05   ,   -1.17375
          2,  296,        546,        219,       10.1,        101,       5.05   ,  -0.118891
          2,  297,        947,        631,       10.1,        101,       5.05   ,    1.51512
          2,  298,        390,        939,       10.1,        101,       5.05   ,   -0.91049
          2,  299,        402,        994,       10.1,        101,       5.05   ,    1.34452
          2,  300,        127,        354,       10.1,        101,       5.05   ,  -0.865455
          2,  301,        315,        455,       10.1,        101,       5.05   ,   0.281044
          2,  302,        591,        810,       10.1,        101,       5.05   ,    1.00841
          2,  303,        582,        738,       10.1,        101,       5.05   , 0.00184087
          2,  304,        877,        993,       10.1,        101,       5.05   ,   -0.63294
          2,  305,        596,        802,       10.1,        101,       5.05   ,   0.952775
          2,  306,        498,        163,       10.1,        101,       5.05   ,    1.03107
          2,  307,        908,         70,       10.1,        101,       5.05   ,     1.4753
          2,  308,        751,        535,       10.1,        101,       5.05   ,   0.766346
          2,  309,        188,        676,       10.1,        101,       5.05   ,  0.0483334
          2,  310,        315,        616,       10.1,        101,       5.05   ,   0.428154
          2,  311,        805,        552,       10.1,        101,       5.05   ,   0.635826
          2,  312,        194,        754,       10.1,        101,       5.05   ,  -0.526284
          2,  313,        196,        513,       10.1,        101,       5.05   ,  -0.297676
          2,  314,         47,        300,       10.1,        101,       5.05   ,   0.556402
          2,  315,        586,        498,       10.1,        101,       5.05   ,  -0.201824
          2,  316,        991,        509,       10.1,        101,       5.05   ,   -0.14687
          2,  317,        795,        719,       10.1,        101,       5.05   ,   0.663465
          2,  318,        116,        903,       10.1,        101,       5.05   ,  -0.868151
          2,  319,        547,        814,       10.1,        101,       5.05   ,    1.20902
          2,  320,        778,        145,       10.1,        101,       5.05   ,  -0.528004
          2,  321,        295,        205,       10.1,        101,       5.05   ,    1.12389
          2,  322,        731,        237,       10.1,        101,       5.05   ,    1.34032
          2,  323,        223,        148,       10.1,        101,       5.05   ,  -0.421168
          2,  324,        435,        620,       10.1,        101,       5.05   ,  -0.797464
          2,  325,        266,         29,       10.1,        101,       5.05   ,   -0.26486
          2,  326,        898,        662,       10.1,        101,       5.05   ,  -0.646538
          2,  327,        598,        846,       10.1,        101,       5.05   ,   -0.96499
          2,  328,        572,        584,       10.1,        101,       5.05   ,    1.20115
          2,  329,        691,        503,       10.1,        101,       5.05   ,  0.0871133
          2,  330,        292,        884,       10.1,        101,       5.05   ,    1.30324
          2,  331,        668,         29,       10.1,        101,       5.05   ,   0.850202
          2,  332,         19,        106,       10.1,        101,       5.05   ,  -0.590309
          2,  333,        568,        395,       10.1,        101,       5.05   ,   0.603402
          2,  334,        340,        984,       10.1,        101,       5.05   ,   0.799292
          2,  335,        134,        886,       10.1,        101,       5.05   ,   0.229961
          2,  336,        862,        945,       10.1,        101,       5.05   ,   -1.02448
          2,  337,        488,        378,       10.1,        101,       5.05   ,  -0.416424
          2,  338,        122,        303,       10.1,        101,       5.05   ,   0.923919
          2,  339,        354,        904,       10.1,        101,       5.05   , -0.0580269
          2,  340,          5,        758,       10.1,        101,       5.05   ,   -0.46289
          2,  341,        568,        752,       10.1,        101,       5.05   ,   0.285681
          2,  342,        354,        571,       10.1,        101,       5.05   ,   0.446075
          2,  343,        838,        142,       10.1,        101,       5.05   ,   -1.40034
          2,  344,        790,        879,       10.1,        101,       5.05   ,   0.839296
          2,  345,        342,        514,       10.1,        101,       5.05   ,  -0.437002
          2,  346,        769,        844,       10.1,        101,       5.05   ,   -0.90297
          2,  347,         49,        273,       10.1,        101,       5.05   ,  -0.993509
          2,  348,        717,        822,       10.1,        101,       5.05   ,  -0.211956
          2,  349,        150,        887,       10.1,        101,       5.05   ,   -1.25511
          2,  350,        248,        621,       10.1,        101,       5.05   ,  -0.725421
          2,  351,         39,        790,       10.1,        101,       5.05   ,  -0.520224
          2,  352,        352,        736,       10.1,        101,       5.05   ,   0.333409
          2,  353,        574,        475,       10.1,        101,       5.05   ,   -1.43512
          2,  354,        300,        624,       10.1,        101,       5.05   ,    1.07312
          2,  355,        824,        536,       10.1,        101,       5.05   ,  -0.965123
          2,  356,        135,        858,       10.1,        101,       5.05   ,    1.23116
          2,  357,        487,        722,       10.1,        101,       5.05   ,     1.0516
          2,  358,        620,        396,       10.1,        101,       5.05   ,    -1.2577
          2,  359,        151,        402,       10.1,        101,       5.05   ,   0.201457
          2,  360,        337,        454,       10.1,        101,       5.05   ,   -1.17896
          2,  361,        138,        695,       10.1,        101,       5.05   ,   0.624444
          2,  362,        144,        856,       10.1,        101,       5.05   ,   0.712393
          2,  363,        441,        991,       10.1,        101,       5.05   ,     1.3532
          2,  364,        421,        301,       10.1,        101,       5.05   ,  -0.269244
          2,  365,        384,        945,       10.1,        101,       5.05   ,   0.515959
          2,  366,        721,        858,       10.1,        101,       5.05   ,  -0.767628
          2,  367,         61,        161,       10.1,        101,       5.05   ,   -1.31352
          2,  368,        370,        606,       10.1,        101,       5.05   ,   0.118264
          2,  369,         98,        451,       10.1,        101,       5.05   ,    1.50702
          2,  370,        164,        714,       10.1,        101,       5.05   ,    1.12015
          2,  371,        153,        788,       10.1,        101,       5.05   ,     1.2445
          2,  372,        357,        694,       10.1,        101,       5.05   ,   -1.28512
          2,  373,        538,        815,       10.1,        101,       5.05   ,   -1.51152
          2,  374,        756,        700,       10.1,        101,       5.05   ,  -0.905787
          2,  375,        520,        437,       10.1,        101,       5.05   ,   -1.19551
          2,  376,        546,        396,       10.1,        101,       5.05   ,  -0.292622
          2,  377,        572,        789,       10.1,        101,       5.05   ,   -1.29949
          2,  378,        374,        763,       10.1,        101,       5.05   ,   0.767776
          2,  379,        747,        437,       10.1,        101,       5.05   ,   0.414147
          2,  380,        707,        915,       10.1,        101,       5.05   ,    1.51239
          2,  381,        287,        478,       10.1,        101,       5.05   ,   -1.04876
          2,  382,        666,        564,       10.1,        101,       5.05   ,  -0.277548
          2,  383,         94,        635,       10.1,        101,       5.05   ,   0.916995
          2,  384,        714,        536,       10.1,        101,       5.05   ,  0.0523565
          2,  385,        123,        968,       10.1,        101,       5.05   ,  -0.110034
          2,  386,        304,        467,       10.1,        101,       5.05   ,   0.514879
          2,  387,         83,        996,       10.1,        101,       5.05   ,   0.663272
          2,  388,        636,        178,       10.1,        101,       5.05   ,  -0.809593
          2,  389,        893,        236,       10.1,        101,       5.05   ,    0.24574
          2,  390,        851,         66,       10.1,        101,       5.05   , -0.0843859
          2,  391,        581,        577,       10.1,        101,       5.05   ,     1.4194
          2,  392,        365,        130,       10.1,        101,       5.05   , -0.0592921
          2,  393,        672,         40,       10.1,        101,       5.05   ,    -1.3849
          2,  394,        239,        579,       10.1,        101,       5.05   ,  -0.315523
          2,  395,        249,        355,       10.1,        101,       5.05   ,  -0.358781
          2,  396,        292,         15,       10.1,        101,       5.05   ,   0.399348
          2,  397,        970,        275,       10.1,        101,       5.05   ,    1.12987
          2,  398,        891,        150,       10.1,        101,       5.05   ,  -0.787886
          2,  399,        350,        145,       10.1,        101,       5.05   ,   0.648318
          2,  400,        741,        292,       10.1,        101,       5.05   ,   0.404121
          2,  401,        390,        749,       10.1,        101,       5.05   ,  -0.182371
          2,  402,        900,        500,       10.1,        101,       5.05   ,   0.597512
          2,  403,        431,         68,       10.1,        101,       5.05   ,  -0.684793
          2,  404,        511,        432,       10.1,        101,       5.05   ,  -0.705611
          2,  405,        799,        681,       10.1,        101,       5.05   ,    1.46035
          2,  406,        471,        200,       10.1,        101,       5.05   ,  -0.396954
          2,  407,        248,        873,       10.1,        101,       5.05   ,   0.340651
          2,  408,        199,        250,       10.1,        101,       5.05   ,   0.443684
          2,  409,        867,        714,       10.1,        101,       5.05   ,   0.556863
          2,  410,        633,        659,       10.1,        101,       5.05   ,  -0.500436
          2,  411,        161,         91,       10.1,        101,       5.05   ,    -1.2138
          2,  412,        136,        181,       10.1,        101,       5.05   ,   0.892178
          2,  413,        901,        493,       10.1,        101,       5.05   ,  -0.480995
          2,  414,        185,        779,       10.1,        101,       5.05   ,  -0.297521
          2,  415,         89,        272,       10.1,        101,       5.05   ,   0.863618
          2,  416,        772,        777,       10.1,        101,       5.05   ,  -0.939569
          2,  417,        340,        911,       10.1,        101,       5.05   ,   0.418462
          2,  418,        773,        513,       10.1,        101,       5.05   ,     1.4886
          2,  419,        938,        899,       10.1,        101,       5.05   ,    1.51562
          2,  420,        886,        540,       10.1,        101,       5.05   ,   -0.60433
          2,  421,        411,        645,       10.1,        101,       5.05   ,   0.642759
          2,  422,        352,        269,       10.1,        101,       5.05   ,   0.965342
          2,  423,        487,         85,       10.1,        101,       5.05   ,    1.24575
          2,  424,        531,        581,       10.1,        101,       5.05   ,  -0.308293
          2,  425,        476,        758,       10.1,        101,       5.05   ,    1.41324
          2,  426,        608,        143,       10.1,        101,       5.05   ,   -1.08368
          2,  427,        809,        776,       10.1,        101,       5.05   ,   0.610759
          2,  428,        773,        261,       10.1,        101,       5.05   ,  -0.660656
          2,  429,        343,        762,       10.1,        101,       5.05   ,    1.55518
          2,  430,        229,        297,       10.1,        101,       5.05   ,  -0.231074
          2,  431,        393,        505,       10.1,        101,       5.05   ,   0.759549
          2,  432,        299,        755,       10.1,        101,       5.05   ,   -1.47324
          2,  433,        856,        292,       10.1,        101,       5.05   ,  0.0770565
          2,  434,        162,        816,       10.1,        101,       5.05   ,   -1.24649
          2,  435,        975,        226,       10.1,        101,       5.05   ,    1.07346
          2,  436,        813,        607,       10.1,        101,       5.05   ,   0.686691
          2,  437,        653,        230,       10.1,        101,       5.05   ,   0.895556
          2,  438,        804,        850,       10.1,        101,       5.05   ,    1.54547
          2,  439,        334,        651,       10.1,        101,       5.05   ,  -0.165624
          2,  440,        258,        884,       10.1,        101,       5.05   ,  -0.162302
          2,  441,        589,         30,       10.1,        101,       5.05   ,    1.13908
          2,  442,        344,        899,       10.1,        101,       5.05   ,   -1.29716
          2,  443,        593,         12,       10.1,        101,       5.05   ,    1.45169
          2,  444,        954,        625,       10.1,        101,       5.05   ,   0.744218
          2,  445,        291,        570,       10.1,        101,       5.05   ,  -0.776895
          2,  446,        127,        237,       10.1,        101,       5.05   ,  -0.641897
          2,  447,        806,        670,       10.1,        101,       5.05   ,  -0.630451
          2,  448,        866,        315,       10.1,        101,       5.05   ,   -1.06336
          2,  449,        187,        245,       10.1,        101,       5.05   ,   -1.46629
          2,  450,        848,        625,       10.1,        101,       5.05   ,  -0.317713
          2,  451,        499,        333,       10.1,        101,       5.05   ,    0.33388
          2,  452,        435,        237,       10.1,        101,       5.05   ,    0.11238
          2,  453,         33,        165,       10.1,        101,       5.05   ,    1.05241
          2,  454,        673,         76,       10.1,        101,       5.05   ,  -0.145182
          2,  455,         48,        660,       10.1,        101,       5.05   ,    1.21509
          2,  456,        807,        780,       10.1,        101,       5.05   ,   -1.17687
          2,  457,        834,        775,       10.1,        101,       5.05   ,  -0.219833
          2,  458,        605,        174,       10.1,        101,       5.05   ,   -1.42672
          2,  459,        611,        717,       10.1,        101,       5.05   ,   0.263957
          2,  460,        387,        775,       10.1,        101,       5.05   ,    1.51405
          2,  461,        372,        494,       10.1,        101,       5.05   ,     1.4764
          2,  462,         63,        943,       10.1,        101,       5.05   ,  -0.524564
          2,  463,        584,        653,       10.1,        101,       5.05   ,   -1.01211
          2,  464,        845,        656,       10.1,        101,       5.05   ,  -0.811283
          2,  465,         83,        521,       10.1,        101,       5.05   ,  -0.839787
          2,  466,        417,        962,       10.1,        101,       5.05   ,   -1.25303
          2,  467,        720,        586,       10.1,        101,       5.05   ,  -0.355381
          2,  468,        523,        283,       10.1,        101,       5.05   ,  -0.654765
          2,  469,        274,        418,       10.1,        101,       5.05   ,    1.30922
          2,  470,        969,        295,       10.1,        101,       5.05   ,   0.791718
          2,  471,        923,        778,       10.1,        101,       5.05   ,  -0.458708
          2,  472,        583,        114,       10.1,        101,       5.05   ,  -0.756841
          2,  473,        556,        703,       10.1,        101,       5.05   ,   -1.23354
          2,  474,        954,        428,       10.1,        101,       5.05   ,   -1.20303
          2,  475,        145,        238,       10.1,        101,       5.05   ,    1.07234
          2,  476,        761,        884,       10.1,        101,       5.05   ,   0.256173
          2,  477,        505,         25,       10.1,        101,       5.05   ,   0.786697
          2,  478,        877,        796,       10.1,        101,       5.05   ,   -1.32036
          2,  479,        336,        934,       10.1,        101,       5.05   ,  -0.202447
          2,  480,        517,        522,       10.1,        101,       5.05   ,   -1.23998
          2,  481,        469,         54,       10.1,        101,       5.05   ,    1.32698
          2,  482,        785,         22,       10.1,        101,       5.05   ,   -0.71463
          2,  483,        550,        118,       10.1,        101,       5.05   ,   0.610258
          2,  484,        779,        513,       10.1,        101,       5.05   ,  -0.751999
          2,  485,        807,        675,       10.1,        101,       5.05   ,   -1.42848
          2,  486,        461,        326,       10.1,        101,       5.05   ,    1.17781
          2,  487,        603,        606,       10.1,        101,       5.05   ,   -1.05139
          2,  488,        969,        744,       10.1,        101,       5.05   ,  -0.857836
          2,  489,        737,        339,       10.1,        101,       5.05   ,   0.952503
          2,  490,        650,        203,       10.1,        101,       5.05   ,    1.20179
          2,  491,        122,         71,       10.1,        101,       5.05   ,  0.0529661
          2,  492,        673,         53,       10.1,        101,       5.05   ,  -0.332702
          2,  493,        869,        373,       10.1,        101,       5.05   ,  -0.832245
          2,  494,        924,        600,       10.1,        101,       5.05   ,   -1.40608
          2,  495,        535,         24,       10.1,        101,       5.05   ,   -1.43399
          2,  496,        498,        637,       10.1,        101,       5.05   ,  -0.663175
          2,  497,        921,        429,       10.1,        101,       5.05   ,    1.41902
          2,  498,        644,        252,       10.1,        101,       5.05   ,    0.92256
          2,  499,        613,        989,       10.1,        101,       5.05   ,  -0.738044
          2,  500,        873,         53,       10.1,        101,       5.05   ,  -0.775848
          2,  501,        915,        877,       10.1,        101,       5.05   ,    0.85501
          2,  502,        102,        173,       10.1,        101,       5.05   ,    1.25529
          2,  503,        991,        221,       10.1,        101,       5.05   ,   0.634913
          2,  504,        340,        738,       10.1,        101,       5.05   ,   0.762718
          2,  505,        704,        777,       10.1,        101,       5.05   ,  -0.692858
          2,  506,        235,        628,       10.1,        101,       5.05   ,   -1.04817
          2,  507,        936,        920,       10.1,        101,       5.05   ,   0.149766
          2,  508,        897,        949,       10.1,        101,       5.05   ,    1.47436
          2,  509,        198,        862,       10.1,        101,       5.05   ,  -0.486188
          2,  510,        849,        257,       10.1,        101,       5.05   ,    1.22299
          2,  511,        747,        399,       10.1,        101,       5.05   ,    1.52347
          2,  512,        615,        306,       10.1,        101,       5.05   ,    1.10676
          2,  513,        973,        512,       10.1,        101,       5.05   ,   0.679807
          2,  514,        373,        316,       10.1,        101,       5.05   ,    1.38533
          2,  515,        625,        635,       10.1,        101,       5.05   ,   0.167737
          2,  516,        922,        382,       10.1,        101,       5.05   ,   0.488153
          2,  517,        285,        773,       10.1,        101,       5.05   ,    1.53768
          2,  518,        193,        617,       10.1,        101,       5.05   ,    1.31179
          2,  519,          4,        212,       10.1,        101,       5.05   ,   -1.24479
          2,  520,        611,        416,       10.1,        101,       5.05   ,   -1.56083
          2,  521,        626,         86,       10.1,        101,       5.05   ,  -0.841425
          2,  522,        390,        838,       10.1,        101,       5.05   ,    1.10201
          2,  523,        623,         39,       10.1,        101,       5.05   ,   -1.24664
          2,  524,        613,        885,       10.1,        101,       5.05   ,   -1.28748
          2,  525,        893,        559,       10.1,        101,       5.05   ,  -0.472272
          2,  526,        922,         85,       10.1,        101,       5.05   ,  -0.267262
          2,  527,        277,        695,       10.1,        101,       5.05   ,  -0.938617
          2,  528,         93,        473,       10.1,        101,       5.05   ,   0.742895
          2,  529,        873,        869,       10.1,        101,       5.05   ,   -1.34227
          2,  530,        137,        335,       10.1,        101,       5.05   ,   0.551217
          2,  531,        280,        454,       10.1,        101,       5.05   ,   0.340474
          2,  532,        994,        933,       10.1,        101,       5.05   ,    1.00854
          2,  533,        963,        321,       10.1,        101,       5.05   ,   -1.20736
          2,  534,        819,        128,       10.1,        101,       5.05   ,    -1.2335
          2,  535,        514,        248,       10.1,        101,       5.05   ,   0.742569
          2,  536,        297,        440,       10.1,        101,       5.05   ,  -0.979872
          2,  537,        269,        893,       10.1,        101,       5.05   , -0.0144828
          2,  538,        226,        630,       10.1,        101,       5.05   ,  -0.050692
          2,  539,        131,        921,       10.1,        101,       5.05   ,    1.55305
          2,  540,        649,        613,       10.1,        101,       5.05   ,    1.10179
          2,  541,         71,        857,       10.1,        101,       5.05   ,   -1.20592
          2,  542,        273,        147,       10.1,        101,       5.05   ,   -1.36378
          2,  543,        498,        852,       10.1,        101,       5.05   ,  -0.163162
          2,  544,        458,        719,       10.1,        101,       5.05   ,  -0.507432
          2,  545,        508,        553,       10.1,        101,       5.05   ,  -0.389092
          2,  546,        957,        568,       10.1,        101,       5.05   ,   0.512376
          2,  547,        959,         91,       10.1,        101,       5.05   ,   0.121396
          2,  548,        404,        368,       10.1,        101,       5.05   ,  -0.398281
          2,  549,        656,        842,       10.1,        101,       5.05   ,     0.7065
          2,  550,         87,        600,       10.1,        101,       5.05   ,   -1.52315
          2,  551,        193,        820,       10.1,        101,       5.05   ,    1.53394
          2,  552,         74,        221,       10.1,        101,       5.05   ,    -1.5581
          2,  553,         54,        116,       10.1,        101,       5.05   ,  -0.186696
          2,  554,         81,         34,       10.1,        101,       5.05   ,  -0.717172
          2,  555,        919,        832,       10.1,        101,       5.05   ,   -1.52918
          2,  556,        779,        752,       10.1,        101,       5.05   ,    1.15107
          2,  557,        662,        549,       10.1,        101,       5.05   ,   -1.56206
          2,  558,        218,        479,       10.1,        101,       5.05   ,   0.180258
          2,  559,        771,        935,       10.1,        101,       5.05   ,    1.22318
          2,  560,        601,        765,       10.1,        101,       5.05   ,   0.600354
          2,  561,        488,        534,       10.1,        101,       5.05   ,  -0.447906
          2,  562,        206,        413,       10.1,        101,       5.05   ,   -1.13596
          2,  563,        957,        136,       10.1,        101,       5.05   ,  -0.747801
          2,  564,        180,        657,       10.1,        101,       5.05   ,  -0.356638
          2,  565,        892,        683,       10.1,        101,       5.05   ,    1.09514
          2,  566,        918,        206,       10.1,        101,       5.05   ,    0.82163
          2,  567,        230,        121,       10.1,        101,       5.05   ,     0.9203
          2,  568,        962,        660,       10.1,        101,       5.05   ,   -1.53012
          2,  569,        923,        669,       10.1,        101,       5.05   ,  0.0755293
          2,  570,        938,        547,       10.1,        101,       5.05   ,   0.414646
          2,  571,        931,        342,       10.1,        101,       5.05   ,  -0.203123
          2,  572,        555,        614,       10.1,        101,       5.05   ,  -0.319577
          2,  573,        896,        447,       10.1,        101,       5.05   ,   0.344157
          2,  574,        780,        703,       10.1,        101,       5.05   ,   0.697517
          2,  575,        712,        714,       10.1,        101,       5.05   ,    1.15303
          2,  576,        443,        262,       10.1,        101,       5.05   ,   -1.18466
          2,  577,        395,        290,       10.1,        101,       5.05   ,  -0.682131
          2,  578,        445,        748,       10.1,        101,       5.05   ,    0.62756
          2,  579,        178,         92,       10.1,        101,       5.05   ,   0.821983
          2,  580,        769,        182,       10.1,        101,       5.05   ,  -0.564095
          2,  581,        296,         19,       10.1,        101,       5.05   ,   0.162853
          2,  582,        468,        622,       10.1,        101,       5.05   ,   -1.49146
          2,  583,        893,        922,       10.1,        101,       5.05   ,   0.824026
          2,  584,        479,        716,       10.1,        101,       5.05   ,   0.190326
          2,  585,        835,        356,       10.1,        101,       5.05   ,   0.802825
          2,  586,        856,        420,       10.1,        101,       5.05   ,   -1.40372
          2,  587,        391,        109,       10.1,        101,       5.05   ,  -0.385161
          2,  588,        108,        519,       10.1,        101,       5.05   ,   0.397412
          2,  589,        380,         82,       10.1,        101,       5.05   ,   -1.22577
          2,  590,        922,        107,       10.1,        101,       5.05   ,  -0.317662
          2,  591,        362,        266,       10.1,        101,       5.05   , -0.0796077
          2,  592,        767,        423,       10.1,        101,       5.05   ,   -1.01505
          2,  593,         59,        636,       10.1,        101,       5.05   ,   -1.20343
          2,  594,        581,        647,       10.1,        101,       5.05   ,  -0.916768
          2,  595,        164,         68,       10.1,        101,       5.05   ,  -0.886242
          2,  596,        858,        296,       10.1,        101,       5.05   ,  -0.100465
          2,  597,        189,        172,       10.1,        101,       5.05   ,    1.07785
          2,  598,        352,          9,       10.1,        101,       5.05   ,   0.652023
          2,  599,         29,         31,       10.1,        101,       5.05   ,  -0.149071
          2,  600,        785,        849,       10.1,        101,       5.05   ,   0.124737
          2,  601,        791,        153,       10.1,        101,       5.05   ,   -1.31095
          2,  602,        760,        614,       10.1,        101,       5.05   ,   0.282725
          2,  603,        127,        532,       10.1,        101,       5.05   ,  -0.203799
          2,  604,        400,        389,       10.1,        101,       5.05   ,  -0.545022
          2,  605,        216,        251,       10.1,        101,       5.05   ,   -1.24794
          2,  606,        205,        555,       10.1,        101,       5.05   ,   0.723519
          2,  607,        326,         64,       10.1,        101,       5.05   ,    1.30998
          2,  608,        150,        638,       10.1,        101,       5.05   ,    1.18303
          2,  609,        242,        298,       10.1,        101,       5.05   ,   -1.31469
          2,  610,        293,        418,       10.1,        101,       5.05   ,   -0.61152
          2,  611,         94,        848,       10.1,        101,       5.05   ,  -0.101904
          2,  612,        114,        150,       10.1,        101,       5.05   ,   0.376613
          2,  613,        961,        953,       10.1,        101,       5.05   ,   0.785411
          2,  614,        727,        688,       10.1,        101,       5.05   ,  -0.955637
          2,  615,        247,        125,       10.1,        101,       5.05   ,   0.848063
          2,  616,        611,        324,       10.1,        101,       5.05   ,   -1.23821
          2,  617,        121,        178,       10.1,        101,       5.05   ,  -0.392911
          2,  618,        538,        494,       10.1,        101,       5.05   ,   -0.13253
          2,  619,        846,        761,       10.1,        101,       5.05   ,   0.352567
          2,  620,        272,        297,       10.1,        101,       5.05   ,    1.28747
          2,  621,        602,         32,       10.1,        101,       5.05   ,  -0.226757
          2,  622,        343,        758,       10.1,        101,       5.05   ,   -1.53671
          2,  623,        648,        822,       10.1,        101,       5.05   ,  -0.670192
          2,  624,        810,        943,       10.1,        101,       5.05   ,  -0.616175
          2,  625,        935,        928,       10.1,        101,       5.05   ,   0.676481
          2,  626,        222,        339,       10.1,        101,       5.05   ,  -0.788629
          2,  627,        787,        766,       10.1,        101,       5.05   ,   -1.50523
          2,  628,        893,        362,       10.1,        101,       5.05   ,   -1.29272
          2,  629,        438,        163,       10.1,        101,       5.05   ,  -0.332606
          2,  630,        304,        235,       10.1,        101,       5.05   ,   0.177099
          2,  631,        314,        249,       10.1,        101,       5.05   ,    -1.3389
          2,  632,        211,        747,       10.1,        101,       5.05   ,    1.01056
          2,  633,        619,        191,       10.1,        101,       5.05   ,   0.796007
          2,  634,        335,        454,       10.1,        101,       5.05   ,   -1.27908
          2,  635,        295,        845,       10.1,        101,       5.05   ,   -1.49678
          2,  636,        459,        365,       10.1,        101,       5.05   ,     1.4516
          2,  637,        683,        677,       10.1,        101,       5.05   , -0.0586002
          2,  638,         33,        562,       10.1,        101,       5.05   ,  -0.440135
          2,  639,        904,        726,       10.1,        101,       5.05   ,    -1.0446
          2,  640,        304,        192,       10.1,        101,       5.05   ,  -0.261139
          2,  641,        122,        516,       10.1,        101,       5.05   ,    0.40416
          2,  642,        393,        956,       10.1,        101,       5.05   ,  -0.897456
          2,  643,         26,        421,       10.1,        101,       5.05   ,   -1.27734
          2,  644,        733,        382,       10.1,        101,       5.05   ,   -1.12483
          2,  645,        438,        930,       10.1,        101,       5.05   ,  -0.964822
          2,  646,        956,        676,       10.1,        101,       5.05   ,  -0.455926
          2,  647,        892,        907,       10.1,        101,       5.05   ,    1.28513
          2,  648,        440,        238,       10.1,        101,       5.05   ,   -1.37288
          2,  649,        762,        458,       10.1,        101,       5.05   ,    0.19489
          2,  650,        402,        289,       10.1,        101,       5.05   ,   0.414531
          2,  651,        790,        633,       10.1,        101,       5.05   ,   0.968413
          2,  652,        912,        761,       10.1,        101,       5.05   ,     1.4715
          2,  653,        603,        168,       10.1,        101,       5.05   ,    1.40701
          2,  654,        787,        395,       10.1,        101,       5.05   ,  -0.323891
          2,  655,        216,         37,       10.1,        101,       5.05   ,  -0.778645
          2,  656,        245,        459,       10.1,        101,       5.05   ,    1.01094
          2,  657,        652,        364,       10.1,        101,       5.05   ,   -1.14807
          2,  658,          8,        439,       10.1,        101,       5.05   ,    1.42231
          2,  659,        228,        567,       10.1,        101,       5.05   ,    1.44757
          2,  660,        346,        416,       10.1,        101,       5.05   ,   -1.42284
          2,  661,        401,        185,       10.1,        101,       5.05   ,   0.527959
          2,  662,        774,        193,       10.1,        101,       5.05   ,   -1.23754
          2,  663,         52,        716,       10.1,        101,       5.05   ,   -1.08099
          2,  664,        213,        382,       10.1,        101,       5.05   ,    1.21195
          2,  665,        522,        465,       10.1,        101,       5.05   ,  -0.820337
          2,  666,        449,        984,       10.1,        101,       5.05   ,  0.0895848
          2,  667,        142,        954,       10.1,        101,       5.05   ,     1.3021
          2,  668,        974,        368,       10.1,        101,       5.05   ,   -1.24045
          2,  669,        331,        264,       10.1,        101,       5.05   ,  -0.840964
          2,  670,         80,        702,       10.1,        101,       5.05   ,   -1.26152
          2,  671,        910,        419,       10.1,        101,       5.05   ,  -0.423055
          2,  672,        314,        947,       10.1,        101,       5.05   ,  -0.998369
          2,  673,        382,        168,       10.1,        101,       5.05   ,  -0.612815
          2,  674,        934,        729,       10.1,        101,       5.05   ,   0.381789
          2,  675,        680,        334,       10.1,        101,       5.05   ,    -1.1742
------------------------------------------------------------------------------
Component[2] Total Sloped Parallelepiped = 675