Component 1 maximum area=0.326731 [on 1000x1000]
Component type: Ellipse
---------------------------------------------------------------------------------------
--------------|------- Center-----|----- dimensions---------|----------------------
component| id|    X       |     Y      |  Width/a     | height/b |   hoop   |   Slope   
---------------------------------------------------------------------------------------
          1,    1,        280,        931,       50.5,       50.5,      2.525   ,   0.305416
          1,    2,        404,        866,       50.5,       50.5,      2.525   ,   0.562547
          1,    3,        792,        225,       50.5,       50.5,      2.525   ,   -1.53673
          1,    4,         73,        204,       50.5,       50.5,      2.525   ,  -0.982647
          1,    5,         34,        368,       50.5,       50.5,      2.525   ,   -1.23433
          1,    6,        754,        235,       50.5,       50.5,      2.525   ,   -1.30913
          1,    7,        215,        979,       50.5,       50.5,      2.525   ,   -1.31212
          1,    8,        172,        538,       50.5,       50.5,      2.525   ,   -1.32198
          1,    9,        364,        130,       50.5,       50.5,      2.525   ,   0.563928
          1,   10,        713,        996,       50.5,       50.5,      2.525   ,  0.0573181
          1,   11,        374,        453,       50.5,       50.5,      2.525   ,   0.240628
          1,   12,        907,         34,       50.5,       50.5,      2.525   ,  -0.128122
          1,   13,        821,        944,       50.5,       50.5,      2.525   ,  0.0408557
          1,   14,        618,        330,       50.5,       50.5,      2.525   ,    0.57077
          1,   15,        730,        170,       50.5,       50.5,      2.525   ,   0.288395
          1,   16,        493,        597,       50.5,       50.5,      2.525   ,     1.2194
          1,   17,        197,        643,       50.5,       50.5,      2.525   ,    1.29237
          1,   18,        694,        903,       50.5,       50.5,      2.525   ,   -1.39706
          1,   19,        189,        174,       50.5,       50.5,      2.525   ,   0.202936
          1,   20,        690,        380,       50.5,       50.5,      2.525   ,    1.29085
          1,   21,        795,        720,       50.5,       50.5,      2.525   ,    -1.0399
          1,   22,        414,        813,       50.5,       50.5,      2.525   ,    1.02797
          1,   23,        304,        621,       50.5,       50.5,      2.525   ,     1.0226
          1,   24,        154,         93,       50.5,       50.5,      2.525   ,  -0.823378
          1,   25,        195,        581,       50.5,       50.5,      2.525   ,  -0.414071
          1,   26,        125,        820,       50.5,       50.5,      2.525   ,  -0.401943
          1,   27,        929,        715,       50.5,       50.5,      2.525   ,   -1.05824
          1,   28,        714,        929,       50.5,       50.5,      2.525   ,    1.52295
          1,   29,        787,        440,       50.5,       50.5,      2.525   ,   -1.52103
          1,   30,         80,        613,       50.5,       50.5,      2.525   ,   -1.36013
          1,   31,        766,        693,       50.5,       50.5,      2.525   ,   -1.06178
          1,   32,        667,        278,       50.5,       50.5,      2.525   ,   -1.52526
          1,   33,         34,        299,       50.5,       50.5,      2.525   ,   -1.28429
          1,   34,        396,        439,       50.5,       50.5,      2.525   ,   -1.37618
          1,   35,        834,        803,       50.5,       50.5,      2.525   ,   0.538712
          1,   36,        397,        430,       50.5,       50.5,      2.525   ,   -1.38965
          1,   37,        112,        393,       50.5,       50.5,      2.525   ,    0.31227
          1,   38,         44,        608,       50.5,       50.5,      2.525   ,   0.409169
          1,   39,        987,        331,       50.5,       50.5,      2.525   ,   -1.34364
          1,   40,        135,         58,       50.5,       50.5,      2.525   ,   0.332963
          1,   41,        884,        524,       50.5,       50.5,      2.525   ,   -1.07701
          1,   42,        646,        400,       50.5,       50.5,      2.525   ,   -0.17536
          1,   43,        673,        483,       50.5,       50.5,      2.525   ,   0.369777
          1,   44,        836,        383,       50.5,       50.5,      2.525   ,    1.10646
          1,   45,        345,        248,       50.5,       50.5,      2.525   , -0.0584219
          1,   46,        386,        189,       50.5,       50.5,      2.525   ,   0.821144
          1,   47,        258,        667,       50.5,       50.5,      2.525   ,   0.191895
          1,   48,        702,        613,       50.5,       50.5,      2.525   ,    1.55537
          1,   49,        754,          9,       50.5,       50.5,      2.525   ,    1.53075
          1,   50,        535,        173,       50.5,       50.5,      2.525   ,     0.8242
          1,   51,        224,        730,       50.5,       50.5,      2.525   ,  -0.523137
------------------------------------------------------------------------------
Component[1] Total Ellipsoids = 51