Component 2 maximum area=0.323322 [on 1000x1000]
Component type: Sloped rectangle
---------------------------------------------------------------------------------------
--------------|------- Center-----|----- dimensions---------|----------------------
component| id|   X        |     Y    |  Width/a     | height/b |   hoop   |   Slope    
---------------------------------------------------------------------------------------
          2,    1,        132,        131,       10.1,        101,       5.05   ,   0.510048
          2,    2,        855,        750,       10.1,        101,       5.05   ,   -1.55168
          2,    3,        211,        622,       10.1,        101,       5.05   ,  -0.945408
          2,    4,        699,        556,       10.1,        101,       5.05   ,  -0.388273
          2,    5,         40,         93,       10.1,        101,       5.05   ,   0.794188
          2,    6,          1,        318,       10.1,        101,       5.05   ,    0.42808
          2,    7,        629,        198,       10.1,        101,       5.05   ,   0.711662
          2,    8,        765,        220,       10.1,        101,       5.05   ,   -1.14524
          2,    9,        320,        430,       10.1,        101,       5.05   ,   -0.50058
          2,   10,        454,        758,       10.1,        101,       5.05   ,   0.488844
          2,   11,        709,        402,       10.1,        101,       5.05   ,   0.271568
          2,   12,        111,        519,       10.1,        101,       5.05   ,    1.19039
          2,   13,        940,        330,       10.1,        101,       5.05   ,   0.990609
          2,   14,        262,        459,       10.1,        101,       5.05   ,   0.596086
          2,   15,        268,        182,       10.1,        101,       5.05   ,   -0.48699
          2,   16,        174,        477,       10.1,        101,       5.05   ,  -0.843113
          2,   17,         30,        917,       10.1,        101,       5.05   ,  -0.681155
          2,   18,        162,        213,       10.1,        101,       5.05   ,  -0.690138
          2,   19,         38,        460,       10.1,        101,       5.05   ,  -0.124284
          2,   20,        368,        155,       10.1,        101,       5.05   ,   0.508561
          2,   21,        917,         90,       10.1,        101,       5.05   ,   0.377011
          2,   22,        976,        371,       10.1,        101,       5.05   ,  -0.737282
          2,   23,        388,        375,       10.1,        101,       5.05   ,   0.789723
          2,   24,        899,          9,       10.1,        101,       5.05   ,    1.08632
          2,   25,        533,        798,       10.1,        101,       5.05   ,   -1.42676
          2,   26,        853,        290,       10.1,        101,       5.05   ,    1.46758
          2,   27,        677,         22,       10.1,        101,       5.05   ,    1.13786
          2,   28,        420,        635,       10.1,        101,       5.05   ,   0.139568
          2,   29,        524,        989,       10.1,        101,       5.05   ,  -0.571547
          2,   30,         70,        760,       10.1,        101,       5.05   ,   -1.48759
          2,   31,         57,          8,       10.1,        101,       5.05   ,    1.36246
          2,   32,        787,        428,       10.1,        101,       5.05   ,  0.0647812
          2,   33,        636,        902,       10.1,        101,       5.05   ,    1.54182
          2,   34,        100,        547,       10.1,        101,       5.05   ,  -0.960699
          2,   35,        448,        420,       10.1,        101,       5.05   ,   -1.06264
          2,   36,        777,        341,       10.1,        101,       5.05   ,    1.36575
          2,   37,        132,        703,       10.1,        101,       5.05   ,    1.13074
          2,   38,        382,        310,       10.1,        101,       5.05   ,   0.413511
          2,   39,        735,        785,       10.1,        101,       5.05   ,  0.0153279
          2,   40,        309,        208,       10.1,        101,       5.05   ,   -1.00791
          2,   41,        283,        900,       10.1,        101,       5.05   ,  -0.758615
          2,   42,        276,        834,       10.1,        101,       5.05   ,   -1.17282
          2,   43,        967,        355,       10.1,        101,       5.05   ,  -0.720367
          2,   44,        267,        664,       10.1,        101,       5.05   ,  -0.611176
          2,   45,        818,        812,       10.1,        101,       5.05   ,    0.34544
          2,   46,        629,         97,       10.1,        101,       5.05   ,   0.365787
          2,   47,        401,        727,       10.1,        101,       5.05   ,    1.42786
          2,   48,        154,        141,       10.1,        101,       5.05   ,   0.935934
          2,   49,        501,        404,       10.1,        101,       5.05   ,   0.612702
          2,   50,         18,        796,       10.1,        101,       5.05   ,    1.28035
          2,   51,        382,        434,       10.1,        101,       5.05   ,    1.23969
          2,   52,        173,        923,       10.1,        101,       5.05   ,    1.01424
          2,   53,         11,        525,       10.1,        101,       5.05   ,   0.113183
          2,   54,         91,        740,       10.1,        101,       5.05   ,  -0.555052
          2,   55,        462,        427,       10.1,        101,       5.05   ,   0.938343
          2,   56,        716,        909,       10.1,        101,       5.05   ,   0.599212
          2,   57,        330,        903,       10.1,        101,       5.05   ,    1.53036
          2,   58,        403,        525,       10.1,        101,       5.05   ,   0.682744
          2,   59,        600,        320,       10.1,        101,       5.05   ,   0.940763
          2,   60,        171,        727,       10.1,        101,       5.05   ,   -1.54042
          2,   61,        146,        259,       10.1,        101,       5.05   ,   0.997464
          2,   62,        745,        753,       10.1,        101,       5.05   ,   0.861594
          2,   63,        779,        951,       10.1,        101,       5.05   ,  0.0653862
          2,   64,        631,        948,       10.1,        101,       5.05   ,  -0.921605
          2,   65,        911,        404,       10.1,        101,       5.05   ,  -0.528017
          2,   66,         10,        390,       10.1,        101,       5.05   ,   -1.00698
          2,   67,        126,        311,       10.1,        101,       5.05   ,   -1.04729
          2,   68,        282,        442,       10.1,        101,       5.05   ,    1.02461
          2,   69,        863,        211,       10.1,        101,       5.05   ,   -1.25154
          2,   70,        977,        638,       10.1,        101,       5.05   ,  -0.579839
          2,   71,        953,        224,       10.1,        101,       5.05   ,   -1.00737
          2,   72,        449,         16,       10.1,        101,       5.05   ,   0.437509
          2,   73,         33,        687,       10.1,        101,       5.05   ,  -0.129164
          2,   74,        768,         49,       10.1,        101,       5.05   ,  -0.871143
          2,   75,        318,        792,       10.1,        101,       5.05   ,   0.238289
          2,   76,        976,        130,       10.1,        101,       5.05   ,    -1.4537
          2,   77,        758,        652,       10.1,        101,       5.05   ,   -1.05618
          2,   78,        303,        707,       10.1,        101,       5.05   ,  -0.782501
          2,   79,        686,        309,       10.1,        101,       5.05   ,   0.456218
          2,   80,        552,        693,       10.1,        101,       5.05   ,   0.664925
          2,   81,        549,        324,       10.1,        101,       5.05   ,   -1.01844
          2,   82,        650,        619,       10.1,        101,       5.05   ,    1.40262
          2,   83,        269,        763,       10.1,        101,       5.05   ,  -0.957433
          2,   84,        970,        641,       10.1,        101,       5.05   ,    -0.4767
          2,   85,        992,        589,       10.1,        101,       5.05   ,   0.626054
          2,   86,        880,        808,       10.1,        101,       5.05   ,  -0.758558
          2,   87,        299,        918,       10.1,        101,       5.05   ,  -0.129723
          2,   88,        241,        575,       10.1,        101,       5.05   ,   0.164342
          2,   89,        992,          9,       10.1,        101,       5.05   ,  -0.405908
          2,   90,        789,        822,       10.1,        101,       5.05   ,   0.175348
          2,   91,        108,        373,       10.1,        101,       5.05   ,   -1.36609
          2,   92,        957,        158,       10.1,        101,       5.05   ,  -0.118216
          2,   93,        982,        402,       10.1,        101,       5.05   ,  -0.448226
          2,   94,        736,        302,       10.1,        101,       5.05   ,   -1.39741
          2,   95,        477,        376,       10.1,        101,       5.05   ,  -0.301024
          2,   96,        517,        821,       10.1,        101,       5.05   ,   0.263799
          2,   97,        151,        285,       10.1,        101,       5.05   ,    1.48643
          2,   98,        800,        707,       10.1,        101,       5.05   ,    1.16355
          2,   99,         15,         63,       10.1,        101,       5.05   ,  -0.955609
          2,  100,        899,        654,       10.1,        101,       5.05   ,    1.48255
          2,  101,        415,        984,       10.1,        101,       5.05   ,    1.11882
          2,  102,        981,        508,       10.1,        101,       5.05   ,   0.449501
          2,  103,        999,        913,       10.1,        101,       5.05   ,  -0.589059
          2,  104,        732,        811,       10.1,        101,       5.05   ,    0.57592
          2,  105,        279,        114,       10.1,        101,       5.05   ,   -1.28965
          2,  106,        587,        579,       10.1,        101,       5.05   ,    -1.5243
          2,  107,        460,        246,       10.1,        101,       5.05   ,   -0.83565
          2,  108,        106,        266,       10.1,        101,       5.05   ,   0.713099
          2,  109,        896,        690,       10.1,        101,       5.05   ,   0.913178
          2,  110,        884,        410,       10.1,        101,       5.05   ,    -1.1538
          2,  111,        335,        888,       10.1,        101,       5.05   ,  -0.578038
          2,  112,        472,        895,       10.1,        101,       5.05   ,   0.777832
          2,  113,         18,        158,       10.1,        101,       5.05   ,   0.174712
          2,  114,         23,        298,       10.1,        101,       5.05   ,   -1.00327
          2,  115,        120,        623,       10.1,        101,       5.05   ,  -0.576336
          2,  116,        886,        486,       10.1,        101,       5.05   ,   0.468039
          2,  117,        456,        628,       10.1,        101,       5.05   ,    1.31425
          2,  118,        853,        845,       10.1,        101,       5.05   ,    1.44786
          2,  119,        500,        611,       10.1,        101,       5.05   ,    -1.5376
          2,  120,        998,        578,       10.1,        101,       5.05   ,   0.691392
          2,  121,          0,        626,       10.1,        101,       5.05   ,    0.58202
          2,  122,        857,        258,       10.1,        101,       5.05   ,    1.31773
          2,  123,        891,        349,       10.1,        101,       5.05   ,  -0.425252
          2,  124,        206,         89,       10.1,        101,       5.05   ,   -1.49652
          2,  125,        811,        176,       10.1,        101,       5.05   ,   -1.17695
          2,  126,        884,        354,       10.1,        101,       5.05   ,  -0.318696
          2,  127,        880,        640,       10.1,        101,       5.05   ,  -0.262201
          2,  128,        109,        290,       10.1,        101,       5.05   ,  0.0997913
          2,  129,        961,        668,       10.1,        101,       5.05   ,   -1.34765
          2,  130,        285,        567,       10.1,        101,       5.05   ,   -1.42539
          2,  131,        718,        110,       10.1,        101,       5.05   ,  -0.141559
          2,  132,        137,        966,       10.1,        101,       5.05   ,    1.17055
          2,  133,        765,        583,       10.1,        101,       5.05   ,  -0.263892
          2,  134,        630,        224,       10.1,        101,       5.05   ,   -1.15795
          2,  135,        374,        193,       10.1,        101,       5.05   ,    1.40124
          2,  136,        849,        427,       10.1,        101,       5.05   ,    0.70452
          2,  137,        173,        705,       10.1,        101,       5.05   ,    1.40824
          2,  138,         27,        771,       10.1,        101,       5.05   ,   0.877481
          2,  139,        231,        422,       10.1,        101,       5.05   ,   -1.52625
          2,  140,         73,        568,       10.1,        101,       5.05   ,   -1.14653
          2,  141,        602,         29,       10.1,        101,       5.05   ,  -0.296567
          2,  142,        222,        945,       10.1,        101,       5.05   ,   0.106651
          2,  143,        686,        625,       10.1,        101,       5.05   ,   0.130516
          2,  144,        420,        818,       10.1,        101,       5.05   ,  -0.774386
          2,  145,        659,        501,       10.1,        101,       5.05   ,   0.359046
          2,  146,        311,        322,       10.1,        101,       5.05   ,  -0.766115
          2,  147,        904,        140,       10.1,        101,       5.05   ,   0.602424
          2,  148,        206,        215,       10.1,        101,       5.05   ,  -0.777454
          2,  149,        159,        432,       10.1,        101,       5.05   ,   0.998738
          2,  150,        562,        655,       10.1,        101,       5.05   ,  -0.930015
          2,  151,        351,         37,       10.1,        101,       5.05   ,   0.361129
          2,  152,        278,        734,       10.1,        101,       5.05   ,    -1.0038
          2,  153,        666,        920,       10.1,        101,       5.05   ,    1.05163
          2,  154,        234,         98,       10.1,        101,       5.05   ,    1.33103
          2,  155,         46,        213,       10.1,        101,       5.05   ,   -1.03531
          2,  156,        802,        665,       10.1,        101,       5.05   , -0.0808249
          2,  157,        375,        222,       10.1,        101,       5.05   ,  -0.581069
          2,  158,        616,        769,       10.1,        101,       5.05   ,   0.236782
          2,  159,        479,        602,       10.1,        101,       5.05   ,   0.192269
          2,  160,          9,        861,       10.1,        101,       5.05   ,    0.25083
          2,  161,        202,        234,       10.1,        101,       5.05   ,    1.42569
          2,  162,        152,        333,       10.1,        101,       5.05   ,   -0.84735
          2,  163,        665,        964,       10.1,        101,       5.05   ,   0.737096
          2,  164,        812,        779,       10.1,        101,       5.05   , -0.0743393
          2,  165,        794,        159,       10.1,        101,       5.05   ,   -0.23116
          2,  166,        586,        456,       10.1,        101,       5.05   ,   -0.89651
          2,  167,        656,        171,       10.1,        101,       5.05   ,    1.23314
          2,  168,        287,        338,       10.1,        101,       5.05   ,   -1.10238
          2,  169,        979,        909,       10.1,        101,       5.05   ,   0.792047
          2,  170,        863,        162,       10.1,        101,       5.05   ,   0.380362
          2,  171,        109,        843,       10.1,        101,       5.05   ,  -0.103503
          2,  172,        914,        306,       10.1,        101,       5.05   ,   0.530425
          2,  173,        274,        766,       10.1,        101,       5.05   ,   0.946804
          2,  174,        545,        761,       10.1,        101,       5.05   ,  -0.823812
          2,  175,        522,        232,       10.1,        101,       5.05   ,   -1.48108
          2,  176,        420,        279,       10.1,        101,       5.05   ,   -1.16653
          2,  177,        962,        737,       10.1,        101,       5.05   ,  -0.237446
          2,  178,        320,        373,       10.1,        101,       5.05   ,  -0.743096
          2,  179,        723,        626,       10.1,        101,       5.05   ,   -0.47507
          2,  180,        574,        266,       10.1,        101,       5.05   ,   0.500693
          2,  181,        796,         45,       10.1,        101,       5.05   ,   0.940847
          2,  182,        176,        600,       10.1,        101,       5.05   ,  -0.121645
          2,  183,        426,         90,       10.1,        101,       5.05   ,   0.690927
          2,  184,        182,        174,       10.1,        101,       5.05   ,  -0.168356
          2,  185,        786,        876,       10.1,        101,       5.05   ,   0.221293
          2,  186,        383,        986,       10.1,        101,       5.05   ,    1.21041
          2,  187,        644,        126,       10.1,        101,       5.05   ,    1.40734
          2,  188,        331,        208,       10.1,        101,       5.05   ,   -1.13478
          2,  189,        450,        347,       10.1,        101,       5.05   ,  -0.149509
          2,  190,        531,        209,       10.1,        101,       5.05   ,  -0.935664
          2,  191,        441,        717,       10.1,        101,       5.05   ,  -0.303412
          2,  192,         30,         97,       10.1,        101,       5.05   ,   -1.23128
          2,  193,        159,        308,       10.1,        101,       5.05   ,   -1.27798
          2,  194,        765,        559,       10.1,        101,       5.05   ,   -1.21581
          2,  195,        586,        910,       10.1,        101,       5.05   ,  -0.487398
          2,  196,        123,        166,       10.1,        101,       5.05   ,  -0.576215
          2,  197,        229,        781,       10.1,        101,       5.05   ,  -0.346022
          2,  198,        358,        369,       10.1,        101,       5.05   ,   0.269315
          2,  199,        252,        719,       10.1,        101,       5.05   ,   -0.59292
          2,  200,        614,        199,       10.1,        101,       5.05   ,  -0.712259
          2,  201,        124,        798,       10.1,        101,       5.05   ,    1.25544
          2,  202,        321,        744,       10.1,        101,       5.05   ,   0.984577
          2,  203,        233,        422,       10.1,        101,       5.05   ,   0.645078
          2,  204,        379,        327,       10.1,        101,       5.05   ,   0.362998
          2,  205,        182,        319,       10.1,        101,       5.05   ,  -0.651485
          2,  206,         98,        399,       10.1,        101,       5.05   ,   0.841272
          2,  207,        460,        950,       10.1,        101,       5.05   ,   -1.51665
          2,  208,        608,        688,       10.1,        101,       5.05   ,  -0.878225
          2,  209,        882,        650,       10.1,        101,       5.05   ,    1.55215
          2,  210,        256,        412,       10.1,        101,       5.05   ,  -0.760013
          2,  211,        419,        469,       10.1,        101,       5.05   ,   -1.04767
          2,  212,        178,        942,       10.1,        101,       5.05   ,  -0.412128
          2,  213,        468,        369,       10.1,        101,       5.05   ,   0.758657
          2,  214,        274,        862,       10.1,        101,       5.05   ,   0.619244
          2,  215,        361,        915,       10.1,        101,       5.05   ,   0.931862
          2,  216,        272,         69,       10.1,        101,       5.05   ,    1.05752
          2,  217,        495,        472,       10.1,        101,       5.05   ,    1.36284
          2,  218,        493,        693,       10.1,        101,       5.05   ,   -1.03107
          2,  219,        354,        837,       10.1,        101,       5.05   ,0.000410704
          2,  220,        384,        861,       10.1,        101,       5.05   ,    1.01546
          2,  221,        135,        165,       10.1,        101,       5.05   ,   0.195982
          2,  222,         25,        921,       10.1,        101,       5.05   ,   -1.38023
          2,  223,        501,        640,       10.1,        101,       5.05   ,   0.592236
          2,  224,        174,        754,       10.1,        101,       5.05   ,    1.16991
          2,  225,        491,        839,       10.1,        101,       5.05   , -0.0501257
          2,  226,        611,        751,       10.1,        101,       5.05   ,  -0.453978
          2,  227,        831,        539,       10.1,        101,       5.05   ,   0.203977
          2,  228,        842,        544,       10.1,        101,       5.05   ,  0.0227368
          2,  229,        133,        102,       10.1,        101,       5.05   ,  -0.927161
          2,  230,        727,        361,       10.1,        101,       5.05   ,    1.23997
          2,  231,        715,        901,       10.1,        101,       5.05   ,  -0.378647
          2,  232,        968,        329,       10.1,        101,       5.05   ,    1.38734
          2,  233,         61,        224,       10.1,        101,       5.05   ,    1.01969
          2,  234,         17,        352,       10.1,        101,       5.05   ,   0.475554
          2,  235,        933,        252,       10.1,        101,       5.05   ,    1.16002
          2,  236,        844,         56,       10.1,        101,       5.05   ,  -0.740079
          2,  237,        662,        582,       10.1,        101,       5.05   ,  -0.201504
          2,  238,        194,        483,       10.1,        101,       5.05   , -0.0036297
          2,  239,        545,        745,       10.1,        101,       5.05   ,   0.893134
          2,  240,        785,        200,       10.1,        101,       5.05   ,    1.53503
          2,  241,        292,         69,       10.1,        101,       5.05   ,   -1.07827
          2,  242,        317,        933,       10.1,        101,       5.05   ,     1.1285
          2,  243,        916,        657,       10.1,        101,       5.05   , -0.0323419
          2,  244,        955,        848,       10.1,        101,       5.05   ,   0.284467
          2,  245,         73,        489,       10.1,        101,       5.05   ,  -0.660027
          2,  246,        108,        203,       10.1,        101,       5.05   ,    1.40728
          2,  247,        950,        525,       10.1,        101,       5.05   ,   -1.22241
          2,  248,        901,        622,       10.1,        101,       5.05   ,   -1.50591
          2,  249,        114,         77,       10.1,        101,       5.05   ,   -1.02687
          2,  250,        139,        454,       10.1,        101,       5.05   ,   0.206368
          2,  251,        923,        438,       10.1,        101,       5.05   ,     1.2979
          2,  252,        865,        892,       10.1,        101,       5.05   ,    0.86399
          2,  253,        661,        796,       10.1,        101,       5.05   ,   -1.24161
          2,  254,         68,        997,       10.1,        101,       5.05   ,    1.23276
          2,  255,        749,        136,       10.1,        101,       5.05   ,  -0.396273
          2,  256,        784,         33,       10.1,        101,       5.05   ,    1.04977
          2,  257,         82,        259,       10.1,        101,       5.05   ,   0.336102
          2,  258,        312,        811,       10.1,        101,       5.05   ,   -1.36429
          2,  259,        882,         94,       10.1,        101,       5.05   ,   -1.26447
          2,  260,        627,        873,       10.1,        101,       5.05   ,  -0.908667
          2,  261,        597,        800,       10.1,        101,       5.05   ,   -1.23233
          2,  262,        115,        621,       10.1,        101,       5.05   ,  -0.259765
          2,  263,        157,        205,       10.1,        101,       5.05   ,    1.35107
          2,  264,        311,        564,       10.1,        101,       5.05   ,     1.2159
          2,  265,        576,        688,       10.1,        101,       5.05   ,  -0.543696
          2,  266,        981,        891,       10.1,        101,       5.05   ,  -0.316088
          2,  267,        687,        487,       10.1,        101,       5.05   ,   -0.76491
          2,  268,        217,        361,       10.1,        101,       5.05   ,    -1.2136
          2,  269,        369,        510,       10.1,        101,       5.05   ,   0.989507
          2,  270,        182,        424,       10.1,        101,       5.05   ,   -1.37725
          2,  271,        821,        702,       10.1,        101,       5.05   ,  -0.978214
          2,  272,        421,        785,       10.1,        101,       5.05   ,  -0.487241
          2,  273,        548,        731,       10.1,        101,       5.05   ,   0.897592
          2,  274,        719,        848,       10.1,        101,       5.05   ,    1.51429
          2,  275,        260,        536,       10.1,        101,       5.05   ,    0.96171
          2,  276,        581,        162,       10.1,        101,       5.05   ,  -0.656507
          2,  277,        881,        744,       10.1,        101,       5.05   ,    1.04225
          2,  278,        931,        751,       10.1,        101,       5.05   ,   0.513521
          2,  279,        148,        757,       10.1,        101,       5.05   ,  -0.442239
          2,  280,        366,        593,       10.1,        101,       5.05   ,    1.38533
          2,  281,        670,        879,       10.1,        101,       5.05   ,  -0.114423
          2,  282,         48,        997,       10.1,        101,       5.05   ,  -0.915643
          2,  283,        277,        573,       10.1,        101,       5.05   ,  0.0897097
          2,  284,        905,        282,       10.1,        101,       5.05   ,  -0.169785
          2,  285,         55,        857,       10.1,        101,       5.05   ,   0.248424
          2,  286,        336,         15,       10.1,        101,       5.05   ,   0.624188
          2,  287,        930,        999,       10.1,        101,       5.05   ,   0.373372
          2,  288,        845,        542,       10.1,        101,       5.05   ,   0.545587
          2,  289,        280,        495,       10.1,        101,       5.05   ,  -0.823457
          2,  290,        560,        337,       10.1,        101,       5.05   ,   0.029893
          2,  291,        555,        642,       10.1,        101,       5.05   ,  -0.741592
          2,  292,        573,        619,       10.1,        101,       5.05   ,   0.808113
          2,  293,         32,        862,       10.1,        101,       5.05   ,  -0.753221
          2,  294,        243,        114,       10.1,        101,       5.05   ,  -0.641011
          2,  295,        989,        823,       10.1,        101,       5.05   ,    1.50401
          2,  296,        450,        237,       10.1,        101,       5.05   ,    1.33175
          2,  297,        484,        440,       10.1,        101,       5.05   ,  -0.462948
          2,  298,        300,        452,       10.1,        101,       5.05   ,  -0.222868
          2,  299,        189,        698,       10.1,        101,       5.05   ,    -1.2788
          2,  300,        549,        195,       10.1,        101,       5.05   ,   -0.98032
          2,  301,        158,        974,       10.1,        101,       5.05   ,   0.411934
          2,  302,        448,        991,       10.1,        101,       5.05   ,   0.544166
          2,  303,        327,        861,       10.1,        101,       5.05   ,   0.373097
          2,  304,        384,        859,       10.1,        101,       5.05   ,  -0.489035
          2,  305,        851,        820,       10.1,        101,       5.05   ,  -0.284196
          2,  306,        977,        286,       10.1,        101,       5.05   ,  -0.867425
          2,  307,        214,        373,       10.1,        101,       5.05   ,  0.0503294
          2,  308,        445,        550,       10.1,        101,       5.05   ,    1.23717
          2,  309,        140,        321,       10.1,        101,       5.05   , 0.00886219
          2,  310,        984,        958,       10.1,        101,       5.05   ,   0.704909
          2,  311,        394,        351,       10.1,        101,       5.05   ,   0.354467
          2,  312,         20,        373,       10.1,        101,       5.05   ,   -1.19879
          2,  313,        605,         17,       10.1,        101,       5.05   ,    1.17876
          2,  314,        200,        223,       10.1,        101,       5.05   ,   0.210186
          2,  315,        924,        989,       10.1,        101,       5.05   ,  -0.402517
          2,  316,         13,        165,       10.1,        101,       5.05   ,  -0.149991
          2,  317,        713,         69,       10.1,        101,       5.05   ,  -0.681298
          2,  318,        665,         33,       10.1,        101,       5.05   ,    1.51796
          2,  319,        483,         54,       10.1,        101,       5.05   ,   -1.26098
          2,  320,        573,        328,       10.1,        101,       5.05   ,  0.0588978
          2,  321,        246,        717,       10.1,        101,       5.05   ,    -1.1157
          2,  322,        356,        669,       10.1,        101,       5.05   ,  -0.792428
          2,  323,        528,        576,       10.1,        101,       5.05   ,   0.534932
          2,  324,         69,        826,       10.1,        101,       5.05   , -0.0650852
          2,  325,        117,        716,       10.1,        101,       5.05   ,   0.526291
          2,  326,        239,        347,       10.1,        101,       5.05   ,    1.11355
          2,  327,        630,        287,       10.1,        101,       5.05   ,  -0.119609
          2,  328,          0,        641,       10.1,        101,       5.05   ,  -0.499972
          2,  329,        126,        112,       10.1,        101,       5.05   ,    1.01013
          2,  330,        534,        718,       10.1,        101,       5.05   ,   -1.20361
          2,  331,        140,        508,       10.1,        101,       5.05   ,    1.20185
          2,  332,        849,        131,       10.1,        101,       5.05   ,   -0.90887
          2,  333,        203,        556,       10.1,        101,       5.05   ,  0.0506335
          2,  334,        502,        253,       10.1,        101,       5.05   ,   -1.53391
          2,  335,        333,        759,       10.1,        101,       5.05   ,  -0.193466
          2,  336,         69,        631,       10.1,        101,       5.05   ,   0.419179
          2,  337,        678,        513,       10.1,        101,       5.05   ,   -1.06581
          2,  338,        625,         91,       10.1,        101,       5.05   ,  -0.482185
          2,  339,        969,        688,       10.1,        101,       5.05   ,   -1.10688
          2,  340,        723,        922,       10.1,        101,       5.05   ,    1.29885
          2,  341,        207,        526,       10.1,        101,       5.05   ,    1.44387
          2,  342,        829,        350,       10.1,        101,       5.05   ,  -0.485166
          2,  343,        120,        635,       10.1,        101,       5.05   ,    1.37382
          2,  344,        896,        706,       10.1,        101,       5.05   ,   -1.07912
          2,  345,        124,        701,       10.1,        101,       5.05   ,   -0.81004
          2,  346,        435,        326,       10.1,        101,       5.05   ,   -1.56997
          2,  347,         63,        566,       10.1,        101,       5.05   ,   0.894698
          2,  348,        564,         31,       10.1,        101,       5.05   ,   0.693792
          2,  349,        580,        185,       10.1,        101,       5.05   ,   0.568341
          2,  350,        534,        858,       10.1,        101,       5.05   ,   0.519433
          2,  351,        980,        756,       10.1,        101,       5.05   ,   0.728008
          2,  352,        296,        580,       10.1,        101,       5.05   ,   0.557969
          2,  353,        899,        782,       10.1,        101,       5.05   ,  -0.277833
          2,  354,        894,        644,       10.1,        101,       5.05   ,   -1.24269
          2,  355,        639,        656,       10.1,        101,       5.05   ,    1.31418
          2,  356,        663,        138,       10.1,        101,       5.05   ,   0.527327
          2,  357,        135,        561,       10.1,        101,       5.05   ,   0.732214
          2,  358,        900,        164,       10.1,        101,       5.05   ,   -1.00131
          2,  359,        782,        284,       10.1,        101,       5.05   ,    -1.0037
          2,  360,        856,         79,       10.1,        101,       5.05   ,  -0.268833
          2,  361,        924,        279,       10.1,        101,       5.05   ,  -0.131728
          2,  362,        121,        214,       10.1,        101,       5.05   ,    1.51888
          2,  363,        499,        588,       10.1,        101,       5.05   ,  -0.364024
          2,  364,        260,        695,       10.1,        101,       5.05   ,   0.587807
          2,  365,        506,        359,       10.1,        101,       5.05   ,   -1.30689
          2,  366,        344,        939,       10.1,        101,       5.05   ,  -0.977667
          2,  367,        935,        358,       10.1,        101,       5.05   ,    1.25894
          2,  368,        860,        819,       10.1,        101,       5.05   ,  -0.699734
          2,  369,          9,        734,       10.1,        101,       5.05   ,    1.20774
          2,  370,        810,        551,       10.1,        101,       5.05   ,     1.5074
          2,  371,        108,        663,       10.1,        101,       5.05   ,  0.0897159
          2,  372,         57,        938,       10.1,        101,       5.05   ,  -0.878456
          2,  373,        852,        611,       10.1,        101,       5.05   ,    1.51914
          2,  374,        279,        790,       10.1,        101,       5.05   ,    1.34503
          2,  375,        937,        749,       10.1,        101,       5.05   ,   -1.45925
          2,  376,         53,        340,       10.1,        101,       5.05   ,   -1.00072
          2,  377,        111,        274,       10.1,        101,       5.05   ,   0.623681
          2,  378,        113,        484,       10.1,        101,       5.05   ,    1.39282
          2,  379,        178,        449,       10.1,        101,       5.05   ,   0.773191
          2,  380,        256,        901,       10.1,        101,       5.05   ,   -1.16574
          2,  381,        839,        982,       10.1,        101,       5.05   ,    1.53966
          2,  382,         55,        381,       10.1,        101,       5.05   ,  -0.564393
          2,  383,        674,        206,       10.1,        101,       5.05   ,   0.374272
          2,  384,        159,        596,       10.1,        101,       5.05   ,   0.985274
          2,  385,        304,        834,       10.1,        101,       5.05   ,  -0.327814
          2,  386,        673,        831,       10.1,        101,       5.05   ,    1.08014
          2,  387,        212,        333,       10.1,        101,       5.05   ,    -1.4939
          2,  388,        483,        817,       10.1,        101,       5.05   ,    1.06775
          2,  389,        251,        304,       10.1,        101,       5.05   ,   0.663036
          2,  390,        106,         76,       10.1,        101,       5.05   ,   -1.03704
          2,  391,        987,        560,       10.1,        101,       5.05   ,    0.87271
          2,  392,        871,         11,       10.1,        101,       5.05   ,   -0.93066
          2,  393,        183,        669,       10.1,        101,       5.05   ,  -0.468012
          2,  394,        357,        699,       10.1,        101,       5.05   ,   0.581493
          2,  395,        203,        693,       10.1,        101,       5.05   , -0.0704486
          2,  396,        911,        969,       10.1,        101,       5.05   ,   0.186928
          2,  397,        196,        171,       10.1,        101,       5.05   ,    1.33298
          2,  398,        151,        370,       10.1,        101,       5.05   ,    1.39164
          2,  399,        757,         53,       10.1,        101,       5.05   ,    1.20132
          2,  400,        511,        665,       10.1,        101,       5.05   ,  -0.965809
          2,  401,        586,        774,       10.1,        101,       5.05   ,   0.815786
          2,  402,          5,        980,       10.1,        101,       5.05   ,   -1.47296
          2,  403,        677,        553,       10.1,        101,       5.05   ,  -0.382416
          2,  404,        817,        255,       10.1,        101,       5.05   ,  -0.401189
          2,  405,        596,        715,       10.1,        101,       5.05   ,    1.19187
          2,  406,        731,        447,       10.1,        101,       5.05   ,   0.811597
          2,  407,        922,        508,       10.1,        101,       5.05   ,  -0.791034
          2,  408,        627,        349,       10.1,        101,       5.05   ,   0.871521
          2,  409,        677,        404,       10.1,        101,       5.05   ,  -0.012796
          2,  410,        664,        348,       10.1,        101,       5.05   ,   0.183743
          2,  411,        109,        495,       10.1,        101,       5.05   ,  -0.318865
          2,  412,        610,        380,       10.1,        101,       5.05   ,   0.124453
          2,  413,         56,        998,       10.1,        101,       5.05   ,   0.375895
          2,  414,        218,        996,       10.1,        101,       5.05   ,   0.417596
          2,  415,        333,        396,       10.1,        101,       5.05   ,  -0.584652
          2,  416,        910,        683,       10.1,        101,       5.05   ,   -1.31354
          2,  417,        461,        583,       10.1,        101,       5.05   ,   -1.51585
          2,  418,        360,        949,       10.1,        101,       5.05   ,    1.17416
          2,  419,        124,        497,       10.1,        101,       5.05   ,    1.43323
          2,  420,        532,        384,       10.1,        101,       5.05   ,     1.5308
          2,  421,        605,        301,       10.1,        101,       5.05   ,    1.24375
          2,  422,         99,        172,       10.1,        101,       5.05   ,   -1.25451
          2,  423,        813,        606,       10.1,        101,       5.05   ,   -0.23704
          2,  424,        230,        331,       10.1,        101,       5.05   ,    1.03543
          2,  425,        139,        769,       10.1,        101,       5.05   ,   0.478832
          2,  426,        340,        262,       10.1,        101,       5.05   ,   0.371534
          2,  427,        233,        951,       10.1,        101,       5.05   ,   0.696422
          2,  428,        293,        191,       10.1,        101,       5.05   ,    1.22324
          2,  429,        111,        255,       10.1,        101,       5.05   ,    1.07874
          2,  430,        866,        985,       10.1,        101,       5.05   ,   -1.00846
          2,  431,        948,        911,       10.1,        101,       5.05   ,   -1.07874
          2,  432,        554,        654,       10.1,        101,       5.05   ,   -1.55454
          2,  433,        358,        829,       10.1,        101,       5.05   ,  -0.126377
          2,  434,        285,         33,       10.1,        101,       5.05   ,  -0.103926
          2,  435,        423,        612,       10.1,        101,       5.05   ,   -0.25852
          2,  436,        523,        531,       10.1,        101,       5.05   , -0.0599598
          2,  437,        503,        690,       10.1,        101,       5.05   ,   0.970981
          2,  438,        648,        220,       10.1,        101,       5.05   ,     1.5577
          2,  439,        564,        849,       10.1,        101,       5.05   ,   0.627401
          2,  440,        477,        920,       10.1,        101,       5.05   ,   0.228408
          2,  441,         77,        169,       10.1,        101,       5.05   ,    1.10679
          2,  442,        224,         70,       10.1,        101,       5.05   ,   0.902407
          2,  443,        831,        413,       10.1,        101,       5.05   ,   0.424922
          2,  444,        807,        446,       10.1,        101,       5.05   ,    1.03211
          2,  445,        530,        650,       10.1,        101,       5.05   ,   -1.42231
          2,  446,        311,        155,       10.1,        101,       5.05   ,   0.518874
          2,  447,        779,        493,       10.1,        101,       5.05   ,    1.16855
          2,  448,        278,        475,       10.1,        101,       5.05   ,   0.821068
          2,  449,        886,          5,       10.1,        101,       5.05   ,   0.812012
          2,  450,         82,         73,       10.1,        101,       5.05   ,    1.49035
          2,  451,        728,        142,       10.1,        101,       5.05   ,    -1.3568
          2,  452,        956,        121,       10.1,        101,       5.05   ,   0.526858
          2,  453,        961,        956,       10.1,        101,       5.05   ,   0.125277
          2,  454,        678,        958,       10.1,        101,       5.05   ,    1.53025
          2,  455,        519,        246,       10.1,        101,       5.05   ,  -0.218369
          2,  456,        937,        902,       10.1,        101,       5.05   ,   0.496822
          2,  457,         10,        658,       10.1,        101,       5.05   ,   0.940449
          2,  458,        871,        126,       10.1,        101,       5.05   ,    1.44349
          2,  459,        586,         99,       10.1,        101,       5.05   ,   -0.35343
          2,  460,        601,        306,       10.1,        101,       5.05   ,   0.613602
          2,  461,        816,        785,       10.1,        101,       5.05   ,   0.281404
          2,  462,        516,        286,       10.1,        101,       5.05   ,  -0.431984
          2,  463,        124,        157,       10.1,        101,       5.05   ,    1.22276
          2,  464,          0,        508,       10.1,        101,       5.05   ,  -0.985447
          2,  465,        721,        881,       10.1,        101,       5.05   ,  -0.452443
          2,  466,        128,        749,       10.1,        101,       5.05   ,    0.74126
          2,  467,         46,        582,       10.1,        101,       5.05   ,   -1.34351
          2,  468,        923,        115,       10.1,        101,       5.05   ,   -1.01355
          2,  469,        916,         42,       10.1,        101,       5.05   ,   -1.35422
          2,  470,        192,        986,       10.1,        101,       5.05   ,    1.53954
          2,  471,        182,        643,       10.1,        101,       5.05   ,     1.2132
          2,  472,        108,        362,       10.1,        101,       5.05   ,   0.563865
          2,  473,        920,        353,       10.1,        101,       5.05   ,    1.17823
          2,  474,        104,        153,       10.1,        101,       5.05   ,   0.249995
          2,  475,        376,        415,       10.1,        101,       5.05   ,    1.10913
          2,  476,        713,        338,       10.1,        101,       5.05   ,  -0.326517
          2,  477,        824,        992,       10.1,        101,       5.05   ,    1.17386
          2,  478,        375,        750,       10.1,        101,       5.05   ,  -0.168551
          2,  479,        898,        737,       10.1,        101,       5.05   ,    -1.0765
          2,  480,        917,        230,       10.1,        101,       5.05   ,   -1.16044
          2,  481,        156,        753,       10.1,        101,       5.05   ,  -0.302008
          2,  482,        450,        890,       10.1,        101,       5.05   ,   0.265763
          2,  483,        686,        363,       10.1,        101,       5.05   ,    1.41818
          2,  484,        474,         31,       10.1,        101,       5.05   ,    -1.4927
          2,  485,        963,        698,       10.1,        101,       5.05   , -0.0877705
          2,  486,        626,        385,       10.1,        101,       5.05   ,   0.623146
          2,  487,         58,        951,       10.1,        101,       5.05   ,    1.49519
          2,  488,        445,        848,       10.1,        101,       5.05   ,   -1.47128
          2,  489,        210,        285,       10.1,        101,       5.05   ,  -0.401289
          2,  490,        235,        731,       10.1,        101,       5.05   ,  -0.347686
          2,  491,        226,        889,       10.1,        101,       5.05   ,  -0.592943
          2,  492,        502,        405,       10.1,        101,       5.05   ,  -0.840198
          2,  493,         93,        640,       10.1,        101,       5.05   ,    1.06841
          2,  494,         34,        136,       10.1,        101,       5.05   ,    1.02606
          2,  495,        483,         78,       10.1,        101,       5.05   ,  -0.686188
          2,  496,        954,         57,       10.1,        101,       5.05   ,  -0.811332
          2,  497,        363,        728,       10.1,        101,       5.05   ,    1.46034
          2,  498,        100,        447,       10.1,        101,       5.05   ,  -0.202291
          2,  499,        606,        305,       10.1,        101,       5.05   ,    1.46503
          2,  500,        158,        151,       10.1,        101,       5.05   ,   -1.06851
          2,  501,        913,        788,       10.1,        101,       5.05   ,  -0.667313
          2,  502,        883,        979,       10.1,        101,       5.05   ,   -1.01446
          2,  503,        292,        382,       10.1,        101,       5.05   ,  -0.663972
          2,  504,        680,        163,       10.1,        101,       5.05   ,  -0.411518
          2,  505,        707,        774,       10.1,        101,       5.05   ,  -0.379652
          2,  506,         55,        655,       10.1,        101,       5.05   ,  -0.397615
          2,  507,        192,        659,       10.1,        101,       5.05   ,   0.717639
          2,  508,        983,        709,       10.1,        101,       5.05   , -0.0815854
          2,  509,        212,        694,       10.1,        101,       5.05   ,   0.694843
          2,  510,        146,        780,       10.1,        101,       5.05   ,    1.25959
          2,  511,        787,        766,       10.1,        101,       5.05   ,  -0.221724
          2,  512,        878,        279,       10.1,        101,       5.05   ,    1.03769
          2,  513,        428,        267,       10.1,        101,       5.05   ,    1.03988
          2,  514,        703,        659,       10.1,        101,       5.05   ,   0.328393
          2,  515,        739,        278,       10.1,        101,       5.05   ,    1.54718
          2,  516,        670,        227,       10.1,        101,       5.05   ,    1.48361
          2,  517,        782,        481,       10.1,        101,       5.05   ,   -1.23174
          2,  518,        933,        387,       10.1,        101,       5.05   ,  -0.185309
          2,  519,        949,        183,       10.1,        101,       5.05   ,    -0.3149
          2,  520,        287,        222,       10.1,        101,       5.05   ,  -0.818542
          2,  521,        994,        997,       10.1,        101,       5.05   ,   -1.07742
          2,  522,        594,         50,       10.1,        101,       5.05   ,   -1.45994
          2,  523,        167,        713,       10.1,        101,       5.05   ,    1.21439
          2,  524,        697,        141,       10.1,        101,       5.05   ,   0.213569
          2,  525,        319,        624,       10.1,        101,       5.05   ,    1.43506
          2,  526,        635,        947,       10.1,        101,       5.05   ,  -0.630793
          2,  527,        777,         69,       10.1,        101,       5.05   ,    1.54534
          2,  528,        845,        785,       10.1,        101,       5.05   ,   0.725107
          2,  529,         62,        586,       10.1,        101,       5.05   ,   0.238591
          2,  530,        539,        935,       10.1,        101,       5.05   ,  -0.745522
          2,  531,        967,        713,       10.1,        101,       5.05   ,   -1.02588
          2,  532,        539,        389,       10.1,        101,       5.05   ,    1.53301
          2,  533,        395,        602,       10.1,        101,       5.05   ,   -1.08412
          2,  534,        968,         45,       10.1,        101,       5.05   ,     0.9659
          2,  535,        336,        202,       10.1,        101,       5.05   ,   0.461451
          2,  536,        467,        163,       10.1,        101,       5.05   ,  -0.721222
          2,  537,        766,        581,       10.1,        101,       5.05   ,  -0.773179
          2,  538,        944,        854,       10.1,        101,       5.05   ,   -0.71118
          2,  539,        642,        161,       10.1,        101,       5.05   ,-0.00507475
          2,  540,        394,        571,       10.1,        101,       5.05   ,    1.08751
          2,  541,        530,        801,       10.1,        101,       5.05   ,    0.10591
          2,  542,        760,        884,       10.1,        101,       5.05   ,    1.40868
          2,  543,        246,        487,       10.1,        101,       5.05   ,  -0.894442
          2,  544,        430,        386,       10.1,        101,       5.05   ,   -1.19072
          2,  545,        107,        886,       10.1,        101,       5.05   ,  -0.678958
          2,  546,        296,        461,       10.1,        101,       5.05   ,  -0.575619
          2,  547,        946,        962,       10.1,        101,       5.05   ,   0.989825
          2,  548,         12,        130,       10.1,        101,       5.05   ,    1.39054
          2,  549,        878,        537,       10.1,        101,       5.05   ,    1.23129
          2,  550,        894,        835,       10.1,        101,       5.05   ,   -1.55093
          2,  551,        371,        232,       10.1,        101,       5.05   ,    1.55168
          2,  552,        855,        332,       10.1,        101,       5.05   ,   0.406548
          2,  553,        182,        779,       10.1,        101,       5.05   ,   0.397176
          2,  554,         28,         25,       10.1,        101,       5.05   ,   0.650508
          2,  555,        838,        299,       10.1,        101,       5.05   ,   0.612018
          2,  556,        105,        204,       10.1,        101,       5.05   ,  -0.523764
          2,  557,        280,        184,       10.1,        101,       5.05   ,   -0.13597
          2,  558,        516,        878,       10.1,        101,       5.05   ,  -0.887421
          2,  559,         54,         80,       10.1,        101,       5.05   ,    1.03992
          2,  560,        203,         98,       10.1,        101,       5.05   ,   -1.25381
          2,  561,        537,          5,       10.1,        101,       5.05   ,   -1.32205
          2,  562,        123,        364,       10.1,        101,       5.05   ,   -1.52295
          2,  563,         74,        482,       10.1,        101,       5.05   ,   0.837391
          2,  564,        135,        894,       10.1,        101,       5.05   ,   0.923055
          2,  565,        301,        110,       10.1,        101,       5.05   ,  -0.551006
          2,  566,        465,        325,       10.1,        101,       5.05   ,  -0.498262
          2,  567,        695,        871,       10.1,        101,       5.05   ,    1.26453
          2,  568,        172,        993,       10.1,        101,       5.05   ,   -1.34853
          2,  569,        551,        764,       10.1,        101,       5.05   ,     1.5009
          2,  570,        873,        925,       10.1,        101,       5.05   ,   0.788883
          2,  571,        732,         70,       10.1,        101,       5.05   ,  -0.753208
          2,  572,        581,        426,       10.1,        101,       5.05   ,  0.0208242
          2,  573,        694,        878,       10.1,        101,       5.05   ,  -0.656076
          2,  574,        247,        798,       10.1,        101,       5.05   ,    -1.3831
          2,  575,        538,        494,       10.1,        101,       5.05   ,  -0.348863
          2,  576,        578,        922,       10.1,        101,       5.05   ,   0.246054
          2,  577,        544,        544,       10.1,        101,       5.05   ,  -0.689607
          2,  578,        394,        153,       10.1,        101,       5.05   ,    0.92315
          2,  579,        674,         81,       10.1,        101,       5.05   ,   -0.11488
          2,  580,        807,        145,       10.1,        101,       5.05   ,  -0.803116
          2,  581,        950,        979,       10.1,        101,       5.05   ,    0.90497
          2,  582,        896,        800,       10.1,        101,       5.05   , 0.00554544
          2,  583,        312,        354,       10.1,        101,       5.05   ,  -0.772675
          2,  584,        857,        108,       10.1,        101,       5.05   ,    -1.3383
          2,  585,        580,         77,       10.1,        101,       5.05   ,   0.820092
          2,  586,         80,          4,       10.1,        101,       5.05   ,   -1.27454
          2,  587,         85,        203,       10.1,        101,       5.05   ,   0.559372
          2,  588,        159,        789,       10.1,        101,       5.05   , -0.0632496
          2,  589,          3,        998,       10.1,        101,       5.05   ,    1.34009
          2,  590,        232,        277,       10.1,        101,       5.05   ,    1.23994
          2,  591,        810,        327,       10.1,        101,       5.05   ,  -0.908323
          2,  592,        798,        656,       10.1,        101,       5.05   ,       1.35
          2,  593,         37,        534,       10.1,        101,       5.05   ,   -1.20402
          2,  594,        921,        928,       10.1,        101,       5.05   ,   0.125102
          2,  595,        570,        892,       10.1,        101,       5.05   ,  -0.965273
          2,  596,        515,        618,       10.1,        101,       5.05   ,    1.51889
          2,  597,        972,        523,       10.1,        101,       5.05   ,  -0.247179
          2,  598,        283,         74,       10.1,        101,       5.05   ,  -0.104926
          2,  599,        401,        618,       10.1,        101,       5.05   ,    0.48686
          2,  600,        101,         70,       10.1,        101,       5.05   ,    0.45285
          2,  601,        981,        805,       10.1,        101,       5.05   ,   -1.32665
          2,  602,        665,         63,       10.1,        101,       5.05   ,    1.22046
          2,  603,        107,        243,       10.1,        101,       5.05   ,   0.792732
          2,  604,        646,        285,       10.1,        101,       5.05   ,   0.440063
          2,  605,        794,        777,       10.1,        101,       5.05   ,   -1.40672
          2,  606,        333,        432,       10.1,        101,       5.05   ,   0.532608
          2,  607,         99,         84,       10.1,        101,       5.05   ,     1.1342
          2,  608,        211,        659,       10.1,        101,       5.05   ,   -1.21775
          2,  609,        654,        559,       10.1,        101,       5.05   ,   0.997501
          2,  610,        976,        704,       10.1,        101,       5.05   ,  -0.326716
          2,  611,        517,        120,       10.1,        101,       5.05   ,    1.13347
          2,  612,        906,        936,       10.1,        101,       5.05   ,   0.688092
          2,  613,        792,        906,       10.1,        101,       5.05   ,  0.0965493
          2,  614,        105,        394,       10.1,        101,       5.05   ,    1.13558
          2,  615,        819,        737,       10.1,        101,       5.05   ,   -1.32034
          2,  616,        961,        979,       10.1,        101,       5.05   ,    1.16078
          2,  617,        138,        187,       10.1,        101,       5.05   ,   0.166893
          2,  618,        352,        150,       10.1,        101,       5.05   ,   0.728392
          2,  619,        739,        457,       10.1,        101,       5.05   ,   -1.20785
          2,  620,        757,        735,       10.1,        101,       5.05   ,   0.802489
          2,  621,        676,        952,       10.1,        101,       5.05   ,   0.364927
          2,  622,        701,        316,       10.1,        101,       5.05   ,   0.299115
          2,  623,        770,        377,       10.1,        101,       5.05   ,  -0.269783
          2,  624,        532,        389,       10.1,        101,       5.05   ,   0.480947
          2,  625,        133,         93,       10.1,        101,       5.05   ,  -0.873555
          2,  626,        579,         66,       10.1,        101,       5.05   ,  -0.415568
          2,  627,        384,        687,       10.1,        101,       5.05   ,   0.496965
          2,  628,        121,        618,       10.1,        101,       5.05   ,   -1.34114
          2,  629,        677,        167,       10.1,        101,       5.05   ,   -1.07196
          2,  630,        216,        411,       10.1,        101,       5.05   ,    0.72655
          2,  631,        806,        957,       10.1,        101,       5.05   ,    1.07525
          2,  632,        305,        338,       10.1,        101,       5.05   ,   0.588004
          2,  633,        592,        709,       10.1,        101,       5.05   ,  -0.928073
          2,  634,        528,        534,       10.1,        101,       5.05   ,    1.50351
          2,  635,        434,        559,       10.1,        101,       5.05   ,   -1.21465
          2,  636,          9,        468,       10.1,        101,       5.05   ,   0.292532
          2,  637,        426,        969,       10.1,        101,       5.05   ,   0.875252
          2,  638,        365,        869,       10.1,        101,       5.05   ,   0.484973
          2,  639,        985,        124,       10.1,        101,       5.05   ,     1.3692
          2,  640,         65,        427,       10.1,        101,       5.05   ,    1.22514
          2,  641,        233,        207,       10.1,        101,       5.05   ,   0.516611
          2,  642,        738,        974,       10.1,        101,       5.05   ,   -1.46901
          2,  643,        150,        111,       10.1,        101,       5.05   ,   -1.28987
          2,  644,        381,        725,       10.1,        101,       5.05   ,    -1.0108
          2,  645,        782,        326,       10.1,        101,       5.05   ,    1.22715
          2,  646,         25,         31,       10.1,        101,       5.05   ,    1.06872
          2,  647,        699,        704,       10.1,        101,       5.05   ,   -1.39005
          2,  648,        121,        477,       10.1,        101,       5.05   ,  -0.245018
          2,  649,        246,        588,       10.1,        101,       5.05   ,    1.17117
          2,  650,         19,        962,       10.1,        101,       5.05   ,    1.13538
          2,  651,        742,        903,       10.1,        101,       5.05   ,   0.258197
          2,  652,        386,        555,       10.1,        101,       5.05   ,  -0.211297
          2,  653,        418,        393,       10.1,        101,       5.05   ,  -0.811652
          2,  654,        868,        243,       10.1,        101,       5.05   ,    0.35702
          2,  655,        406,        432,       10.1,        101,       5.05   ,    -1.4811
          2,  656,        647,        382,       10.1,        101,       5.05   ,   0.886127
          2,  657,        289,        465,       10.1,        101,       5.05   ,    1.36418
          2,  658,        681,        200,       10.1,        101,       5.05   ,  -0.784846
          2,  659,        687,         26,       10.1,        101,       5.05   , -0.0952392
          2,  660,        547,        432,       10.1,        101,       5.05   ,    1.24986
          2,  661,        468,        299,       10.1,        101,       5.05   ,  0.0295247
          2,  662,        362,        590,       10.1,        101,       5.05   ,  -0.177066
          2,  663,        454,        418,       10.1,        101,       5.05   ,  -0.322712
          2,  664,         95,        558,       10.1,        101,       5.05   ,    1.32208
          2,  665,        581,        638,       10.1,        101,       5.05   ,  -0.132027
          2,  666,        454,        891,       10.1,        101,       5.05   ,   0.727838
          2,  667,        415,        371,       10.1,        101,       5.05   ,    0.14446
          2,  668,        770,        879,       10.1,        101,       5.05   ,    -0.1317
          2,  669,        376,        115,       10.1,        101,       5.05   ,   0.226334
          2,  670,         44,        679,       10.1,        101,       5.05   ,   -1.07589
          2,  671,        239,        657,       10.1,        101,       5.05   ,   0.468098
          2,  672,        883,        553,       10.1,        101,       5.05   ,  -0.743669
          2,  673,        962,        498,       10.1,        101,       5.05   ,  -0.904396
          2,  674,        557,        817,       10.1,        101,       5.05   ,    1.56532
          2,  675,        871,        647,       10.1,        101,       5.05   ,   0.238535
          2,  676,        497,        868,       10.1,        101,       5.05   ,  -0.602193
          2,  677,        819,        858,       10.1,        101,       5.05   ,   -1.14262
          2,  678,        756,        198,       10.1,        101,       5.05   ,   -1.05927
          2,  679,        291,        712,       10.1,        101,       5.05   ,   0.798011
          2,  680,         21,        283,       10.1,        101,       5.05   ,  -0.966252
          2,  681,        541,        463,       10.1,        101,       5.05   ,   0.837524
          2,  682,        308,        572,       10.1,        101,       5.05   ,   -1.37649
          2,  683,        444,        799,       10.1,        101,       5.05   ,  -0.117256
          2,  684,        114,        639,       10.1,        101,       5.05   ,    1.17388
          2,  685,        702,        463,       10.1,        101,       5.05   ,   0.443571
------------------------------------------------------------------------------
Component[2] Total Sloped Parallelepiped = 685
Component[2] Real area in [1000x1000]= 0.323472%=
------------------------------------------------------------------------------
