Component 2 maximum area=0.323322 [on 1000x1000]
Component type: Sloped rectangle
---------------------------------------------------------------------------------------
--------------|------- Center-----|----- dimensions---------|----------------------
component| id|    X       |     Y      |  Width/a     | height/b |   hoop   |   Slope   
---------------------------------------------------------------------------------------
          2,    1,        715,        230,       10.1,        101,       5.05   ,    0.99132
          2,    2,        307,        715,       10.1,        101,       5.05   ,  -0.509777
          2,    3,        922,        396,       10.1,        101,       5.05   ,  -0.575966
          2,    4,        888,         32,       10.1,        101,       5.05   ,    1.28888
          2,    5,        196,        706,       10.1,        101,       5.05   ,   0.343183
          2,    6,        622,        930,       10.1,        101,       5.05   ,    0.34541
          2,    7,        338,        103,       10.1,        101,       5.05   ,   0.902087
          2,    8,        453,        881,       10.1,        101,       5.05   ,  -0.364858
          2,    9,        219,        867,       10.1,        101,       5.05   , -0.0154132
          2,   10,        438,        825,       10.1,        101,       5.05   ,   -1.45389
          2,   11,        583,        212,       10.1,        101,       5.05   ,  -0.821379
          2,   12,        889,        865,       10.1,        101,       5.05   ,   -1.14455
          2,   13,          3,        140,       10.1,        101,       5.05   ,   -1.40069
          2,   14,        254,        536,       10.1,        101,       5.05   ,  0.0830828
          2,   15,        861,        401,       10.1,        101,       5.05   ,  -0.795836
          2,   16,        671,        381,       10.1,        101,       5.05   ,  -0.837179
          2,   17,        422,        822,       10.1,        101,       5.05   ,   0.892721
          2,   18,        166,        760,       10.1,        101,       5.05   ,   0.929818
          2,   19,        427,        936,       10.1,        101,       5.05   ,    1.42709
          2,   20,        514,        754,       10.1,        101,       5.05   ,    0.11618
          2,   21,        511,        920,       10.1,        101,       5.05   ,  0.0779141
          2,   22,        498,        182,       10.1,        101,       5.05   ,     0.4077
          2,   23,        281,        405,       10.1,        101,       5.05   ,   0.406994
          2,   24,        835,        446,       10.1,        101,       5.05   ,    1.47259
          2,   25,        991,        555,       10.1,        101,       5.05   ,   0.452507
          2,   26,        329,        404,       10.1,        101,       5.05   ,   0.656484
          2,   27,        646,        723,       10.1,        101,       5.05   ,  -0.860443
          2,   28,        895,          9,       10.1,        101,       5.05   ,   0.692263
          2,   29,        623,        102,       10.1,        101,       5.05   ,   -1.51432
          2,   30,        990,        232,       10.1,        101,       5.05   ,  -0.855396
          2,   31,        183,        304,       10.1,        101,       5.05   ,  -0.641056
          2,   32,        891,        448,       10.1,        101,       5.05   ,  -0.216243
          2,   33,        992,        969,       10.1,        101,       5.05   ,   0.922299
          2,   34,        818,        964,       10.1,        101,       5.05   ,   -1.44187
          2,   35,        210,        688,       10.1,        101,       5.05   ,   -1.14125
          2,   36,         69,        439,       10.1,        101,       5.05   ,  -0.944186
          2,   37,        716,        334,       10.1,        101,       5.05   ,  -0.534835
          2,   38,        816,        999,       10.1,        101,       5.05   ,    1.16004
          2,   39,        556,        950,       10.1,        101,       5.05   ,   -1.26781
          2,   40,        451,        726,       10.1,        101,       5.05   ,  -0.857667
          2,   41,         51,        938,       10.1,        101,       5.05   ,    1.50946
          2,   42,          7,        568,       10.1,        101,       5.05   ,   0.739952
          2,   43,        946,        353,       10.1,        101,       5.05   ,  -0.612276
          2,   44,        930,        913,       10.1,        101,       5.05   ,  0.0689286
          2,   45,        805,        479,       10.1,        101,       5.05   ,  -0.410949
          2,   46,        879,        503,       10.1,        101,       5.05   ,   0.916611
          2,   47,        495,        388,       10.1,        101,       5.05   ,    1.12346
          2,   48,        884,        649,       10.1,        101,       5.05   ,    -1.5102
          2,   49,        903,        333,       10.1,        101,       5.05   ,   0.239996
          2,   50,        975,        534,       10.1,        101,       5.05   ,   0.207971
          2,   51,        192,        441,       10.1,        101,       5.05   ,    1.25024
          2,   52,        958,        630,       10.1,        101,       5.05   ,  -0.330338
          2,   53,        133,        235,       10.1,        101,       5.05   ,   0.661609
          2,   54,        439,        315,       10.1,        101,       5.05   , -0.0261786
          2,   55,        435,        147,       10.1,        101,       5.05   ,    1.28061
          2,   56,         57,         44,       10.1,        101,       5.05   ,  0.0454864
          2,   57,        448,        683,       10.1,        101,       5.05   ,   -0.71137
          2,   58,        147,        480,       10.1,        101,       5.05   ,   0.250736
          2,   59,        294,        245,       10.1,        101,       5.05   ,   0.547455
          2,   60,        449,        118,       10.1,        101,       5.05   ,  0.0824386
          2,   61,        113,        823,       10.1,        101,       5.05   ,    -1.4896
          2,   62,        896,        270,       10.1,        101,       5.05   ,  -0.399369
          2,   63,        883,        409,       10.1,        101,       5.05   ,    1.05082
          2,   64,         53,        213,       10.1,        101,       5.05   ,   0.457798
          2,   65,        304,        788,       10.1,        101,       5.05   ,    1.12403
          2,   66,         29,        264,       10.1,        101,       5.05   ,    1.51775
          2,   67,        126,        998,       10.1,        101,       5.05   ,   0.685932
          2,   68,        175,        798,       10.1,        101,       5.05   ,  -0.284038
          2,   69,        571,        295,       10.1,        101,       5.05   ,    1.13955
          2,   70,        285,        879,       10.1,        101,       5.05   ,   0.167347
          2,   71,        927,        218,       10.1,        101,       5.05   ,   0.880954
          2,   72,        338,         42,       10.1,        101,       5.05   ,   0.943954
          2,   73,        848,        765,       10.1,        101,       5.05   ,   0.731668
          2,   74,        699,         79,       10.1,        101,       5.05   ,   0.117244
          2,   75,        658,        775,       10.1,        101,       5.05   ,  -0.498171
          2,   76,          3,        871,       10.1,        101,       5.05   ,    0.61396
          2,   77,         88,        879,       10.1,        101,       5.05   ,   -1.19496
          2,   78,        505,        498,       10.1,        101,       5.05   ,  -0.826751
          2,   79,         83,        430,       10.1,        101,       5.05   ,  -0.402301
          2,   80,        604,         82,       10.1,        101,       5.05   ,   -1.50574
          2,   81,        595,        746,       10.1,        101,       5.05   ,   0.996869
          2,   82,        399,         85,       10.1,        101,       5.05   ,  -0.626622
          2,   83,        207,        372,       10.1,        101,       5.05   ,    1.33363
          2,   84,        200,        586,       10.1,        101,       5.05   ,   0.916559
          2,   85,        403,        169,       10.1,        101,       5.05   ,  -0.748026
          2,   86,        977,        548,       10.1,        101,       5.05   ,    -1.4804
          2,   87,        707,        928,       10.1,        101,       5.05   ,   0.681747
          2,   88,        257,        263,       10.1,        101,       5.05   ,   -1.34892
          2,   89,        501,        330,       10.1,        101,       5.05   ,  -0.745565
          2,   90,        681,        147,       10.1,        101,       5.05   ,  -0.468632
          2,   91,        244,        321,       10.1,        101,       5.05   ,    1.27523
          2,   92,        969,        721,       10.1,        101,       5.05   ,  -0.354075
          2,   93,        551,         74,       10.1,        101,       5.05   ,   -1.10441
          2,   94,        128,        975,       10.1,        101,       5.05   ,    1.39829
          2,   95,        386,        275,       10.1,        101,       5.05   ,  -0.856281
          2,   96,        223,        646,       10.1,        101,       5.05   ,    0.26642
          2,   97,        663,        812,       10.1,        101,       5.05   ,    1.05076
          2,   98,        383,        930,       10.1,        101,       5.05   ,   -1.38457
          2,   99,        363,        614,       10.1,        101,       5.05   ,  -0.662788
          2,  100,        782,        433,       10.1,        101,       5.05   ,  -0.941651
          2,  101,        234,        851,       10.1,        101,       5.05   ,   0.985409
          2,  102,        101,        340,       10.1,        101,       5.05   ,   0.953124
          2,  103,        366,        143,       10.1,        101,       5.05   ,    1.33996
          2,  104,        457,         39,       10.1,        101,       5.05   ,  -0.475863
          2,  105,        380,        986,       10.1,        101,       5.05   ,   -0.71851
          2,  106,        169,        510,       10.1,        101,       5.05   ,    1.45921
          2,  107,        548,        306,       10.1,        101,       5.05   ,    1.17247
          2,  108,        635,         53,       10.1,        101,       5.05   ,   0.439921
          2,  109,        598,        445,       10.1,        101,       5.05   ,   -1.27467
          2,  110,        576,        117,       10.1,        101,       5.05   ,  -0.602144
          2,  111,        337,        740,       10.1,        101,       5.05   ,    1.17862
          2,  112,        226,        844,       10.1,        101,       5.05   ,  -0.797936
          2,  113,        794,        110,       10.1,        101,       5.05   ,  -0.663828
          2,  114,        633,        373,       10.1,        101,       5.05   ,    1.33059
          2,  115,        786,        748,       10.1,        101,       5.05   ,   0.478038
          2,  116,        619,        799,       10.1,        101,       5.05   ,   -1.20705
          2,  117,        691,        965,       10.1,        101,       5.05   ,     1.4387
          2,  118,        903,        595,       10.1,        101,       5.05   ,  -0.551176
          2,  119,         70,        160,       10.1,        101,       5.05   ,    1.52378
          2,  120,        671,         16,       10.1,        101,       5.05   ,   0.591915
          2,  121,        997,        903,       10.1,        101,       5.05   ,   0.802784
          2,  122,        459,         72,       10.1,        101,       5.05   ,  -0.719063
          2,  123,        856,        308,       10.1,        101,       5.05   ,    1.15267
          2,  124,        585,        422,       10.1,        101,       5.05   ,   0.609478
          2,  125,        667,        278,       10.1,        101,       5.05   ,  -0.338977
          2,  126,        267,        552,       10.1,        101,       5.05   ,   0.723512
          2,  127,         28,        193,       10.1,        101,       5.05   ,   -1.10771
          2,  128,        160,        373,       10.1,        101,       5.05   ,  -0.677557
          2,  129,        474,        308,       10.1,        101,       5.05   ,   -1.29135
          2,  130,        534,        524,       10.1,        101,       5.05   ,   0.393093
          2,  131,        146,        266,       10.1,        101,       5.05   ,    1.42092
          2,  132,        987,        821,       10.1,        101,       5.05   ,   0.347142
          2,  133,          1,        140,       10.1,        101,       5.05   ,  -0.990387
          2,  134,        829,        612,       10.1,        101,       5.05   ,   0.224125
          2,  135,        164,        954,       10.1,        101,       5.05   ,   0.449583
          2,  136,        277,        569,       10.1,        101,       5.05   ,    1.03566
          2,  137,        332,        182,       10.1,        101,       5.05   ,  -0.410922
          2,  138,        420,        725,       10.1,        101,       5.05   ,    1.12436
          2,  139,        759,        586,       10.1,        101,       5.05   ,   0.770346
          2,  140,        676,         57,       10.1,        101,       5.05   ,   -1.26505
          2,  141,        501,        575,       10.1,        101,       5.05   ,      1.091
          2,  142,        313,        914,       10.1,        101,       5.05   ,  -0.907686
          2,  143,        323,        928,       10.1,        101,       5.05   ,   0.776563
          2,  144,        861,        760,       10.1,        101,       5.05   ,  -0.999102
          2,  145,        304,        994,       10.1,        101,       5.05   ,   0.368104
          2,  146,         75,         23,       10.1,        101,       5.05   ,    1.17065
          2,  147,        269,        805,       10.1,        101,       5.05   ,   0.432056
          2,  148,        402,         83,       10.1,        101,       5.05   ,    1.23989
          2,  149,        900,        416,       10.1,        101,       5.05   ,   0.697457
          2,  150,        647,        981,       10.1,        101,       5.05   ,   0.540685
          2,  151,        779,        374,       10.1,        101,       5.05   ,   0.465082
          2,  152,        595,        762,       10.1,        101,       5.05   ,   0.436728
          2,  153,        571,        758,       10.1,        101,       5.05   ,     1.2296
          2,  154,        723,         23,       10.1,        101,       5.05   ,  -0.470946
          2,  155,        659,        644,       10.1,        101,       5.05   ,   -1.33258
          2,  156,        225,        674,       10.1,        101,       5.05   ,   0.214782
          2,  157,        737,        426,       10.1,        101,       5.05   ,    1.54163
          2,  158,        547,        996,       10.1,        101,       5.05   ,    1.11064
          2,  159,        295,        208,       10.1,        101,       5.05   ,    1.42937
          2,  160,        429,        682,       10.1,        101,       5.05   ,  -0.621977
          2,  161,        478,        831,       10.1,        101,       5.05   ,   -1.34842
          2,  162,        477,        647,       10.1,        101,       5.05   ,  -0.739848
          2,  163,        193,        271,       10.1,        101,       5.05   ,   -1.02636
          2,  164,        905,        505,       10.1,        101,       5.05   ,   -1.41981
          2,  165,        470,        320,       10.1,        101,       5.05   ,   0.333779
          2,  166,        320,        284,       10.1,        101,       5.05   ,    1.16717
          2,  167,        172,        260,       10.1,        101,       5.05   ,   0.438235
          2,  168,        982,        597,       10.1,        101,       5.05   ,   -1.27791
          2,  169,        273,        550,       10.1,        101,       5.05   ,  -0.328881
          2,  170,        285,        448,       10.1,        101,       5.05   ,  -0.787667
          2,  171,        680,        797,       10.1,        101,       5.05   ,   0.941732
          2,  172,         65,        152,       10.1,        101,       5.05   ,  -0.982704
          2,  173,        503,        267,       10.1,        101,       5.05   ,    0.90628
          2,  174,        920,         92,       10.1,        101,       5.05   ,  -0.955334
          2,  175,        367,        455,       10.1,        101,       5.05   ,  0.0719149
          2,  176,        154,        305,       10.1,        101,       5.05   ,   0.123285
          2,  177,        659,        530,       10.1,        101,       5.05   ,   0.620244
          2,  178,        770,        446,       10.1,        101,       5.05   ,    1.02806
          2,  179,        267,        475,       10.1,        101,       5.05   ,  -0.110188
          2,  180,        434,        788,       10.1,        101,       5.05   ,   0.788347
          2,  181,        502,        138,       10.1,        101,       5.05   ,   0.132659
          2,  182,        583,         31,       10.1,        101,       5.05   ,    1.13915
          2,  183,        612,        374,       10.1,        101,       5.05   ,   -0.94911
          2,  184,        767,        863,       10.1,        101,       5.05   ,  -0.631507
          2,  185,        793,        234,       10.1,        101,       5.05   ,    1.34955
          2,  186,        395,        792,       10.1,        101,       5.05   ,    0.61669
          2,  187,        299,        203,       10.1,        101,       5.05   ,    -1.4482
          2,  188,        319,         49,       10.1,        101,       5.05   ,  -0.885604
          2,  189,        274,        236,       10.1,        101,       5.05   ,   -0.96896
          2,  190,        403,        636,       10.1,        101,       5.05   ,   0.719313
          2,  191,        746,        421,       10.1,        101,       5.05   ,   0.949971
          2,  192,        594,        864,       10.1,        101,       5.05   ,   -1.50682
          2,  193,        639,        675,       10.1,        101,       5.05   ,   0.475311
          2,  194,        700,        345,       10.1,        101,       5.05   ,  -0.328947
          2,  195,        101,        711,       10.1,        101,       5.05   ,   0.881538
          2,  196,        146,        289,       10.1,        101,       5.05   ,  -0.975163
          2,  197,        267,        468,       10.1,        101,       5.05   ,  -0.735116
          2,  198,        461,        804,       10.1,        101,       5.05   ,  -0.741624
          2,  199,        119,        408,       10.1,        101,       5.05   ,   0.495398
          2,  200,          8,         68,       10.1,        101,       5.05   ,     1.1699
          2,  201,        387,        947,       10.1,        101,       5.05   ,    -0.3538
          2,  202,        209,        631,       10.1,        101,       5.05   ,    1.19811
          2,  203,        513,        353,       10.1,        101,       5.05   ,    1.11935
          2,  204,        708,        113,       10.1,        101,       5.05   ,   -0.87146
          2,  205,        277,        252,       10.1,        101,       5.05   ,  -0.475088
          2,  206,        877,         35,       10.1,        101,       5.05   ,  0.0739838
          2,  207,        228,         88,       10.1,        101,       5.05   ,   0.938441
          2,  208,        490,        784,       10.1,        101,       5.05   ,  -0.215579
          2,  209,        278,        624,       10.1,        101,       5.05   ,   0.175193
          2,  210,        361,        803,       10.1,        101,       5.05   , 0.00515732
          2,  211,        487,        225,       10.1,        101,       5.05   ,  -0.902416
          2,  212,        322,        689,       10.1,        101,       5.05   ,   -1.08705
          2,  213,        857,        681,       10.1,        101,       5.05   ,   -1.19419
          2,  214,         79,        633,       10.1,        101,       5.05   ,   -1.23148
          2,  215,         37,        880,       10.1,        101,       5.05   ,    1.37496
          2,  216,        965,        976,       10.1,        101,       5.05   ,   0.242566
          2,  217,        408,        240,       10.1,        101,       5.05   ,   -1.09113
          2,  218,        505,        307,       10.1,        101,       5.05   ,   -1.20932
          2,  219,        619,        910,       10.1,        101,       5.05   ,   0.772666
          2,  220,        402,        119,       10.1,        101,       5.05   ,   0.350327
          2,  221,        257,        946,       10.1,        101,       5.05   , -0.0724859
          2,  222,        383,        318,       10.1,        101,       5.05   ,    1.31267
          2,  223,        869,        619,       10.1,        101,       5.05   ,   0.795329
          2,  224,        119,        386,       10.1,        101,       5.05   ,   -1.52927
          2,  225,        472,         96,       10.1,        101,       5.05   ,  -0.906672
          2,  226,        629,        134,       10.1,        101,       5.05   ,   0.645419
          2,  227,         74,        979,       10.1,        101,       5.05   ,   -1.29727
          2,  228,        836,        161,       10.1,        101,       5.05   ,  -0.567699
          2,  229,        477,        209,       10.1,        101,       5.05   ,   0.657053
          2,  230,        585,         67,       10.1,        101,       5.05   ,   0.408907
          2,  231,        484,        473,       10.1,        101,       5.05   ,  -0.349532
          2,  232,        173,        236,       10.1,        101,       5.05   ,    1.33327
          2,  233,        378,        481,       10.1,        101,       5.05   ,    0.96814
          2,  234,        282,        685,       10.1,        101,       5.05   ,   0.923018
          2,  235,        788,        544,       10.1,        101,       5.05   ,   -1.11914
          2,  236,        595,        583,       10.1,        101,       5.05   ,   0.581957
          2,  237,        745,         54,       10.1,        101,       5.05   ,  0.0773462
          2,  238,        743,        378,       10.1,        101,       5.05   ,   0.579689
          2,  239,        839,        994,       10.1,        101,       5.05   ,   -1.31647
          2,  240,         19,        625,       10.1,        101,       5.05   ,    1.00497
          2,  241,         51,        906,       10.1,        101,       5.05   ,     0.7275
          2,  242,        513,        500,       10.1,        101,       5.05   ,   -1.56054
          2,  243,        275,        674,       10.1,        101,       5.05   ,     1.1958
          2,  244,        786,        640,       10.1,        101,       5.05   ,    -1.1344
          2,  245,        658,        527,       10.1,        101,       5.05   ,    1.00824
          2,  246,        839,        599,       10.1,        101,       5.05   ,   -1.07532
          2,  247,        436,        120,       10.1,        101,       5.05   ,   0.232274
          2,  248,         80,         11,       10.1,        101,       5.05   ,   -1.01208
          2,  249,        884,        112,       10.1,        101,       5.05   ,  -0.284423
          2,  250,        406,        100,       10.1,        101,       5.05   ,  0.0754894
          2,  251,        357,        264,       10.1,        101,       5.05   ,  -0.269314
          2,  252,        963,        526,       10.1,        101,       5.05   ,   0.367686
          2,  253,        700,        756,       10.1,        101,       5.05   ,    1.22314
          2,  254,        913,         45,       10.1,        101,       5.05   ,   0.925415
          2,  255,         37,        202,       10.1,        101,       5.05   ,   -1.39642
          2,  256,        111,         38,       10.1,        101,       5.05   , -0.0333614
          2,  257,        422,        579,       10.1,        101,       5.05   ,   0.425004
          2,  258,        802,        407,       10.1,        101,       5.05   ,  -0.653953
          2,  259,         31,        787,       10.1,        101,       5.05   ,  -0.944232
          2,  260,        394,        821,       10.1,        101,       5.05   ,  -0.362946
          2,  261,         28,        562,       10.1,        101,       5.05   ,   0.879508
          2,  262,        478,        408,       10.1,        101,       5.05   ,  -0.140933
          2,  263,        976,        405,       10.1,        101,       5.05   ,  -0.764577
          2,  264,        676,        268,       10.1,        101,       5.05   ,   0.120139
          2,  265,        472,        997,       10.1,        101,       5.05   ,  -0.928289
          2,  266,        723,        652,       10.1,        101,       5.05   ,  -0.154785
          2,  267,        265,        189,       10.1,        101,       5.05   ,   0.654554
          2,  268,        180,         35,       10.1,        101,       5.05   ,  -0.275927
          2,  269,        818,        234,       10.1,        101,       5.05   ,  -0.266289
          2,  270,        662,        670,       10.1,        101,       5.05   ,   -1.11354
          2,  271,        374,        584,       10.1,        101,       5.05   ,   0.869387
          2,  272,        785,        419,       10.1,        101,       5.05   ,   0.480564
          2,  273,        672,        806,       10.1,        101,       5.05   ,    1.37307
          2,  274,        558,        753,       10.1,        101,       5.05   ,   -1.08855
          2,  275,        795,        218,       10.1,        101,       5.05   ,  -0.695717
          2,  276,         24,        301,       10.1,        101,       5.05   ,    1.06134
          2,  277,        644,        742,       10.1,        101,       5.05   ,  -0.219767
          2,  278,        271,        730,       10.1,        101,       5.05   ,   0.923476
          2,  279,        184,        355,       10.1,        101,       5.05   ,   0.443155
          2,  280,          6,        610,       10.1,        101,       5.05   ,   0.327889
          2,  281,        900,        504,       10.1,        101,       5.05   ,  -0.362166
          2,  282,        882,        640,       10.1,        101,       5.05   ,   0.110387
          2,  283,        956,        371,       10.1,        101,       5.05   ,  -0.177244
          2,  284,        758,        409,       10.1,        101,       5.05   ,   0.960166
          2,  285,        842,        765,       10.1,        101,       5.05   , -0.0639093
          2,  286,        557,        195,       10.1,        101,       5.05   ,  -0.381559
          2,  287,        682,        396,       10.1,        101,       5.05   ,  -0.241312
          2,  288,        905,        759,       10.1,        101,       5.05   ,   0.313936
          2,  289,         44,        729,       10.1,        101,       5.05   ,    1.20206
          2,  290,        623,        236,       10.1,        101,       5.05   ,   -0.38281
          2,  291,        273,        240,       10.1,        101,       5.05   ,   0.137538
          2,  292,        819,        943,       10.1,        101,       5.05   ,  -0.954753
          2,  293,        879,        125,       10.1,        101,       5.05   ,   0.111393
          2,  294,         42,        432,       10.1,        101,       5.05   ,   0.841906
          2,  295,        887,        684,       10.1,        101,       5.05   ,    1.52849
          2,  296,         12,        637,       10.1,        101,       5.05   ,   0.907428
          2,  297,        141,        167,       10.1,        101,       5.05   ,    0.81212
          2,  298,        991,         39,       10.1,        101,       5.05   ,    1.42725
          2,  299,        329,        458,       10.1,        101,       5.05   ,    0.67328
          2,  300,        370,        180,       10.1,        101,       5.05   ,  -0.603401
          2,  301,        111,        869,       10.1,        101,       5.05   ,    1.17168
          2,  302,        728,        376,       10.1,        101,       5.05   ,   0.671389
          2,  303,         76,        879,       10.1,        101,       5.05   ,  -0.113131
          2,  304,        239,         13,       10.1,        101,       5.05   ,   -1.26519
          2,  305,        158,        874,       10.1,        101,       5.05   ,   -1.26738
          2,  306,        633,        460,       10.1,        101,       5.05   ,    1.11965
          2,  307,        462,        667,       10.1,        101,       5.05   ,    1.03803
          2,  308,        571,        149,       10.1,        101,       5.05   ,   0.922265
          2,  309,        102,        768,       10.1,        101,       5.05   ,      1.012
          2,  310,        131,         25,       10.1,        101,       5.05   ,   0.961045
          2,  311,        646,        368,       10.1,        101,       5.05   ,   0.568367
          2,  312,        913,        403,       10.1,        101,       5.05   ,  -0.945016
          2,  313,        946,        146,       10.1,        101,       5.05   ,   0.130211
          2,  314,        363,        685,       10.1,        101,       5.05   ,   0.893444
          2,  315,        425,        850,       10.1,        101,       5.05   ,  -0.679559
          2,  316,        924,        704,       10.1,        101,       5.05   ,  -0.710918
          2,  317,        558,        663,       10.1,        101,       5.05   ,  -0.404382
          2,  318,        239,        109,       10.1,        101,       5.05   ,  -0.942198
          2,  319,        700,        113,       10.1,        101,       5.05   ,   -1.07015
          2,  320,        424,        301,       10.1,        101,       5.05   ,   0.954702
          2,  321,        563,        542,       10.1,        101,       5.05   ,    1.01822
          2,  322,         68,        598,       10.1,        101,       5.05   ,    1.17311
          2,  323,         30,        599,       10.1,        101,       5.05   ,   0.552929
          2,  324,        665,         46,       10.1,        101,       5.05   ,   -0.88723
          2,  325,        379,        190,       10.1,        101,       5.05   ,   0.224853
          2,  326,         20,        594,       10.1,        101,       5.05   ,    1.41847
          2,  327,        821,        704,       10.1,        101,       5.05   ,    1.17371
          2,  328,        543,        612,       10.1,        101,       5.05   ,  -0.726299
          2,  329,        881,        789,       10.1,        101,       5.05   ,    1.36975
          2,  330,        569,        517,       10.1,        101,       5.05   ,   0.095005
          2,  331,        946,        419,       10.1,        101,       5.05   ,    0.92894
          2,  332,        770,        637,       10.1,        101,       5.05   ,   0.345656
          2,  333,        760,         94,       10.1,        101,       5.05   ,   -1.15847
          2,  334,        211,        976,       10.1,        101,       5.05   ,   -1.10088
          2,  335,        175,        305,       10.1,        101,       5.05   ,   -1.24072
          2,  336,        812,        292,       10.1,        101,       5.05   ,  -0.566304
          2,  337,        540,         51,       10.1,        101,       5.05   ,  -0.224313
          2,  338,         48,        762,       10.1,        101,       5.05   ,  0.0179348
          2,  339,        162,        983,       10.1,        101,       5.05   ,    1.48875
          2,  340,        384,        274,       10.1,        101,       5.05   ,   -1.04513
          2,  341,        604,        819,       10.1,        101,       5.05   ,   0.707815
          2,  342,        710,        523,       10.1,        101,       5.05   ,  -0.592224
          2,  343,        994,        728,       10.1,        101,       5.05   ,   -1.23751
          2,  344,        103,        664,       10.1,        101,       5.05   ,   0.702807
          2,  345,        597,        164,       10.1,        101,       5.05   ,    1.09397
          2,  346,        670,        632,       10.1,        101,       5.05   ,  -0.276681
          2,  347,        994,        170,       10.1,        101,       5.05   ,  -0.238221
          2,  348,        654,        291,       10.1,        101,       5.05   ,    1.09671
          2,  349,        845,        850,       10.1,        101,       5.05   ,   -1.40019
          2,  350,        467,        518,       10.1,        101,       5.05   ,  0.0170198
          2,  351,        615,        332,       10.1,        101,       5.05   ,   -1.29163
          2,  352,        349,        890,       10.1,        101,       5.05   ,   0.948618
          2,  353,        296,        645,       10.1,        101,       5.05   ,  -0.204494
          2,  354,        886,        501,       10.1,        101,       5.05   ,   0.025609
          2,  355,        140,        943,       10.1,        101,       5.05   , -0.0189537
          2,  356,        694,         44,       10.1,        101,       5.05   ,   0.431996
          2,  357,        930,        389,       10.1,        101,       5.05   ,   0.269428
          2,  358,         43,        279,       10.1,        101,       5.05   ,   -1.06796
          2,  359,        426,        302,       10.1,        101,       5.05   ,  -0.762581
          2,  360,        398,        865,       10.1,        101,       5.05   ,   0.552969
          2,  361,        721,        746,       10.1,        101,       5.05   ,    1.19403
          2,  362,        700,        782,       10.1,        101,       5.05   ,   -1.14041
          2,  363,        740,        310,       10.1,        101,       5.05   ,  -0.547216
          2,  364,        635,        951,       10.1,        101,       5.05   ,   -1.12126
          2,  365,          1,         15,       10.1,        101,       5.05   ,  -0.943258
          2,  366,        647,        453,       10.1,        101,       5.05   ,  -0.767047
          2,  367,        450,        652,       10.1,        101,       5.05   ,    1.45305
          2,  368,        389,        243,       10.1,        101,       5.05   ,  -0.634831
          2,  369,         58,         91,       10.1,        101,       5.05   ,  -0.559738
          2,  370,        386,        133,       10.1,        101,       5.05   ,   -1.07786
          2,  371,         67,        659,       10.1,        101,       5.05   ,    1.29358
          2,  372,        932,        412,       10.1,        101,       5.05   ,    1.19503
          2,  373,        440,         51,       10.1,        101,       5.05   ,   -1.05567
          2,  374,        679,        704,       10.1,        101,       5.05   ,   0.914668
          2,  375,        235,        239,       10.1,        101,       5.05   ,     1.1329
          2,  376,        483,        733,       10.1,        101,       5.05   ,  -0.318501
          2,  377,         12,        992,       10.1,        101,       5.05   ,   -1.24192
          2,  378,        413,        817,       10.1,        101,       5.05   ,     1.4653
          2,  379,        605,         36,       10.1,        101,       5.05   ,   -1.18242
          2,  380,        605,        160,       10.1,        101,       5.05   ,   0.213404
          2,  381,        280,        342,       10.1,        101,       5.05   ,    1.14706
          2,  382,        730,        129,       10.1,        101,       5.05   ,    1.25831
          2,  383,        416,        919,       10.1,        101,       5.05   ,  0.0686088
          2,  384,        301,        220,       10.1,        101,       5.05   ,   -1.36513
          2,  385,        957,        137,       10.1,        101,       5.05   ,  0.0334695
          2,  386,        756,        938,       10.1,        101,       5.05   ,     0.8292
          2,  387,        364,        349,       10.1,        101,       5.05   ,  -0.261372
          2,  388,        453,        654,       10.1,        101,       5.05   ,   0.668224
          2,  389,        573,        788,       10.1,        101,       5.05   ,     0.8771
          2,  390,        965,        163,       10.1,        101,       5.05   ,   -1.40101
          2,  391,        741,        881,       10.1,        101,       5.05   ,  -0.639113
          2,  392,        741,         19,       10.1,        101,       5.05   ,  -0.858638
          2,  393,        417,        553,       10.1,        101,       5.05   ,  -0.347536
          2,  394,        277,        130,       10.1,        101,       5.05   ,  -0.752316
          2,  395,        412,        916,       10.1,        101,       5.05   ,   -1.07166
          2,  396,        984,         37,       10.1,        101,       5.05   , -0.0558224
          2,  397,        826,        813,       10.1,        101,       5.05   ,    -0.3976
          2,  398,        451,        550,       10.1,        101,       5.05   ,   0.097582
          2,  399,        389,         13,       10.1,        101,       5.05   ,   -1.33393
          2,  400,        682,        810,       10.1,        101,       5.05   ,    1.31975
          2,  401,        845,        232,       10.1,        101,       5.05   ,    1.16868
          2,  402,        872,        490,       10.1,        101,       5.05   ,  -0.772894
          2,  403,        498,        595,       10.1,        101,       5.05   ,     1.0558
          2,  404,        907,        483,       10.1,        101,       5.05   ,    1.23672
          2,  405,        613,        659,       10.1,        101,       5.05   ,   0.367302
          2,  406,        707,        511,       10.1,        101,       5.05   ,   0.952783
          2,  407,         52,        938,       10.1,        101,       5.05   ,     0.1278
          2,  408,        597,        791,       10.1,        101,       5.05   ,    0.66092
          2,  409,        159,        341,       10.1,        101,       5.05   ,   0.902162
          2,  410,        836,        929,       10.1,        101,       5.05   ,    1.29543
          2,  411,        462,        754,       10.1,        101,       5.05   ,    1.55867
          2,  412,        286,        991,       10.1,        101,       5.05   ,   0.340441
          2,  413,        219,        820,       10.1,        101,       5.05   ,  -0.388787
          2,  414,        876,        727,       10.1,        101,       5.05   ,   0.725095
          2,  415,        441,        635,       10.1,        101,       5.05   ,  -0.385932
          2,  416,        559,        306,       10.1,        101,       5.05   ,   0.828497
          2,  417,        110,        621,       10.1,        101,       5.05   ,     1.0112
          2,  418,        458,        190,       10.1,        101,       5.05   ,   0.996226
          2,  419,         12,        868,       10.1,        101,       5.05   ,    1.45753
          2,  420,        310,        950,       10.1,        101,       5.05   ,  -0.457432
          2,  421,        563,        480,       10.1,        101,       5.05   ,    1.08938
          2,  422,         91,        354,       10.1,        101,       5.05   ,    1.40214
          2,  423,         51,        209,       10.1,        101,       5.05   ,  -0.833721
          2,  424,        761,        617,       10.1,        101,       5.05   ,   -1.14419
          2,  425,        394,        408,       10.1,        101,       5.05   ,   0.538286
          2,  426,        141,        493,       10.1,        101,       5.05   ,    -1.3237
          2,  427,        743,         41,       10.1,        101,       5.05   ,    1.07941
          2,  428,        186,        492,       10.1,        101,       5.05   ,    1.53752
          2,  429,        662,        509,       10.1,        101,       5.05   ,  -0.593851
          2,  430,        466,        849,       10.1,        101,       5.05   ,   0.567078
          2,  431,        732,        540,       10.1,        101,       5.05   ,   -0.74985
          2,  432,        588,        845,       10.1,        101,       5.05   ,  -0.825084
          2,  433,        162,        922,       10.1,        101,       5.05   ,   0.961112
          2,  434,        963,        776,       10.1,        101,       5.05   ,   0.417022
          2,  435,        374,        916,       10.1,        101,       5.05   ,    1.09749
          2,  436,         13,        605,       10.1,        101,       5.05   ,  -0.704944
          2,  437,        233,         44,       10.1,        101,       5.05   ,   0.374256
          2,  438,        391,        191,       10.1,        101,       5.05   ,  -0.809731
          2,  439,        136,        971,       10.1,        101,       5.05   ,    1.23506
          2,  440,        911,         65,       10.1,        101,       5.05   ,   -1.22141
          2,  441,          8,        517,       10.1,        101,       5.05   ,   0.536727
          2,  442,        735,        972,       10.1,        101,       5.05   ,   -1.30923
          2,  443,        146,        477,       10.1,        101,       5.05   ,   -0.69197
          2,  444,        247,        229,       10.1,        101,       5.05   ,   0.860619
          2,  445,        281,        921,       10.1,        101,       5.05   ,    1.15155
          2,  446,        903,        862,       10.1,        101,       5.05   ,   -1.09853
          2,  447,        333,        431,       10.1,        101,       5.05   ,   -0.68217
          2,  448,        768,         91,       10.1,        101,       5.05   ,   -1.08595
          2,  449,        295,        286,       10.1,        101,       5.05   ,   -0.41781
          2,  450,        302,        825,       10.1,        101,       5.05   ,   -0.54364
          2,  451,        408,         85,       10.1,        101,       5.05   ,   0.779568
          2,  452,        568,        224,       10.1,        101,       5.05   ,    1.46563
          2,  453,        255,        586,       10.1,        101,       5.05   ,  -0.481738
          2,  454,         14,        553,       10.1,        101,       5.05   ,    1.28182
          2,  455,         32,        304,       10.1,        101,       5.05   ,   0.302957
          2,  456,        393,        772,       10.1,        101,       5.05   ,  -0.573231
          2,  457,        908,        908,       10.1,        101,       5.05   ,  -0.279393
          2,  458,        190,        668,       10.1,        101,       5.05   ,    1.39003
          2,  459,        838,        756,       10.1,        101,       5.05   ,   0.838908
          2,  460,        358,        197,       10.1,        101,       5.05   ,  -0.135997
          2,  461,        612,        357,       10.1,        101,       5.05   ,    1.50716
          2,  462,        240,         96,       10.1,        101,       5.05   ,   0.898706
          2,  463,        551,        814,       10.1,        101,       5.05   ,  -0.488504
          2,  464,        181,        929,       10.1,        101,       5.05   ,     1.3311
          2,  465,        742,        809,       10.1,        101,       5.05   ,    -1.5032
          2,  466,        221,        979,       10.1,        101,       5.05   ,  -0.458509
          2,  467,        183,        982,       10.1,        101,       5.05   ,  -0.402682
          2,  468,        250,        357,       10.1,        101,       5.05   ,  -0.603802
          2,  469,         12,        632,       10.1,        101,       5.05   ,  -0.845143
          2,  470,        635,        734,       10.1,        101,       5.05   ,   -1.21117
          2,  471,        485,        934,       10.1,        101,       5.05   ,   -1.21287
          2,  472,         78,        464,       10.1,        101,       5.05   ,  -0.560324
          2,  473,        161,        172,       10.1,        101,       5.05   ,      0.992
          2,  474,        859,        115,       10.1,        101,       5.05   ,  -0.490421
          2,  475,        399,          4,       10.1,        101,       5.05   ,   0.377619
          2,  476,        150,        770,       10.1,        101,       5.05   ,    -0.8756
          2,  477,        991,        719,       10.1,        101,       5.05   ,  -0.784682
          2,  478,        741,        181,       10.1,        101,       5.05   ,   -0.25165
          2,  479,        172,        572,       10.1,        101,       5.05   ,  -0.596136
          2,  480,        759,        381,       10.1,        101,       5.05   ,   0.348171
          2,  481,        989,        245,       10.1,        101,       5.05   ,   0.594374
          2,  482,        319,        299,       10.1,        101,       5.05   ,    0.34098
          2,  483,        655,        163,       10.1,        101,       5.05   ,     1.4362
          2,  484,        216,        765,       10.1,        101,       5.05   ,  0.0949664
          2,  485,        222,        914,       10.1,        101,       5.05   ,  -0.948103
          2,  486,        591,        957,       10.1,        101,       5.05   ,   0.798869
          2,  487,        267,         19,       10.1,        101,       5.05   ,    1.17417
          2,  488,         72,        368,       10.1,        101,       5.05   ,    1.29568
          2,  489,        341,        318,       10.1,        101,       5.05   ,    1.43677
          2,  490,         57,        926,       10.1,        101,       5.05   ,  -0.282228
          2,  491,        206,        793,       10.1,        101,       5.05   ,   0.730774
          2,  492,        477,        684,       10.1,        101,       5.05   ,  -0.253868
          2,  493,        458,        967,       10.1,        101,       5.05   ,    1.07025
          2,  494,        697,        137,       10.1,        101,       5.05   ,  -0.524403
          2,  495,        787,        854,       10.1,        101,       5.05   ,  -0.548159
          2,  496,        798,        673,       10.1,        101,       5.05   ,  -0.988298
          2,  497,        695,        479,       10.1,        101,       5.05   ,   0.885601
          2,  498,        842,        647,       10.1,        101,       5.05   ,   0.319481
          2,  499,        192,        660,       10.1,        101,       5.05   ,    1.33252
          2,  500,        319,        436,       10.1,        101,       5.05   ,   0.938845
          2,  501,        288,        410,       10.1,        101,       5.05   ,  -0.317305
          2,  502,        726,        511,       10.1,        101,       5.05   ,    1.36652
          2,  503,        160,        105,       10.1,        101,       5.05   ,  -0.554681
          2,  504,        362,        401,       10.1,        101,       5.05   ,  -0.715543
          2,  505,        362,        442,       10.1,        101,       5.05   ,   -1.43459
          2,  506,        917,        596,       10.1,        101,       5.05   ,  -0.724501
          2,  507,        323,        933,       10.1,        101,       5.05   ,   0.239304
          2,  508,        625,        360,       10.1,        101,       5.05   ,   0.540426
          2,  509,        375,        357,       10.1,        101,       5.05   , -0.0100066
          2,  510,        236,        947,       10.1,        101,       5.05   ,    1.24448
          2,  511,        960,        222,       10.1,        101,       5.05   ,  -0.929821
          2,  512,        558,        459,       10.1,        101,       5.05   ,  -0.601392
          2,  513,        368,        899,       10.1,        101,       5.05   ,  -0.537617
          2,  514,        907,         34,       10.1,        101,       5.05   ,  -0.282933
          2,  515,        340,        878,       10.1,        101,       5.05   ,   -1.28998
          2,  516,        707,        550,       10.1,        101,       5.05   ,  -0.555508
          2,  517,        962,        471,       10.1,        101,       5.05   ,  -0.423582
          2,  518,        152,        228,       10.1,        101,       5.05   ,   0.885764
          2,  519,        477,        112,       10.1,        101,       5.05   ,    1.15499
          2,  520,        694,        763,       10.1,        101,       5.05   ,   -1.32325
          2,  521,        658,        491,       10.1,        101,       5.05   ,   0.995105
          2,  522,        942,          9,       10.1,        101,       5.05   ,   0.854555
          2,  523,        694,          3,       10.1,        101,       5.05   ,  0.0751451
          2,  524,        790,        735,       10.1,        101,       5.05   ,  -0.549688
          2,  525,        161,        403,       10.1,        101,       5.05   ,  -0.963203
          2,  526,         55,        769,       10.1,        101,       5.05   ,  -0.879596
          2,  527,        285,        995,       10.1,        101,       5.05   ,   0.621302
          2,  528,         41,        107,       10.1,        101,       5.05   ,    1.50611
          2,  529,        752,        516,       10.1,        101,       5.05   ,  -0.994317
          2,  530,        313,        666,       10.1,        101,       5.05   ,   0.946587
          2,  531,        486,        630,       10.1,        101,       5.05   ,    1.49523
          2,  532,        432,        190,       10.1,        101,       5.05   ,  -0.711004
          2,  533,        399,        557,       10.1,        101,       5.05   ,   0.200125
          2,  534,        390,        130,       10.1,        101,       5.05   ,    1.37275
          2,  535,        231,        309,       10.1,        101,       5.05   ,   0.755751
          2,  536,        222,        415,       10.1,        101,       5.05   ,  -0.965218
          2,  537,        142,        917,       10.1,        101,       5.05   ,    1.27809
          2,  538,         21,        483,       10.1,        101,       5.05   ,  -0.221533
          2,  539,         58,        132,       10.1,        101,       5.05   ,  -0.845721
          2,  540,        975,        690,       10.1,        101,       5.05   ,  -0.656435
          2,  541,        860,        390,       10.1,        101,       5.05   ,  -0.879326
          2,  542,        761,        746,       10.1,        101,       5.05   ,   0.466319
          2,  543,        311,        796,       10.1,        101,       5.05   ,   0.755849
          2,  544,        813,        759,       10.1,        101,       5.05   ,  -0.583817
          2,  545,        245,        527,       10.1,        101,       5.05   ,   -1.06126
          2,  546,         47,         74,       10.1,        101,       5.05   ,   0.218979
          2,  547,        110,        422,       10.1,        101,       5.05   ,  -0.403356
          2,  548,        268,        411,       10.1,        101,       5.05   ,   0.578319
          2,  549,        302,        742,       10.1,        101,       5.05   ,  -0.897161
          2,  550,        431,        107,       10.1,        101,       5.05   ,   0.463469
          2,  551,        652,        302,       10.1,        101,       5.05   ,   0.764271
          2,  552,        439,        521,       10.1,        101,       5.05   ,  -0.094956
          2,  553,        292,        391,       10.1,        101,       5.05   ,   -1.21667
          2,  554,        229,        919,       10.1,        101,       5.05   ,  -0.971782
          2,  555,        830,        773,       10.1,        101,       5.05   ,   -1.46414
          2,  556,         11,        555,       10.1,        101,       5.05   ,    1.36833
          2,  557,        718,        726,       10.1,        101,       5.05   ,  0.0290166
          2,  558,         57,        400,       10.1,        101,       5.05   ,   0.979286
          2,  559,        682,        661,       10.1,        101,       5.05   , 0.00227614
          2,  560,        196,        728,       10.1,        101,       5.05   ,  -0.524183
          2,  561,        507,        994,       10.1,        101,       5.05   ,  -0.872243
          2,  562,        147,        295,       10.1,        101,       5.05   ,   0.866358
          2,  563,        165,        822,       10.1,        101,       5.05   ,      1.031
          2,  564,        370,        532,       10.1,        101,       5.05   ,   -0.43307
          2,  565,        677,        282,       10.1,        101,       5.05   ,  -0.892173
          2,  566,         53,        411,       10.1,        101,       5.05   ,    1.42017
          2,  567,        380,        449,       10.1,        101,       5.05   ,  -0.410898
          2,  568,        214,        463,       10.1,        101,       5.05   ,   0.723513
          2,  569,        578,        988,       10.1,        101,       5.05   ,  -0.221064
          2,  570,        177,         34,       10.1,        101,       5.05   ,  0.0812246
          2,  571,        202,        141,       10.1,        101,       5.05   ,   0.301599
          2,  572,        378,        856,       10.1,        101,       5.05   ,  0.0702195
          2,  573,        556,        390,       10.1,        101,       5.05   ,  -0.794149
          2,  574,        217,        784,       10.1,        101,       5.05   ,   0.378593
          2,  575,        866,        604,       10.1,        101,       5.05   ,  -0.773236
          2,  576,        783,        416,       10.1,        101,       5.05   ,  -0.206728
          2,  577,        476,        589,       10.1,        101,       5.05   ,    1.11264
          2,  578,        516,        298,       10.1,        101,       5.05   ,   0.196658
          2,  579,        973,         33,       10.1,        101,       5.05   ,    1.25704
          2,  580,        294,        605,       10.1,        101,       5.05   ,   -1.35593
          2,  581,        641,        566,       10.1,        101,       5.05   ,    1.18791
          2,  582,        503,        897,       10.1,        101,       5.05   ,    1.44312
          2,  583,        560,        870,       10.1,        101,       5.05   ,    1.47112
          2,  584,        621,        602,       10.1,        101,       5.05   ,    0.40938
          2,  585,        741,        837,       10.1,        101,       5.05   ,  0.0570117
          2,  586,        718,         80,       10.1,        101,       5.05   ,   -1.37866
          2,  587,        557,        524,       10.1,        101,       5.05   ,   0.436447
          2,  588,        178,        857,       10.1,        101,       5.05   ,  -0.961388
          2,  589,        817,        855,       10.1,        101,       5.05   ,   -1.29878
          2,  590,        844,        195,       10.1,        101,       5.05   ,   -1.11245
          2,  591,        631,        826,       10.1,        101,       5.05   ,   0.750964
          2,  592,        767,        852,       10.1,        101,       5.05   ,   0.678861
          2,  593,         49,        535,       10.1,        101,       5.05   ,   -1.35758
          2,  594,        561,        375,       10.1,        101,       5.05   ,   0.399531
          2,  595,        802,        212,       10.1,        101,       5.05   ,  -0.408143
          2,  596,        716,        273,       10.1,        101,       5.05   ,    1.17708
          2,  597,        442,        382,       10.1,        101,       5.05   ,  -0.287729
          2,  598,        374,          5,       10.1,        101,       5.05   ,  -0.943764
          2,  599,        708,        464,       10.1,        101,       5.05   ,  -0.511103
          2,  600,        234,        295,       10.1,        101,       5.05   ,    0.82916
          2,  601,        303,        804,       10.1,        101,       5.05   ,   0.923797
          2,  602,         55,        503,       10.1,        101,       5.05   ,    0.98623
          2,  603,         84,        510,       10.1,        101,       5.05   ,  -0.959717
          2,  604,        412,        259,       10.1,        101,       5.05   ,   -1.44628
          2,  605,        656,        398,       10.1,        101,       5.05   ,    1.19275
          2,  606,        105,        134,       10.1,        101,       5.05   ,   -1.05623
          2,  607,        872,         65,       10.1,        101,       5.05   ,    1.36473
          2,  608,        877,        961,       10.1,        101,       5.05   ,  -0.687767
          2,  609,        878,        700,       10.1,        101,       5.05   ,   -1.38497
          2,  610,        459,         59,       10.1,        101,       5.05   ,  -0.799946
          2,  611,        567,        179,       10.1,        101,       5.05   ,    0.77187
          2,  612,        618,        908,       10.1,        101,       5.05   ,  -0.110332
          2,  613,        968,        925,       10.1,        101,       5.05   ,   -1.25609
          2,  614,        161,        741,       10.1,        101,       5.05   ,  -0.452541
          2,  615,        405,        160,       10.1,        101,       5.05   ,   -1.37912
          2,  616,        408,        712,       10.1,        101,       5.05   ,   -1.45288
          2,  617,        101,        394,       10.1,        101,       5.05   ,    -1.3003
          2,  618,        240,        831,       10.1,        101,       5.05   ,   -1.22354
          2,  619,        270,        735,       10.1,        101,       5.05   ,   0.852756
          2,  620,        172,        690,       10.1,        101,       5.05   ,  0.0788586
          2,  621,        452,        862,       10.1,        101,       5.05   ,   0.843357
          2,  622,        409,        734,       10.1,        101,       5.05   ,   -0.20643
          2,  623,        315,        465,       10.1,        101,       5.05   ,   -1.14352
          2,  624,         11,        459,       10.1,        101,       5.05   ,   0.209533
          2,  625,        220,        952,       10.1,        101,       5.05   ,  0.0664729
          2,  626,        284,        818,       10.1,        101,       5.05   ,   -1.48122
          2,  627,        212,        279,       10.1,        101,       5.05   ,   -1.41357
          2,  628,        135,         66,       10.1,        101,       5.05   ,  -0.574487
          2,  629,        544,        877,       10.1,        101,       5.05   ,    1.52614
          2,  630,        422,        245,       10.1,        101,       5.05   ,    1.28819
          2,  631,        844,         77,       10.1,        101,       5.05   ,  -0.229093
          2,  632,          9,        667,       10.1,        101,       5.05   ,   0.280158
          2,  633,        597,        396,       10.1,        101,       5.05   ,   -1.24294
          2,  634,        787,        963,       10.1,        101,       5.05   ,  -0.993844
          2,  635,        304,        359,       10.1,        101,       5.05   ,  0.0129139
          2,  636,        513,        776,       10.1,        101,       5.05   ,  -0.818005
          2,  637,        413,        183,       10.1,        101,       5.05   ,    1.49498
          2,  638,        950,        571,       10.1,        101,       5.05   ,  -0.258833
          2,  639,        169,        776,       10.1,        101,       5.05   ,-0.00122039
          2,  640,        456,        760,       10.1,        101,       5.05   ,   0.989473
          2,  641,        569,        760,       10.1,        101,       5.05   ,    0.21028
          2,  642,        259,         47,       10.1,        101,       5.05   ,  -0.508331
          2,  643,        262,        109,       10.1,        101,       5.05   ,    1.24951
          2,  644,        831,        887,       10.1,        101,       5.05   ,  -0.848359
          2,  645,        381,        690,       10.1,        101,       5.05   ,  -0.837237
          2,  646,        728,        767,       10.1,        101,       5.05   ,    1.28885
          2,  647,        947,        944,       10.1,        101,       5.05   ,   0.156559
          2,  648,        237,        234,       10.1,        101,       5.05   ,   0.956798
          2,  649,        407,        681,       10.1,        101,       5.05   ,  -0.190854
          2,  650,        621,        700,       10.1,        101,       5.05   ,  -0.469298
          2,  651,        953,        631,       10.1,        101,       5.05   ,   0.895853
          2,  652,        994,        102,       10.1,        101,       5.05   ,  -0.598241
          2,  653,        767,        474,       10.1,        101,       5.05   ,   -0.77821
          2,  654,        910,        995,       10.1,        101,       5.05   ,   -1.47098
          2,  655,        353,        211,       10.1,        101,       5.05   ,  -0.644891
          2,  656,        994,        803,       10.1,        101,       5.05   ,  -0.523411
          2,  657,        244,        642,       10.1,        101,       5.05   ,  -0.247335
          2,  658,        343,        900,       10.1,        101,       5.05   ,   -1.36818
          2,  659,        720,        458,       10.1,        101,       5.05   ,    1.12333
          2,  660,        458,        327,       10.1,        101,       5.05   ,  -0.406789
          2,  661,        202,        764,       10.1,        101,       5.05   ,   -1.21128
          2,  662,        267,        503,       10.1,        101,       5.05   ,    1.48317
          2,  663,         74,        980,       10.1,        101,       5.05   ,    1.38594
          2,  664,        367,        284,       10.1,        101,       5.05   ,    1.39227
          2,  665,        438,        685,       10.1,        101,       5.05   ,   0.232637
          2,  666,         67,        960,       10.1,        101,       5.05   ,    1.29058
          2,  667,        563,        372,       10.1,        101,       5.05   ,    1.37742
          2,  668,        866,        813,       10.1,        101,       5.05   ,  -0.585075
          2,  669,         81,        515,       10.1,        101,       5.05   ,   0.922228
          2,  670,        329,        291,       10.1,        101,       5.05   ,    0.17316
          2,  671,        907,        253,       10.1,        101,       5.05   ,    1.36722
          2,  672,        890,        782,       10.1,        101,       5.05   ,  -0.446903
          2,  673,        657,        510,       10.1,        101,       5.05   ,   -0.57854
          2,  674,        927,        392,       10.1,        101,       5.05   ,   -1.56809
          2,  675,        402,        180,       10.1,        101,       5.05   ,   0.181535
          2,  676,         56,        220,       10.1,        101,       5.05   ,   -1.07263
          2,  677,         15,        894,       10.1,        101,       5.05   ,  -0.122791
          2,  678,        310,        321,       10.1,        101,       5.05   ,    1.56244
          2,  679,        274,        888,       10.1,        101,       5.05   ,   0.117759
          2,  680,        570,        743,       10.1,        101,       5.05   ,  -0.470673
          2,  681,        866,        240,       10.1,        101,       5.05   ,   -1.17119
          2,  682,        178,        397,       10.1,        101,       5.05   ,    1.55253
          2,  683,        254,        750,       10.1,        101,       5.05   ,    1.15769
          2,  684,        653,        708,       10.1,        101,       5.05   ,    1.47038
          2,  685,        330,        240,       10.1,        101,       5.05   ,  -0.967559
          2,  686,        272,        468,       10.1,        101,       5.05   ,    1.31611
          2,  687,        952,        992,       10.1,        101,       5.05   ,    -0.4545
          2,  688,        904,        722,       10.1,        101,       5.05   ,    0.89825
          2,  689,          1,        877,       10.1,        101,       5.05   ,   -1.25874
          2,  690,        169,        907,       10.1,        101,       5.05   ,   0.602274
          2,  691,        323,         31,       10.1,        101,       5.05   ,   0.474308
------------------------------------------------------------------------------
Component[2] Total Sloped Parallelepiped = 691