Component 1 maximum area=0.326731 [on 1000x1000]
Component type: Ellipse
---------------------------------------------------------------------------------------
--------------|------- Center-----|----- dimensions---------|----------------------
component| id|   X        |     Y    |  Width/a     | height/b |   hoop   |   Slope    
---------------------------------------------------------------------------------------
          1,    1,        856,        734,       50.5,       50.5,      2.525   ,  -0.931662
          1,    2,        419,        462,       50.5,       50.5,      2.525   ,   0.810428
          1,    3,        695,         63,       50.5,       50.5,      2.525   ,   -1.01813
          1,    4,          8,        598,       50.5,       50.5,      2.525   ,   0.884758
          1,    5,        135,        483,       50.5,       50.5,      2.525   ,  0.0670396
          1,    6,        705,        325,       50.5,       50.5,      2.525   ,   -1.23803
          1,    7,        812,        152,       50.5,       50.5,      2.525   ,   -1.32775
          1,    8,        447,        663,       50.5,       50.5,      2.525   ,   -1.02671
          1,    9,        904,        429,       50.5,       50.5,      2.525   ,   0.569044
          1,   10,        422,        665,       50.5,       50.5,      2.525   ,   0.450117
          1,   11,        130,        858,       50.5,       50.5,      2.525   ,  -0.982013
          1,   12,        221,        795,       50.5,       50.5,      2.525   ,   -1.23055
          1,   13,        262,        232,       50.5,       50.5,      2.525   ,   0.354664
          1,   14,        507,        838,       50.5,       50.5,      2.525   ,    1.14821
          1,   15,          4,        889,       50.5,       50.5,      2.525   ,   0.633414
          1,   16,        562,        705,       50.5,       50.5,      2.525   ,   0.329616
          1,   17,        760,        685,       50.5,       50.5,      2.525   ,   0.757981
          1,   18,        491,        434,       50.5,       50.5,      2.525   ,  -0.158891
          1,   19,        932,        646,       50.5,       50.5,      2.525   ,    -1.0457
          1,   20,        821,        734,       50.5,       50.5,      2.525   ,  -0.990912
          1,   21,        990,        533,       50.5,       50.5,      2.525   ,   0.946752
          1,   22,        305,        464,       50.5,       50.5,      2.525   ,    1.15384
          1,   23,         44,        868,       50.5,       50.5,      2.525   ,  -0.115589
          1,   24,        543,        108,       50.5,       50.5,      2.525   ,   -1.48464
          1,   25,        683,        246,       50.5,       50.5,      2.525   , -0.0472969
          1,   26,        848,        119,       50.5,       50.5,      2.525   ,   -1.33657
          1,   27,        111,        548,       50.5,       50.5,      2.525   ,  -0.479398
          1,   28,        212,         88,       50.5,       50.5,      2.525   ,  -0.327959
          1,   29,        541,        201,       50.5,       50.5,      2.525   ,   0.847375
          1,   30,        662,        225,       50.5,       50.5,      2.525   ,    1.51073
          1,   31,        728,         39,       50.5,       50.5,      2.525   ,    1.21036
          1,   32,        330,        253,       50.5,       50.5,      2.525   ,    1.42551
          1,   33,        829,        191,       50.5,       50.5,      2.525   ,   -1.05243
          1,   34,        759,        242,       50.5,       50.5,      2.525   ,  -0.383858
          1,   35,        450,        718,       50.5,       50.5,      2.525   ,   -1.39132
          1,   36,        317,        533,       50.5,       50.5,      2.525   ,   -1.54966
          1,   37,         24,        405,       50.5,       50.5,      2.525   ,    1.09883
          1,   38,        923,        622,       50.5,       50.5,      2.525   ,  -0.727784
          1,   39,        848,        849,       50.5,       50.5,      2.525   ,   -1.17971
          1,   40,        802,        251,       50.5,       50.5,      2.525   ,   0.902953
          1,   41,        708,        593,       50.5,       50.5,      2.525   ,   -1.36258
          1,   42,        866,        155,       50.5,       50.5,      2.525   ,   0.584202
          1,   43,        231,        964,       50.5,       50.5,      2.525   ,  0.0319364
          1,   44,        661,        156,       50.5,       50.5,      2.525   ,   0.518796
          1,   45,        879,        282,       50.5,       50.5,      2.525   ,    -0.3729
          1,   46,         54,         74,       50.5,       50.5,      2.525   ,   -1.21666
          1,   47,        365,        730,       50.5,       50.5,      2.525   ,  0.0199663
          1,   48,        308,        316,       50.5,       50.5,      2.525   ,  -0.899731
          1,   49,        724,        550,       50.5,       50.5,      2.525   ,  -0.360091
          1,   50,        229,        823,       50.5,       50.5,      2.525   ,   -1.33348
          1,   51,        741,        642,       50.5,       50.5,      2.525   ,   0.136857
          1,   52,        752,        997,       50.5,       50.5,      2.525   ,  -0.682598
          1,   53,        758,        912,       50.5,       50.5,      2.525   ,   0.937808
------------------------------------------------------------------------------
Component[1] Total Ellipsoids = 53
Component[1] Real area in [1000x1000]= 0.330778%=
------------------------------------------------------------------------------
