Component 2 maximum area=0.323322 [on 1000x1000]
Component type: Sloped rectangle
---------------------------------------------------------------------------------------
--------------|------- Center-----|----- dimensions---------|----------------------
component| id|   X        |     Y    |  Width/a     | height/b |   hoop   |   Slope    
---------------------------------------------------------------------------------------
          2,    1,        226,        749,       10.1,        101,       5.05   ,  -0.396995
          2,    2,        626,         87,       10.1,        101,       5.05   ,   0.138491
          2,    3,         76,        852,       10.1,        101,       5.05   ,   0.594568
          2,    4,        453,        500,       10.1,        101,       5.05   ,      1.039
          2,    5,        216,        576,       10.1,        101,       5.05   ,  -0.113826
          2,    6,        306,        576,       10.1,        101,       5.05   , -0.0682283
          2,    7,        688,        710,       10.1,        101,       5.05   ,   0.649307
          2,    8,         14,        644,       10.1,        101,       5.05   ,   0.242301
          2,    9,        642,        220,       10.1,        101,       5.05   ,   -1.45428
          2,   10,         90,        102,       10.1,        101,       5.05   ,   -1.51733
          2,   11,        623,        231,       10.1,        101,       5.05   ,    1.02926
          2,   12,        129,         13,       10.1,        101,       5.05   ,  -0.368322
          2,   13,         68,        133,       10.1,        101,       5.05   ,  -0.612093
          2,   14,        146,        639,       10.1,        101,       5.05   ,   -1.09198
          2,   15,        126,        570,       10.1,        101,       5.05   ,    1.24708
          2,   16,        422,        898,       10.1,        101,       5.05   ,  -0.985191
          2,   17,        394,        153,       10.1,        101,       5.05   ,   0.796498
          2,   18,        527,        499,       10.1,        101,       5.05   ,    1.48372
          2,   19,        644,        262,       10.1,        101,       5.05   ,   0.628351
          2,   20,        934,        377,       10.1,        101,       5.05   ,  -0.619181
          2,   21,        268,        191,       10.1,        101,       5.05   ,    1.10604
          2,   22,        760,        673,       10.1,        101,       5.05   ,   -1.36419
          2,   23,        204,        664,       10.1,        101,       5.05   ,  -0.545573
          2,   24,        973,        690,       10.1,        101,       5.05   ,  0.0362293
          2,   25,        495,        297,       10.1,        101,       5.05   ,  0.0395875
          2,   26,        729,        786,       10.1,        101,       5.05   ,  -0.414841
          2,   27,        775,        649,       10.1,        101,       5.05   ,    1.12962
          2,   28,        140,        999,       10.1,        101,       5.05   ,   0.423729
          2,   29,        812,        913,       10.1,        101,       5.05   ,   -1.42362
          2,   30,        602,         24,       10.1,        101,       5.05   ,  -0.150124
          2,   31,        607,        156,       10.1,        101,       5.05   ,   0.905045
          2,   32,        234,        164,       10.1,        101,       5.05   ,    1.31498
          2,   33,        221,        429,       10.1,        101,       5.05   ,   -1.07427
          2,   34,        838,        961,       10.1,        101,       5.05   ,   -1.49941
          2,   35,        707,        595,       10.1,        101,       5.05   ,   -1.56387
          2,   36,        538,        742,       10.1,        101,       5.05   ,   -1.43036
          2,   37,        298,        346,       10.1,        101,       5.05   ,   0.377024
          2,   38,        879,        200,       10.1,        101,       5.05   ,  -0.161565
          2,   39,        463,        329,       10.1,        101,       5.05   ,   -1.33784
          2,   40,        636,        539,       10.1,        101,       5.05   ,   -1.35649
          2,   41,        230,        264,       10.1,        101,       5.05   ,  -0.266933
          2,   42,        400,        119,       10.1,        101,       5.05   ,    1.22986
          2,   43,        286,        980,       10.1,        101,       5.05   ,   0.172136
          2,   44,        783,        793,       10.1,        101,       5.05   ,    1.00319
          2,   45,        202,        967,       10.1,        101,       5.05   ,   0.615646
          2,   46,        981,        910,       10.1,        101,       5.05   ,   -0.55918
          2,   47,        714,        796,       10.1,        101,       5.05   ,   -1.44664
          2,   48,        113,        874,       10.1,        101,       5.05   ,    1.05332
          2,   49,        100,        735,       10.1,        101,       5.05   ,    1.51196
          2,   50,        486,         19,       10.1,        101,       5.05   ,    1.35923
          2,   51,        551,        345,       10.1,        101,       5.05   ,   0.536871
          2,   52,        490,        855,       10.1,        101,       5.05   ,    1.50203
          2,   53,        323,        102,       10.1,        101,       5.05   ,   0.108043
          2,   54,        819,        418,       10.1,        101,       5.05   ,   0.779563
          2,   55,        266,        287,       10.1,        101,       5.05   ,  -0.112971
          2,   56,        150,        443,       10.1,        101,       5.05   ,  -0.672438
          2,   57,         31,        381,       10.1,        101,       5.05   ,  0.0843613
          2,   58,        581,        597,       10.1,        101,       5.05   ,    1.42604
          2,   59,          2,        276,       10.1,        101,       5.05   ,    1.20043
          2,   60,        734,        439,       10.1,        101,       5.05   ,  -0.932569
          2,   61,        619,        975,       10.1,        101,       5.05   ,   0.656832
          2,   62,        904,        828,       10.1,        101,       5.05   ,    0.73956
          2,   63,        202,        323,       10.1,        101,       5.05   ,   -1.25161
          2,   64,        127,        587,       10.1,        101,       5.05   ,   0.917483
          2,   65,        278,        474,       10.1,        101,       5.05   ,   0.976133
          2,   66,        910,        407,       10.1,        101,       5.05   ,   -1.02703
          2,   67,        812,        268,       10.1,        101,       5.05   ,  -0.670773
          2,   68,        674,        888,       10.1,        101,       5.05   ,  -0.935016
          2,   69,        173,        730,       10.1,        101,       5.05   ,   -1.48873
          2,   70,        960,        262,       10.1,        101,       5.05   ,  -0.963832
          2,   71,        536,        101,       10.1,        101,       5.05   ,   0.511327
          2,   72,         70,         95,       10.1,        101,       5.05   ,  -0.727216
          2,   73,        335,        885,       10.1,        101,       5.05   ,    1.36281
          2,   74,        907,        657,       10.1,        101,       5.05   ,  -0.308332
          2,   75,        571,         78,       10.1,        101,       5.05   ,  -0.834329
          2,   76,        648,         80,       10.1,        101,       5.05   ,  -0.262595
          2,   77,        625,        364,       10.1,        101,       5.05   ,  -0.928578
          2,   78,        938,        663,       10.1,        101,       5.05   ,   -1.06081
          2,   79,        456,        990,       10.1,        101,       5.05   ,   -1.26235
          2,   80,        397,        823,       10.1,        101,       5.05   ,   0.148109
          2,   81,        417,        485,       10.1,        101,       5.05   ,  -0.289602
          2,   82,         86,         28,       10.1,        101,       5.05   ,   -1.31344
          2,   83,         87,         73,       10.1,        101,       5.05   , -0.0651719
          2,   84,        283,        953,       10.1,        101,       5.05   ,  0.0410045
          2,   85,        572,        688,       10.1,        101,       5.05   ,  -0.064677
          2,   86,        243,        917,       10.1,        101,       5.05   ,   0.684861
          2,   87,        377,        901,       10.1,        101,       5.05   ,    1.48834
          2,   88,        280,        879,       10.1,        101,       5.05   ,   0.141902
          2,   89,        207,        841,       10.1,        101,       5.05   ,  -0.526721
          2,   90,        940,        517,       10.1,        101,       5.05   , 0.00809776
          2,   91,        755,        768,       10.1,        101,       5.05   ,  -0.476876
          2,   92,        844,        527,       10.1,        101,       5.05   ,  -0.256027
          2,   93,        568,        326,       10.1,        101,       5.05   ,  -0.845162
          2,   94,         52,        399,       10.1,        101,       5.05   ,  -0.531465
          2,   95,        709,        921,       10.1,        101,       5.05   ,  -0.391162
          2,   96,        790,        803,       10.1,        101,       5.05   ,    1.44711
          2,   97,        143,        554,       10.1,        101,       5.05   ,  -0.724682
          2,   98,        739,        371,       10.1,        101,       5.05   ,   0.500171
          2,   99,         77,         64,       10.1,        101,       5.05   ,     1.1265
          2,  100,         94,        102,       10.1,        101,       5.05   ,  -0.212065
          2,  101,        477,         22,       10.1,        101,       5.05   ,   -1.25445
          2,  102,        685,        170,       10.1,        101,       5.05   ,   0.560124
          2,  103,        839,        539,       10.1,        101,       5.05   ,   -1.54521
          2,  104,         68,          4,       10.1,        101,       5.05   ,  0.0997975
          2,  105,        661,        454,       10.1,        101,       5.05   ,   0.994908
          2,  106,        808,        817,       10.1,        101,       5.05   ,   0.422985
          2,  107,        715,        877,       10.1,        101,       5.05   ,    1.47534
          2,  108,        757,        882,       10.1,        101,       5.05   , -0.0796743
          2,  109,        463,        736,       10.1,        101,       5.05   ,  -0.133123
          2,  110,        516,        577,       10.1,        101,       5.05   ,    -1.2581
          2,  111,        179,        355,       10.1,        101,       5.05   ,  -0.992074
          2,  112,        682,        859,       10.1,        101,       5.05   ,  -0.929823
          2,  113,        903,        444,       10.1,        101,       5.05   ,  0.0329017
          2,  114,        837,        168,       10.1,        101,       5.05   ,   0.254194
          2,  115,        751,        966,       10.1,        101,       5.05   ,  -0.683387
          2,  116,        487,        105,       10.1,        101,       5.05   ,   0.650109
          2,  117,        615,        193,       10.1,        101,       5.05   ,  -0.265044
          2,  118,        332,        305,       10.1,        101,       5.05   ,    1.45558
          2,  119,        564,        666,       10.1,        101,       5.05   , -0.0482437
          2,  120,        398,         84,       10.1,        101,       5.05   ,   0.274629
          2,  121,        651,        382,       10.1,        101,       5.05   ,   0.299661
          2,  122,        251,        632,       10.1,        101,       5.05   ,    1.41143
          2,  123,        315,        818,       10.1,        101,       5.05   ,   0.463274
          2,  124,        429,        402,       10.1,        101,       5.05   ,   -1.34234
          2,  125,        713,        554,       10.1,        101,       5.05   ,    1.47062
          2,  126,        662,        683,       10.1,        101,       5.05   ,    1.14367
          2,  127,        634,        380,       10.1,        101,       5.05   ,    1.51863
          2,  128,        771,        182,       10.1,        101,       5.05   ,    1.06503
          2,  129,        603,        920,       10.1,        101,       5.05   ,  0.0525791
          2,  130,        567,        847,       10.1,        101,       5.05   ,    0.77457
          2,  131,         88,        339,       10.1,        101,       5.05   ,   0.424368
          2,  132,        371,         12,       10.1,        101,       5.05   ,   0.178981
          2,  133,         70,        336,       10.1,        101,       5.05   ,    0.88654
          2,  134,        585,        890,       10.1,        101,       5.05   ,  -0.916297
          2,  135,        938,        653,       10.1,        101,       5.05   ,   0.694266
          2,  136,        361,        505,       10.1,        101,       5.05   ,     1.4593
          2,  137,        690,        675,       10.1,        101,       5.05   ,   0.246812
          2,  138,        893,        711,       10.1,        101,       5.05   ,    1.21523
          2,  139,        272,        835,       10.1,        101,       5.05   ,   0.851386
          2,  140,        364,        524,       10.1,        101,       5.05   ,   -1.29794
          2,  141,        938,        959,       10.1,        101,       5.05   ,   0.225594
          2,  142,        341,        165,       10.1,        101,       5.05   ,   -1.14713
          2,  143,         44,        647,       10.1,        101,       5.05   ,  -0.636204
          2,  144,        764,        103,       10.1,        101,       5.05   ,   0.995132
          2,  145,        385,        495,       10.1,        101,       5.05   ,    1.36602
          2,  146,        920,          5,       10.1,        101,       5.05   ,    1.50852
          2,  147,        836,        838,       10.1,        101,       5.05   ,  -0.604231
          2,  148,        102,        381,       10.1,        101,       5.05   ,   -1.45921
          2,  149,        652,        141,       10.1,        101,       5.05   ,    1.45656
          2,  150,        941,        738,       10.1,        101,       5.05   ,    -1.3377
          2,  151,        769,        593,       10.1,        101,       5.05   ,  -0.632169
          2,  152,        664,        485,       10.1,        101,       5.05   ,   0.575503
          2,  153,        536,        304,       10.1,        101,       5.05   ,    1.51213
          2,  154,        654,        814,       10.1,        101,       5.05   ,    1.24071
          2,  155,        759,        562,       10.1,        101,       5.05   ,    1.26216
          2,  156,        344,        167,       10.1,        101,       5.05   ,  -0.351231
          2,  157,        970,        128,       10.1,        101,       5.05   ,   0.168556
          2,  158,         99,        129,       10.1,        101,       5.05   ,    1.01276
          2,  159,        448,        710,       10.1,        101,       5.05   ,  -0.631979
          2,  160,        746,        241,       10.1,        101,       5.05   ,    1.28825
          2,  161,        195,         19,       10.1,        101,       5.05   ,   -1.04127
          2,  162,        358,        984,       10.1,        101,       5.05   ,    1.43103
          2,  163,        140,        906,       10.1,        101,       5.05   ,   0.120817
          2,  164,        391,        587,       10.1,        101,       5.05   ,  -0.675512
          2,  165,        571,        572,       10.1,        101,       5.05   ,   -1.08377
          2,  166,        480,        401,       10.1,        101,       5.05   ,  -0.360096
          2,  167,        929,        906,       10.1,        101,       5.05   ,   -1.36541
          2,  168,        563,        685,       10.1,        101,       5.05   ,   0.646767
          2,  169,        286,         52,       10.1,        101,       5.05   ,   -1.45784
          2,  170,        532,        653,       10.1,        101,       5.05   ,   0.603032
          2,  171,        160,        356,       10.1,        101,       5.05   ,    1.25471
          2,  172,        898,        649,       10.1,        101,       5.05   ,-0.00369905
          2,  173,        671,        352,       10.1,        101,       5.05   ,  -0.625255
          2,  174,        788,        464,       10.1,        101,       5.05   ,  -0.754254
          2,  175,        819,        961,       10.1,        101,       5.05   ,   0.735351
          2,  176,        185,        492,       10.1,        101,       5.05   ,   0.995293
          2,  177,        950,        658,       10.1,        101,       5.05   ,   -1.08582
          2,  178,        630,         88,       10.1,        101,       5.05   ,    1.53984
          2,  179,         85,        184,       10.1,        101,       5.05   ,   -1.46846
          2,  180,        925,        767,       10.1,        101,       5.05   ,   -1.34159
          2,  181,        126,        256,       10.1,        101,       5.05   ,   0.573509
          2,  182,        193,         67,       10.1,        101,       5.05   ,   -1.35747
          2,  183,         24,        847,       10.1,        101,       5.05   ,  0.0720099
          2,  184,        834,        982,       10.1,        101,       5.05   ,   0.223363
          2,  185,        877,        410,       10.1,        101,       5.05   ,    1.55402
          2,  186,        216,        521,       10.1,        101,       5.05   ,   0.293055
          2,  187,        401,        585,       10.1,        101,       5.05   ,   0.965843
          2,  188,        570,        289,       10.1,        101,       5.05   ,  -0.306095
          2,  189,        173,          6,       10.1,        101,       5.05   ,    1.04442
          2,  190,        591,        432,       10.1,        101,       5.05   ,   -1.32071
          2,  191,        364,        567,       10.1,        101,       5.05   ,   0.615994
          2,  192,         64,         92,       10.1,        101,       5.05   ,   -1.09431
          2,  193,         60,        971,       10.1,        101,       5.05   ,  -0.887017
          2,  194,        314,        178,       10.1,        101,       5.05   ,   0.199929
          2,  195,        474,        989,       10.1,        101,       5.05   ,  -0.810969
          2,  196,        643,         57,       10.1,        101,       5.05   ,     1.5552
          2,  197,        189,        906,       10.1,        101,       5.05   ,    1.15944
          2,  198,         21,        902,       10.1,        101,       5.05   ,   -1.20676
          2,  199,        321,        320,       10.1,        101,       5.05   ,   -1.56451
          2,  200,        438,        971,       10.1,        101,       5.05   ,    1.09935
          2,  201,        875,        732,       10.1,        101,       5.05   ,    1.52173
          2,  202,        389,        786,       10.1,        101,       5.05   , -0.0457336
          2,  203,        353,        263,       10.1,        101,       5.05   ,   0.412362
          2,  204,        596,         94,       10.1,        101,       5.05   ,   0.369651
          2,  205,        719,        363,       10.1,        101,       5.05   ,   0.750713
          2,  206,         10,        616,       10.1,        101,       5.05   ,   -0.82215
          2,  207,        591,        420,       10.1,        101,       5.05   , -0.0376176
          2,  208,        336,        148,       10.1,        101,       5.05   ,    1.16195
          2,  209,        836,        992,       10.1,        101,       5.05   ,    1.19988
          2,  210,         36,        895,       10.1,        101,       5.05   ,  -0.706583
          2,  211,        824,        314,       10.1,        101,       5.05   ,    1.38458
          2,  212,        864,        368,       10.1,        101,       5.05   ,  -0.199588
          2,  213,        504,        916,       10.1,        101,       5.05   ,  -0.860442
          2,  214,        470,        537,       10.1,        101,       5.05   ,  -0.312909
          2,  215,        582,        424,       10.1,        101,       5.05   ,   -1.30132
          2,  216,        927,        527,       10.1,        101,       5.05   ,   -1.29877
          2,  217,        185,        653,       10.1,        101,       5.05   ,  -0.367832
          2,  218,        166,        787,       10.1,        101,       5.05   ,  -0.849676
          2,  219,        352,        122,       10.1,        101,       5.05   ,    1.22418
          2,  220,        466,        493,       10.1,        101,       5.05   ,   -1.33748
          2,  221,        997,        750,       10.1,        101,       5.05   ,  -0.873605
          2,  222,        365,        398,       10.1,        101,       5.05   , -0.0943368
          2,  223,         61,        365,       10.1,        101,       5.05   ,   0.863062
          2,  224,         81,        920,       10.1,        101,       5.05   ,  -0.948569
          2,  225,         22,        115,       10.1,        101,       5.05   ,    1.08464
          2,  226,        579,        654,       10.1,        101,       5.05   ,  -0.131884
          2,  227,        181,        864,       10.1,        101,       5.05   ,  -0.997888
          2,  228,        496,        957,       10.1,        101,       5.05   ,    -1.1409
          2,  229,        534,         36,       10.1,        101,       5.05   ,    1.54184
          2,  230,        782,        411,       10.1,        101,       5.05   ,   0.571226
          2,  231,        294,        133,       10.1,        101,       5.05   ,  -0.732022
          2,  232,         59,        694,       10.1,        101,       5.05   ,   -1.51761
          2,  233,        597,          7,       10.1,        101,       5.05   ,    1.54001
          2,  234,        668,        494,       10.1,        101,       5.05   , -0.0288437
          2,  235,        955,         87,       10.1,        101,       5.05   ,    1.31545
          2,  236,        905,        427,       10.1,        101,       5.05   ,   -1.11556
          2,  237,        315,        409,       10.1,        101,       5.05   ,   -0.87141
          2,  238,        413,        199,       10.1,        101,       5.05   ,   -1.15034
          2,  239,        675,        826,       10.1,        101,       5.05   , -0.0418397
          2,  240,        711,        400,       10.1,        101,       5.05   ,     -0.866
          2,  241,        581,        573,       10.1,        101,       5.05   ,   -1.00046
          2,  242,        356,        508,       10.1,        101,       5.05   ,   -1.08213
          2,  243,        389,        633,       10.1,        101,       5.05   ,    1.05264
          2,  244,        686,        626,       10.1,        101,       5.05   ,    1.02569
          2,  245,        368,        348,       10.1,        101,       5.05   ,  0.0643987
          2,  246,        952,        462,       10.1,        101,       5.05   ,   -1.33336
          2,  247,        639,        369,       10.1,        101,       5.05   ,   0.996086
          2,  248,        418,        693,       10.1,        101,       5.05   ,   0.107039
          2,  249,        992,        222,       10.1,        101,       5.05   ,   -1.55736
          2,  250,        660,         13,       10.1,        101,       5.05   ,    1.46394
          2,  251,         59,        102,       10.1,        101,       5.05   ,    1.04149
          2,  252,        820,        982,       10.1,        101,       5.05   , -0.0648938
          2,  253,         53,        380,       10.1,        101,       5.05   ,  -0.827026
          2,  254,        422,         96,       10.1,        101,       5.05   ,   -0.88983
          2,  255,        501,        770,       10.1,        101,       5.05   ,   0.708458
          2,  256,        115,        307,       10.1,        101,       5.05   ,  -0.318304
          2,  257,        210,        774,       10.1,        101,       5.05   ,   0.194532
          2,  258,        882,        586,       10.1,        101,       5.05   ,    1.41664
          2,  259,        562,        740,       10.1,        101,       5.05   ,  -0.750507
          2,  260,        594,        573,       10.1,        101,       5.05   ,  -0.392251
          2,  261,        908,         67,       10.1,        101,       5.05   ,   0.250919
          2,  262,         66,        375,       10.1,        101,       5.05   , -0.0933662
          2,  263,        239,        579,       10.1,        101,       5.05   ,   0.869032
          2,  264,        732,        908,       10.1,        101,       5.05   ,    1.51428
          2,  265,        538,        482,       10.1,        101,       5.05   ,  -0.410337
          2,  266,        713,        469,       10.1,        101,       5.05   ,   0.803944
          2,  267,        550,        425,       10.1,        101,       5.05   ,   0.938605
          2,  268,        790,        439,       10.1,        101,       5.05   ,    1.47638
          2,  269,        318,        653,       10.1,        101,       5.05   ,  -0.694268
          2,  270,         36,        930,       10.1,        101,       5.05   ,   0.502193
          2,  271,        341,        967,       10.1,        101,       5.05   ,    1.24213
          2,  272,        601,        847,       10.1,        101,       5.05   ,    1.42439
          2,  273,         11,        520,       10.1,        101,       5.05   ,  -0.759239
          2,  274,        667,        341,       10.1,        101,       5.05   ,   -1.29696
          2,  275,         12,        943,       10.1,        101,       5.05   ,   0.886927
          2,  276,        234,        340,       10.1,        101,       5.05   ,   0.101994
          2,  277,        342,         95,       10.1,        101,       5.05   ,  0.0238805
          2,  278,        353,         48,       10.1,        101,       5.05   ,   -1.51805
          2,  279,        538,        450,       10.1,        101,       5.05   ,    -1.1925
          2,  280,        560,        611,       10.1,        101,       5.05   ,   0.326762
          2,  281,        265,        866,       10.1,        101,       5.05   ,   0.547601
          2,  282,        330,        383,       10.1,        101,       5.05   ,  -0.549802
          2,  283,        503,        989,       10.1,        101,       5.05   ,  -0.788993
          2,  284,        954,        785,       10.1,        101,       5.05   ,   0.523936
          2,  285,        308,        701,       10.1,        101,       5.05   ,  0.0887529
          2,  286,        661,        306,       10.1,        101,       5.05   ,   0.814427
          2,  287,        513,         96,       10.1,        101,       5.05   ,   0.938508
          2,  288,        452,        131,       10.1,        101,       5.05   ,    1.13289
          2,  289,        809,        658,       10.1,        101,       5.05   ,  -0.604667
          2,  290,        899,        987,       10.1,        101,       5.05   , 0.00401069
          2,  291,        347,        654,       10.1,        101,       5.05   ,  0.0989014
          2,  292,        263,        439,       10.1,        101,       5.05   ,    1.26083
          2,  293,        190,        362,       10.1,        101,       5.05   ,   -1.56966
          2,  294,        767,        960,       10.1,        101,       5.05   ,   -1.29339
          2,  295,        910,        230,       10.1,        101,       5.05   ,  -0.607447
          2,  296,        377,        140,       10.1,        101,       5.05   ,   0.245541
          2,  297,        798,        626,       10.1,        101,       5.05   ,  -0.133566
          2,  298,        707,        302,       10.1,        101,       5.05   ,  -0.843471
          2,  299,        844,        742,       10.1,        101,       5.05   ,    0.96488
          2,  300,        220,         68,       10.1,        101,       5.05   ,   -1.52737
          2,  301,        715,         36,       10.1,        101,       5.05   ,  -0.914959
          2,  302,        101,        811,       10.1,        101,       5.05   ,   0.591155
          2,  303,        182,        351,       10.1,        101,       5.05   ,   -1.33236
          2,  304,         66,        845,       10.1,        101,       5.05   ,   0.485942
          2,  305,        739,        761,       10.1,        101,       5.05   ,    0.53722
          2,  306,        124,        516,       10.1,        101,       5.05   ,  -0.649166
          2,  307,        859,        186,       10.1,        101,       5.05   ,    0.29237
          2,  308,        533,        949,       10.1,        101,       5.05   ,    1.03487
          2,  309,          7,        649,       10.1,        101,       5.05   ,    1.20912
          2,  310,        796,        784,       10.1,        101,       5.05   ,    1.00542
          2,  311,        485,        228,       10.1,        101,       5.05   ,   0.845312
          2,  312,        308,        470,       10.1,        101,       5.05   ,  0.0482539
          2,  313,        658,        809,       10.1,        101,       5.05   ,     -1.492
          2,  314,        110,          8,       10.1,        101,       5.05   ,   -1.35144
          2,  315,        858,        445,       10.1,        101,       5.05   ,  -0.774834
          2,  316,        948,        212,       10.1,        101,       5.05   ,   -1.07805
          2,  317,         72,        619,       10.1,        101,       5.05   ,  -0.601555
          2,  318,        928,        398,       10.1,        101,       5.05   ,    1.52118
          2,  319,        771,        235,       10.1,        101,       5.05   ,  -0.554293
          2,  320,        462,        550,       10.1,        101,       5.05   ,   0.200101
          2,  321,         63,        610,       10.1,        101,       5.05   ,  -0.383322
          2,  322,         73,        398,       10.1,        101,       5.05   ,  -0.683995
          2,  323,        490,        224,       10.1,        101,       5.05   ,   0.123839
          2,  324,        867,        573,       10.1,        101,       5.05   , -0.0322874
          2,  325,        591,        663,       10.1,        101,       5.05   ,  -0.845011
          2,  326,        962,        181,       10.1,        101,       5.05   ,  0.0418012
          2,  327,         60,        145,       10.1,        101,       5.05   ,  -0.432948
          2,  328,        815,        179,       10.1,        101,       5.05   ,   0.750043
          2,  329,        945,        709,       10.1,        101,       5.05   ,   0.726549
          2,  330,         21,        159,       10.1,        101,       5.05   ,   -1.24604
          2,  331,        330,        266,       10.1,        101,       5.05   ,  -0.667308
          2,  332,        103,        164,       10.1,        101,       5.05   ,   0.374059
          2,  333,        898,         79,       10.1,        101,       5.05   , -0.0735076
          2,  334,        515,        735,       10.1,        101,       5.05   , -0.0357976
          2,  335,        341,        569,       10.1,        101,       5.05   ,  -0.469417
          2,  336,          1,        682,       10.1,        101,       5.05   ,  -0.696486
          2,  337,        217,        259,       10.1,        101,       5.05   ,    1.47843
          2,  338,        965,        974,       10.1,        101,       5.05   ,   -1.05473
          2,  339,        972,        922,       10.1,        101,       5.05   ,    1.20809
          2,  340,        955,        613,       10.1,        101,       5.05   ,   0.415317
          2,  341,        596,        862,       10.1,        101,       5.05   ,   -1.30699
          2,  342,         24,        593,       10.1,        101,       5.05   ,   -1.28451
          2,  343,        882,        343,       10.1,        101,       5.05   ,    1.41714
          2,  344,         57,        462,       10.1,        101,       5.05   ,   0.179852
          2,  345,        342,        609,       10.1,        101,       5.05   ,  -0.983314
          2,  346,        673,        395,       10.1,        101,       5.05   ,   0.672219
          2,  347,        634,        780,       10.1,        101,       5.05   ,   0.502851
          2,  348,        377,        524,       10.1,        101,       5.05   ,    1.29592
          2,  349,        992,        614,       10.1,        101,       5.05   ,    0.58859
          2,  350,        649,        937,       10.1,        101,       5.05   ,  -0.324416
          2,  351,        459,        524,       10.1,        101,       5.05   ,  -0.812778
          2,  352,        306,        972,       10.1,        101,       5.05   ,  -0.960009
          2,  353,        500,        396,       10.1,        101,       5.05   ,   -0.19597
          2,  354,        673,        966,       10.1,        101,       5.05   ,    1.50166
          2,  355,        851,        113,       10.1,        101,       5.05   ,   0.702703
          2,  356,        470,        832,       10.1,        101,       5.05   ,  -0.204245
          2,  357,        616,        986,       10.1,        101,       5.05   ,   -1.43002
          2,  358,        490,        698,       10.1,        101,       5.05   ,   -1.18214
          2,  359,        666,        913,       10.1,        101,       5.05   ,   0.714731
          2,  360,        235,        982,       10.1,        101,       5.05   ,  0.0797126
          2,  361,        969,        574,       10.1,        101,       5.05   ,    -0.6755
          2,  362,         68,        478,       10.1,        101,       5.05   ,  -0.831706
          2,  363,        492,        843,       10.1,        101,       5.05   ,   -1.08391
          2,  364,         39,        633,       10.1,        101,       5.05   ,  -0.964508
          2,  365,        433,        175,       10.1,        101,       5.05   ,  -0.026724
          2,  366,         33,        939,       10.1,        101,       5.05   ,  -0.117511
          2,  367,        312,        145,       10.1,        101,       5.05   ,   0.675035
          2,  368,        102,        517,       10.1,        101,       5.05   , -0.0994422
          2,  369,        533,        863,       10.1,        101,       5.05   ,   0.613626
          2,  370,        903,        263,       10.1,        101,       5.05   ,  -0.440089
          2,  371,        646,        101,       10.1,        101,       5.05   ,  0.0432667
          2,  372,        239,        720,       10.1,        101,       5.05   ,   -1.16939
          2,  373,        506,        235,       10.1,        101,       5.05   ,   0.428235
          2,  374,        281,        340,       10.1,        101,       5.05   ,   -1.24515
          2,  375,        829,        884,       10.1,        101,       5.05   ,    1.30694
          2,  376,        670,        410,       10.1,        101,       5.05   ,   -0.76917
          2,  377,        798,         79,       10.1,        101,       5.05   ,   -1.01381
          2,  378,        867,        995,       10.1,        101,       5.05   ,    1.51825
          2,  379,        110,        494,       10.1,        101,       5.05   ,   -1.02193
          2,  380,        272,        958,       10.1,        101,       5.05   ,  -0.247972
          2,  381,        901,        761,       10.1,        101,       5.05   ,   0.385065
          2,  382,        755,        602,       10.1,        101,       5.05   ,  -0.590801
          2,  383,        131,        818,       10.1,        101,       5.05   ,   0.712138
          2,  384,         75,        527,       10.1,        101,       5.05   ,   -0.98019
          2,  385,        568,        764,       10.1,        101,       5.05   ,  -0.140139
          2,  386,        786,        375,       10.1,        101,       5.05   ,    1.03852
          2,  387,        617,        582,       10.1,        101,       5.05   ,     1.3149
          2,  388,        553,        548,       10.1,        101,       5.05   ,  -0.139245
          2,  389,        966,        615,       10.1,        101,       5.05   ,   0.634248
          2,  390,        325,        262,       10.1,        101,       5.05   ,  -0.936302
          2,  391,        694,         76,       10.1,        101,       5.05   ,    1.47998
          2,  392,        552,        998,       10.1,        101,       5.05   ,    1.44593
          2,  393,        861,        686,       10.1,        101,       5.05   ,  -0.641395
          2,  394,        414,        191,       10.1,        101,       5.05   ,   0.504302
          2,  395,        308,        912,       10.1,        101,       5.05   ,-0.00363507
          2,  396,        717,          4,       10.1,        101,       5.05   ,  -0.944069
          2,  397,        704,        816,       10.1,        101,       5.05   ,   0.432825
          2,  398,        599,         68,       10.1,        101,       5.05   ,  0.0932099
          2,  399,        867,        693,       10.1,        101,       5.05   ,  -0.541713
          2,  400,        141,        234,       10.1,        101,       5.05   ,    1.55888
          2,  401,        511,        194,       10.1,        101,       5.05   ,     0.2351
          2,  402,        280,        627,       10.1,        101,       5.05   ,   0.358455
          2,  403,        923,        788,       10.1,        101,       5.05   ,  -0.708211
          2,  404,        445,        128,       10.1,        101,       5.05   ,    1.39585
          2,  405,        548,        653,       10.1,        101,       5.05   ,  -0.219107
          2,  406,        230,        305,       10.1,        101,       5.05   ,    1.20334
          2,  407,        212,        474,       10.1,        101,       5.05   ,    1.14852
          2,  408,        800,        981,       10.1,        101,       5.05   ,    1.07966
          2,  409,        582,        545,       10.1,        101,       5.05   ,  -0.598422
          2,  410,        292,        381,       10.1,        101,       5.05   ,    -0.2966
          2,  411,        771,        676,       10.1,        101,       5.05   ,   -1.11946
          2,  412,        406,        663,       10.1,        101,       5.05   ,   -1.50249
          2,  413,        750,        929,       10.1,        101,       5.05   ,  -0.491504
          2,  414,        615,        136,       10.1,        101,       5.05   ,   -1.32154
          2,  415,        883,        714,       10.1,        101,       5.05   ,   -1.51749
          2,  416,        565,        611,       10.1,        101,       5.05   ,   0.518017
          2,  417,         81,        707,       10.1,        101,       5.05   ,   0.808647
          2,  418,        499,        415,       10.1,        101,       5.05   , -0.0473345
          2,  419,        385,        576,       10.1,        101,       5.05   ,   0.375815
          2,  420,        504,        200,       10.1,        101,       5.05   , -0.0414853
          2,  421,        625,        670,       10.1,        101,       5.05   ,   0.661368
          2,  422,        410,        390,       10.1,        101,       5.05   ,   0.797897
          2,  423,         15,        641,       10.1,        101,       5.05   ,   -0.25941
          2,  424,        667,        910,       10.1,        101,       5.05   ,  -0.198075
          2,  425,        696,        597,       10.1,        101,       5.05   ,     1.0147
          2,  426,        339,        284,       10.1,        101,       5.05   ,  -0.785459
          2,  427,        236,        501,       10.1,        101,       5.05   ,  -0.080232
          2,  428,        487,        614,       10.1,        101,       5.05   ,    0.14692
          2,  429,        905,        301,       10.1,        101,       5.05   ,   0.810295
          2,  430,        564,        133,       10.1,        101,       5.05   ,    -1.4089
          2,  431,        172,        114,       10.1,        101,       5.05   ,    1.08009
          2,  432,        519,        830,       10.1,        101,       5.05   ,   0.886764
          2,  433,        729,        776,       10.1,        101,       5.05   ,  -0.598724
          2,  434,        247,        914,       10.1,        101,       5.05   ,    1.51949
          2,  435,        832,        589,       10.1,        101,       5.05   ,    1.53327
          2,  436,        625,         49,       10.1,        101,       5.05   ,   0.242121
          2,  437,        381,        253,       10.1,        101,       5.05   ,  -0.541828
          2,  438,        414,        840,       10.1,        101,       5.05   ,    1.24162
          2,  439,        463,        101,       10.1,        101,       5.05   ,   0.975756
          2,  440,        611,        299,       10.1,        101,       5.05   ,    0.96075
          2,  441,        263,        568,       10.1,        101,       5.05   ,   0.978986
          2,  442,        588,         45,       10.1,        101,       5.05   , -0.0965435
          2,  443,        759,        628,       10.1,        101,       5.05   ,  0.0384045
          2,  444,         87,        694,       10.1,        101,       5.05   ,  -0.344003
          2,  445,          9,        187,       10.1,        101,       5.05   ,   -1.22956
          2,  446,        305,         74,       10.1,        101,       5.05   ,   0.638331
          2,  447,        942,        964,       10.1,        101,       5.05   ,  -0.723814
          2,  448,        894,        211,       10.1,        101,       5.05   ,  -0.348297
          2,  449,        608,        734,       10.1,        101,       5.05   ,  -0.619666
          2,  450,        652,          3,       10.1,        101,       5.05   ,  -0.877153
          2,  451,        388,        400,       10.1,        101,       5.05   ,  -0.894594
          2,  452,         88,        669,       10.1,        101,       5.05   ,  -0.889112
          2,  453,        865,        144,       10.1,        101,       5.05   ,  -0.563321
          2,  454,         44,        864,       10.1,        101,       5.05   ,  -0.773519
          2,  455,        576,        370,       10.1,        101,       5.05   ,   0.919315
          2,  456,        242,        663,       10.1,        101,       5.05   ,  0.0622607
          2,  457,        246,        992,       10.1,        101,       5.05   ,    -0.2672
          2,  458,        416,        398,       10.1,        101,       5.05   ,   0.195458
          2,  459,        152,        655,       10.1,        101,       5.05   ,  -0.825591
          2,  460,         53,        656,       10.1,        101,       5.05   ,   0.846943
          2,  461,        825,        846,       10.1,        101,       5.05   ,    1.18055
          2,  462,        503,        185,       10.1,        101,       5.05   ,   -1.01119
          2,  463,        304,        258,       10.1,        101,       5.05   , -0.0266839
          2,  464,        147,        486,       10.1,        101,       5.05   ,   0.347063
          2,  465,        179,        874,       10.1,        101,       5.05   ,    1.06664
          2,  466,        106,        944,       10.1,        101,       5.05   ,   0.142578
          2,  467,        557,        352,       10.1,        101,       5.05   ,  -0.752724
          2,  468,        584,        809,       10.1,        101,       5.05   ,   0.780465
          2,  469,        822,        628,       10.1,        101,       5.05   ,  -0.850737
          2,  470,        473,        744,       10.1,        101,       5.05   ,     1.2258
          2,  471,        777,        727,       10.1,        101,       5.05   ,  0.0393404
          2,  472,        497,        170,       10.1,        101,       5.05   ,   -1.41687
          2,  473,        727,         63,       10.1,        101,       5.05   ,   0.258059
          2,  474,        134,        990,       10.1,        101,       5.05   ,    1.43515
          2,  475,        648,        407,       10.1,        101,       5.05   ,    0.61875
          2,  476,        887,        451,       10.1,        101,       5.05   , 0.00875761
          2,  477,         26,        750,       10.1,        101,       5.05   ,     1.2972
          2,  478,        362,          1,       10.1,        101,       5.05   ,    1.26927
          2,  479,        559,        564,       10.1,        101,       5.05   ,   0.123046
          2,  480,        469,        495,       10.1,        101,       5.05   ,   0.249275
          2,  481,         85,        863,       10.1,        101,       5.05   ,  -0.545822
          2,  482,        614,        911,       10.1,        101,       5.05   ,   0.601777
          2,  483,        223,        202,       10.1,        101,       5.05   ,   0.406202
          2,  484,        536,        607,       10.1,        101,       5.05   ,   -1.53539
          2,  485,        454,        767,       10.1,        101,       5.05   ,    1.56858
          2,  486,         82,        486,       10.1,        101,       5.05   ,    1.10796
          2,  487,        109,        547,       10.1,        101,       5.05   ,   0.545366
          2,  488,        763,        584,       10.1,        101,       5.05   ,  -0.516536
          2,  489,        175,        178,       10.1,        101,       5.05   ,    1.05196
          2,  490,        286,        723,       10.1,        101,       5.05   , -0.0366228
          2,  491,        123,        475,       10.1,        101,       5.05   ,   -1.25452
          2,  492,        310,        114,       10.1,        101,       5.05   ,   0.292398
          2,  493,        122,        424,       10.1,        101,       5.05   ,   -1.50044
          2,  494,        275,        433,       10.1,        101,       5.05   ,   -1.06255
          2,  495,        217,        590,       10.1,        101,       5.05   ,   0.927088
          2,  496,        560,        534,       10.1,        101,       5.05   ,   0.135443
          2,  497,        692,        852,       10.1,        101,       5.05   ,  -0.656623
          2,  498,        748,         74,       10.1,        101,       5.05   ,    1.24565
          2,  499,        645,        285,       10.1,        101,       5.05   ,  -0.802173
          2,  500,        497,        114,       10.1,        101,       5.05   ,    1.56974
          2,  501,        687,        380,       10.1,        101,       5.05   ,  -0.227156
          2,  502,        879,        600,       10.1,        101,       5.05   ,   0.116034
          2,  503,        477,        766,       10.1,        101,       5.05   ,   0.160213
          2,  504,        976,        596,       10.1,        101,       5.05   ,   -1.01863
          2,  505,        150,        415,       10.1,        101,       5.05   ,  -0.618169
          2,  506,        244,        488,       10.1,        101,       5.05   ,    1.22031
          2,  507,        464,        557,       10.1,        101,       5.05   ,  -0.411014
          2,  508,        349,        456,       10.1,        101,       5.05   ,     -0.361
          2,  509,        560,        430,       10.1,        101,       5.05   ,   -1.48955
          2,  510,        657,        561,       10.1,        101,       5.05   ,  0.0270548
          2,  511,          9,        721,       10.1,        101,       5.05   ,   0.686047
          2,  512,        287,        671,       10.1,        101,       5.05   ,  0.0385044
          2,  513,        981,        124,       10.1,        101,       5.05   ,   0.895792
          2,  514,        799,        923,       10.1,        101,       5.05   ,  -0.861137
          2,  515,        317,        437,       10.1,        101,       5.05   ,  0.0435888
          2,  516,        551,        222,       10.1,        101,       5.05   ,   0.761403
          2,  517,        584,        788,       10.1,        101,       5.05   ,   0.333965
          2,  518,         62,        536,       10.1,        101,       5.05   ,   -1.56998
          2,  519,        372,        179,       10.1,        101,       5.05   ,  -0.637029
          2,  520,        576,        885,       10.1,        101,       5.05   ,   -1.15632
          2,  521,        996,        153,       10.1,        101,       5.05   ,   0.247786
          2,  522,        466,        977,       10.1,        101,       5.05   ,  -0.676292
          2,  523,        723,        336,       10.1,        101,       5.05   ,   0.689536
          2,  524,        998,        605,       10.1,        101,       5.05   ,  -0.132708
          2,  525,        819,        389,       10.1,        101,       5.05   ,    0.87521
          2,  526,        224,        890,       10.1,        101,       5.05   , -0.0472646
          2,  527,         98,        677,       10.1,        101,       5.05   ,   0.666492
          2,  528,        222,         18,       10.1,        101,       5.05   ,  -0.806785
          2,  529,        481,        810,       10.1,        101,       5.05   , 0.00893611
          2,  530,        994,        224,       10.1,        101,       5.05   ,   0.561618
          2,  531,        399,        341,       10.1,        101,       5.05   ,   0.628623
          2,  532,        139,        921,       10.1,        101,       5.05   ,  -0.920924
          2,  533,        102,        825,       10.1,        101,       5.05   ,   -0.73738
          2,  534,        500,        886,       10.1,        101,       5.05   ,  -0.637785
          2,  535,         30,        393,       10.1,        101,       5.05   ,    1.42401
          2,  536,        867,        956,       10.1,        101,       5.05   ,  -0.761944
          2,  537,        624,        345,       10.1,        101,       5.05   ,   -1.37685
          2,  538,        163,        153,       10.1,        101,       5.05   ,  -0.226151
          2,  539,        337,        402,       10.1,        101,       5.05   ,   0.464194
          2,  540,        968,        494,       10.1,        101,       5.05   ,    1.28639
          2,  541,        977,        729,       10.1,        101,       5.05   ,   0.241628
          2,  542,        515,        554,       10.1,        101,       5.05   ,  -0.731847
          2,  543,        638,        463,       10.1,        101,       5.05   ,  0.0896224
          2,  544,        735,        343,       10.1,        101,       5.05   ,   0.338444
          2,  545,        355,        569,       10.1,        101,       5.05   ,   -1.48975
          2,  546,        294,        532,       10.1,        101,       5.05   ,    0.35645
          2,  547,        236,        346,       10.1,        101,       5.05   ,   0.531865
          2,  548,         80,        512,       10.1,        101,       5.05   ,   0.430205
          2,  549,        212,        764,       10.1,        101,       5.05   ,  -0.422489
          2,  550,        852,        351,       10.1,        101,       5.05   ,    1.49595
          2,  551,        975,        303,       10.1,        101,       5.05   ,   0.621287
          2,  552,        806,        280,       10.1,        101,       5.05   ,  -0.572019
          2,  553,        391,        294,       10.1,        101,       5.05   ,   -1.48054
          2,  554,        373,        701,       10.1,        101,       5.05   ,    1.51924
          2,  555,        394,        547,       10.1,        101,       5.05   ,  -0.722774
          2,  556,        760,         94,       10.1,        101,       5.05   ,    1.46551
          2,  557,        984,        724,       10.1,        101,       5.05   ,   -1.37755
          2,  558,        730,        656,       10.1,        101,       5.05   ,   -1.40379
          2,  559,        769,        419,       10.1,        101,       5.05   , 0.00192671
          2,  560,        146,        101,       10.1,        101,       5.05   ,  -0.328794
          2,  561,        659,        395,       10.1,        101,       5.05   ,    1.15312
          2,  562,        196,        459,       10.1,        101,       5.05   ,   0.195018
          2,  563,        644,        594,       10.1,        101,       5.05   ,  -0.844614
          2,  564,        471,        715,       10.1,        101,       5.05   ,    -1.5583
          2,  565,        806,        189,       10.1,        101,       5.05   ,  -0.980938
          2,  566,        608,        580,       10.1,        101,       5.05   ,  -0.567602
          2,  567,        960,         89,       10.1,        101,       5.05   ,    -0.9891
          2,  568,        203,        870,       10.1,        101,       5.05   ,   0.152829
          2,  569,        149,        494,       10.1,        101,       5.05   ,   0.967997
          2,  570,        855,        958,       10.1,        101,       5.05   ,  -0.707076
          2,  571,        347,        332,       10.1,        101,       5.05   ,    1.11798
          2,  572,        931,         76,       10.1,        101,       5.05   ,  -0.254994
          2,  573,        834,        436,       10.1,        101,       5.05   ,  -0.208459
          2,  574,        856,        732,       10.1,        101,       5.05   ,   -1.26192
          2,  575,        862,        611,       10.1,        101,       5.05   ,  -0.895747
          2,  576,        916,        310,       10.1,        101,       5.05   ,    0.90318
          2,  577,        712,        264,       10.1,        101,       5.05   ,   0.334203
          2,  578,        657,        307,       10.1,        101,       5.05   ,   0.897725
          2,  579,        514,        820,       10.1,        101,       5.05   , -0.0170459
          2,  580,        854,        836,       10.1,        101,       5.05   ,    1.26428
          2,  581,         72,        345,       10.1,        101,       5.05   ,   0.262626
          2,  582,         61,        415,       10.1,        101,       5.05   ,   0.209021
          2,  583,        120,        246,       10.1,        101,       5.05   ,  -0.272545
          2,  584,        436,        821,       10.1,        101,       5.05   ,   -1.17667
          2,  585,        654,        350,       10.1,        101,       5.05   ,   0.713728
          2,  586,        185,         41,       10.1,        101,       5.05   ,   0.429154
          2,  587,        576,        118,       10.1,        101,       5.05   ,  -0.689222
          2,  588,        937,        190,       10.1,        101,       5.05   ,   -1.12714
          2,  589,        392,        558,       10.1,        101,       5.05   ,    -1.3198
          2,  590,          5,        510,       10.1,        101,       5.05   ,  -0.525857
          2,  591,        991,         23,       10.1,        101,       5.05   ,    1.38849
          2,  592,        381,        398,       10.1,        101,       5.05   ,  -0.625763
          2,  593,        554,        637,       10.1,        101,       5.05   ,   -0.76852
          2,  594,        465,        288,       10.1,        101,       5.05   ,  -0.823761
          2,  595,        863,         24,       10.1,        101,       5.05   ,  -0.150753
          2,  596,        348,        603,       10.1,        101,       5.05   ,  -0.831455
          2,  597,        339,        204,       10.1,        101,       5.05   ,    1.23044
          2,  598,        198,        814,       10.1,        101,       5.05   ,   0.362042
          2,  599,         62,        510,       10.1,        101,       5.05   ,    1.15782
          2,  600,        841,        814,       10.1,        101,       5.05   ,   -1.01722
          2,  601,        996,        694,       10.1,        101,       5.05   ,   -1.51068
          2,  602,        448,        251,       10.1,        101,       5.05   ,   -1.02274
          2,  603,        801,        669,       10.1,        101,       5.05   ,    1.17004
          2,  604,        430,        818,       10.1,        101,       5.05   ,    1.36068
          2,  605,        266,        631,       10.1,        101,       5.05   ,   0.434241
          2,  606,        356,        824,       10.1,        101,       5.05   ,  0.0973716
          2,  607,        783,        495,       10.1,        101,       5.05   ,   -1.16843
          2,  608,         82,        492,       10.1,        101,       5.05   ,    1.32774
          2,  609,         40,        754,       10.1,        101,       5.05   ,   0.916324
          2,  610,         21,        992,       10.1,        101,       5.05   ,  -0.450862
          2,  611,        464,        867,       10.1,        101,       5.05   ,   -1.25353
          2,  612,        367,         23,       10.1,        101,       5.05   ,   -1.39501
          2,  613,        247,        779,       10.1,        101,       5.05   ,   -1.30866
          2,  614,        210,        203,       10.1,        101,       5.05   ,   -1.23104
          2,  615,        947,        203,       10.1,        101,       5.05   ,  -0.760333
          2,  616,         17,        845,       10.1,        101,       5.05   ,   0.209483
          2,  617,        739,        453,       10.1,        101,       5.05   ,   0.184652
          2,  618,        800,         15,       10.1,        101,       5.05   ,   -1.52684
          2,  619,         70,         32,       10.1,        101,       5.05   ,   -0.41388
          2,  620,        408,        625,       10.1,        101,       5.05   ,   0.941171
          2,  621,        831,        451,       10.1,        101,       5.05   ,  -0.819016
          2,  622,        287,        927,       10.1,        101,       5.05   ,   0.217884
          2,  623,        974,        850,       10.1,        101,       5.05   ,   -1.51121
          2,  624,        256,        352,       10.1,        101,       5.05   ,   0.351498
          2,  625,        558,        463,       10.1,        101,       5.05   ,   -1.40513
          2,  626,         73,        996,       10.1,        101,       5.05   ,    1.03577
          2,  627,        519,        405,       10.1,        101,       5.05   ,    1.56958
          2,  628,        606,        271,       10.1,        101,       5.05   ,   0.976185
          2,  629,        861,        744,       10.1,        101,       5.05   ,    1.38778
          2,  630,        626,        356,       10.1,        101,       5.05   ,   0.257363
          2,  631,        274,        834,       10.1,        101,       5.05   ,    1.05911
          2,  632,        903,        938,       10.1,        101,       5.05   ,   0.604586
          2,  633,        158,        550,       10.1,        101,       5.05   ,    1.24947
          2,  634,        938,        765,       10.1,        101,       5.05   ,   0.203943
          2,  635,         96,        742,       10.1,        101,       5.05   ,    1.22823
          2,  636,        473,        446,       10.1,        101,       5.05   ,  -0.605091
          2,  637,        474,        133,       10.1,        101,       5.05   ,   0.805203
          2,  638,        577,        294,       10.1,        101,       5.05   ,   -1.39464
          2,  639,        547,        411,       10.1,        101,       5.05   ,   0.582457
          2,  640,        468,        538,       10.1,        101,       5.05   ,  -0.735828
          2,  641,        297,        285,       10.1,        101,       5.05   ,  -0.246109
          2,  642,        168,        134,       10.1,        101,       5.05   ,   0.209959
          2,  643,        810,         60,       10.1,        101,       5.05   ,  -0.600523
          2,  644,        503,         57,       10.1,        101,       5.05   ,    1.25872
          2,  645,        260,        117,       10.1,        101,       5.05   ,   0.246881
          2,  646,        224,        230,       10.1,        101,       5.05   ,   0.204004
          2,  647,        472,        434,       10.1,        101,       5.05   ,   0.542383
          2,  648,        860,        905,       10.1,        101,       5.05   ,    1.39252
          2,  649,        489,        894,       10.1,        101,       5.05   ,    -1.0325
          2,  650,        923,        421,       10.1,        101,       5.05   ,  -0.923615
          2,  651,        558,        941,       10.1,        101,       5.05   ,   0.119566
          2,  652,        845,        897,       10.1,        101,       5.05   ,  -0.556874
          2,  653,        847,        872,       10.1,        101,       5.05   ,  -0.897995
          2,  654,        595,        509,       10.1,        101,       5.05   ,    1.17594
          2,  655,        769,         19,       10.1,        101,       5.05   ,   0.361804
          2,  656,        235,        139,       10.1,        101,       5.05   ,  -0.329779
          2,  657,        864,        679,       10.1,        101,       5.05   ,  0.0533229
------------------------------------------------------------------------------
Component[2] Total Sloped Parallelepiped = 657
Component[2] Real area in [1000x1000]= 0.323649%=
------------------------------------------------------------------------------
