Component 1 maximum area=0.326731 [on 1000x1000]
Component type: Ellipse
---------------------------------------------------------------------------------------
--------------|------- Center-----|----- dimensions---------|----------------------
component| id|    X       |     Y      |  Width/a     | height/b |   hoop   |   Slope   
---------------------------------------------------------------------------------------
          1,    1,        370,        462,       50.5,       50.5,      2.525   ,   -1.42702
          1,    2,        299,        528,       50.5,       50.5,      2.525   ,   -1.25776
          1,    3,        806,        527,       50.5,       50.5,      2.525   ,   0.328478
          1,    4,        835,        670,       50.5,       50.5,      2.525   ,   -0.27066
          1,    5,        521,        385,       50.5,       50.5,      2.525   ,  -0.339162
          1,    6,        800,        831,       50.5,       50.5,      2.525   ,    1.27834
          1,    7,        849,        582,       50.5,       50.5,      2.525   ,    1.31394
          1,    8,        851,        473,       50.5,       50.5,      2.525   ,   -1.12701
          1,    9,        469,        500,       50.5,       50.5,      2.525   ,   0.858028
          1,   10,        283,        683,       50.5,       50.5,      2.525   ,    1.01113
          1,   11,        433,        631,       50.5,       50.5,      2.525   ,    1.02095
          1,   12,        885,        111,       50.5,       50.5,      2.525   ,   0.535713
          1,   13,        701,        395,       50.5,       50.5,      2.525   ,   0.416315
          1,   14,        367,        827,       50.5,       50.5,      2.525   ,  -0.570344
          1,   15,        192,        981,       50.5,       50.5,      2.525   ,    1.20984
          1,   16,        422,        291,       50.5,       50.5,      2.525   ,   0.484808
          1,   17,        884,        879,       50.5,       50.5,      2.525   ,  0.0958523
          1,   18,         79,        502,       50.5,       50.5,      2.525   ,    0.74429
          1,   19,        556,          7,       50.5,       50.5,      2.525   ,   0.327655
          1,   20,        146,        660,       50.5,       50.5,      2.525   ,  -0.374759
          1,   21,        741,        496,       50.5,       50.5,      2.525   ,    1.16519
          1,   22,        320,        422,       50.5,       50.5,      2.525   ,  -0.642366
          1,   23,        473,        886,       50.5,       50.5,      2.525   ,  -0.972806
          1,   24,        847,         33,       50.5,       50.5,      2.525   ,   0.550395
          1,   25,         20,        854,       50.5,       50.5,      2.525   ,   0.744723
          1,   26,        268,        118,       50.5,       50.5,      2.525   ,  -0.260221
          1,   27,        743,        456,       50.5,       50.5,      2.525   ,   -1.22557
          1,   28,        416,        233,       50.5,       50.5,      2.525   ,   -1.18315
          1,   29,        741,         57,       50.5,       50.5,      2.525   ,      1.087
          1,   30,         30,        800,       50.5,       50.5,      2.525   ,  -0.167606
          1,   31,        817,        862,       50.5,       50.5,      2.525   ,    1.45582
          1,   32,        501,        876,       50.5,       50.5,      2.525   ,  -0.309433
          1,   33,        538,        461,       50.5,       50.5,      2.525   , -0.0865045
          1,   34,        912,        992,       50.5,       50.5,      2.525   ,   -1.04704
          1,   35,        627,        204,       50.5,       50.5,      2.525   ,   0.888748
          1,   36,        632,        820,       50.5,       50.5,      2.525   ,    1.52361
          1,   37,        318,         25,       50.5,       50.5,      2.525   ,   0.367828
          1,   38,        347,        183,       50.5,       50.5,      2.525   ,   0.930194
          1,   39,        308,        428,       50.5,       50.5,      2.525   ,  -0.438881
          1,   40,        473,        719,       50.5,       50.5,      2.525   ,   0.816805
          1,   41,        700,        831,       50.5,       50.5,      2.525   ,  -0.343953
          1,   42,        529,        227,       50.5,       50.5,      2.525   ,    0.59179
          1,   43,        668,        192,       50.5,       50.5,      2.525   ,  0.0599273
          1,   44,        352,        801,       50.5,       50.5,      2.525   ,  -0.955979
          1,   45,        779,        208,       50.5,       50.5,      2.525   ,   0.169215
          1,   46,        912,        463,       50.5,       50.5,      2.525   ,   -1.39416
          1,   47,        603,         57,       50.5,       50.5,      2.525   ,    1.36447
          1,   48,        684,        613,       50.5,       50.5,      2.525   ,  -0.609102
          1,   49,        592,        614,       50.5,       50.5,      2.525   ,  -0.314261
------------------------------------------------------------------------------
Component[1] Total Ellipsoids = 49