Component 1 maximum area=0.326731 [on 1000x1000]
Component type: Ellipse
---------------------------------------------------------------------------------------
--------------|------- Center-----|----- dimensions---------|----------------------
component| id|    X       |     Y      |  Width/a     | height/b |   hoop   |   Slope   
---------------------------------------------------------------------------------------
          1,    1,        187,        335,       50.5,       50.5,      2.525   ,    1.24547
          1,    2,        537,        344,       50.5,       50.5,      2.525   ,   -1.34818
          1,    3,        793,        200,       50.5,       50.5,      2.525   ,   -1.42349
          1,    4,        700,        630,       50.5,       50.5,      2.525   ,  0.0575183
          1,    5,        661,        644,       50.5,       50.5,      2.525   ,   -1.55285
          1,    6,        398,        573,       50.5,       50.5,      2.525   ,     1.4502
          1,    7,        114,        165,       50.5,       50.5,      2.525   ,    1.26704
          1,    8,        504,        420,       50.5,       50.5,      2.525   ,   -1.28108
          1,    9,        735,        623,       50.5,       50.5,      2.525   ,   0.549725
          1,   10,         34,        405,       50.5,       50.5,      2.525   ,    1.53553
          1,   11,        762,        704,       50.5,       50.5,      2.525   ,    1.40756
          1,   12,        416,        725,       50.5,       50.5,      2.525   ,   -1.14216
          1,   13,        591,        977,       50.5,       50.5,      2.525   ,     1.3202
          1,   14,        920,        572,       50.5,       50.5,      2.525   ,   -1.03983
          1,   15,        307,        143,       50.5,       50.5,      2.525   ,    -1.3729
          1,   16,        189,        719,       50.5,       50.5,      2.525   ,   0.299776
          1,   17,        144,        262,       50.5,       50.5,      2.525   ,    1.29054
          1,   18,        180,        262,       50.5,       50.5,      2.525   ,    -1.4948
          1,   19,        423,        980,       50.5,       50.5,      2.525   ,   0.663095
          1,   20,        143,        225,       50.5,       50.5,      2.525   ,  -0.408461
          1,   21,        743,         43,       50.5,       50.5,      2.525   ,  -0.298518
          1,   22,        816,        978,       50.5,       50.5,      2.525   ,-0.00630411
          1,   23,        623,        164,       50.5,       50.5,      2.525   ,  -0.699859
          1,   24,        407,        836,       50.5,       50.5,      2.525   ,  -0.857946
          1,   25,        240,        653,       50.5,       50.5,      2.525   ,   -1.13707
          1,   26,         87,        553,       50.5,       50.5,      2.525   ,    1.39015
          1,   27,        381,         28,       50.5,       50.5,      2.525   ,   0.979691
          1,   28,        507,        701,       50.5,       50.5,      2.525   ,   0.056035
          1,   29,        238,         41,       50.5,       50.5,      2.525   ,  -0.918343
          1,   30,        540,        850,       50.5,       50.5,      2.525   ,   0.327404
          1,   31,        616,        590,       50.5,       50.5,      2.525   ,   0.566781
          1,   32,        872,        573,       50.5,       50.5,      2.525   ,  -0.640393
          1,   33,        239,        643,       50.5,       50.5,      2.525   ,  -0.286216
          1,   34,        590,        934,       50.5,       50.5,      2.525   ,  -0.686119
          1,   35,        175,         64,       50.5,       50.5,      2.525   ,   -1.51147
          1,   36,        294,        703,       50.5,       50.5,      2.525   ,    1.23465
          1,   37,        388,         22,       50.5,       50.5,      2.525   ,  -0.712442
          1,   38,        677,        506,       50.5,       50.5,      2.525   ,    1.12067
          1,   39,        701,        105,       50.5,       50.5,      2.525   ,    1.26654
          1,   40,        925,         38,       50.5,       50.5,      2.525   ,   0.137597
          1,   41,         57,        366,       50.5,       50.5,      2.525   ,   -1.11044
          1,   42,        479,        143,       50.5,       50.5,      2.525   ,    1.36628
          1,   43,        510,         29,       50.5,       50.5,      2.525   ,  -0.647364
          1,   44,        267,        186,       50.5,       50.5,      2.525   ,    0.48333
          1,   45,        542,        424,       50.5,       50.5,      2.525   ,   0.282532
          1,   46,        197,        788,       50.5,       50.5,      2.525   ,   0.115136
          1,   47,          2,        901,       50.5,       50.5,      2.525   ,   0.725764
          1,   48,        205,        394,       50.5,       50.5,      2.525   ,   0.577798
          1,   49,        918,        524,       50.5,       50.5,      2.525   ,   0.639732
          1,   50,        196,        821,       50.5,       50.5,      2.525   ,   0.927259
          1,   51,        881,        962,       50.5,       50.5,      2.525   ,    -0.4906
          1,   52,        850,        456,       50.5,       50.5,      2.525   ,   0.848131
------------------------------------------------------------------------------
Component[1] Total Ellipsoids = 52