Component 1 maximum area=0.326731 [on 1000x1000]
Component type: Ellipse
---------------------------------------------------------------------------------------
--------------|------- Center-----|----- dimensions---------|----------------------
component| id|    X       |     Y      |  Width/a     | height/b |   hoop   |   Slope   
---------------------------------------------------------------------------------------
          1,    1,        657,        233,       50.5,       50.5,      2.525   ,  -0.595376
          1,    2,        452,        657,       50.5,       50.5,      2.525   ,    -1.3759
          1,    3,        632,        525,       50.5,       50.5,      2.525   ,  -0.679891
          1,    4,         84,        116,       50.5,       50.5,      2.525   ,   0.630017
          1,    5,        993,        259,       50.5,       50.5,      2.525   ,    1.14705
          1,    6,        463,        421,       50.5,       50.5,      2.525   ,   -1.19634
          1,    7,        856,        292,       50.5,       50.5,      2.525   ,    1.50096
          1,    8,        880,        307,       50.5,       50.5,      2.525   ,   -1.16317
          1,    9,        668,        806,       50.5,       50.5,      2.525   ,   -1.06167
          1,   10,         92,        218,       50.5,       50.5,      2.525   ,   0.667758
          1,   11,        475,        365,       50.5,       50.5,      2.525   ,   -0.95711
          1,   12,        578,        106,       50.5,       50.5,      2.525   ,   -0.79229
          1,   13,        909,        924,       50.5,       50.5,      2.525   ,    -1.4392
          1,   14,        292,        805,       50.5,       50.5,      2.525   ,  -0.247586
          1,   15,        771,        830,       50.5,       50.5,      2.525   ,   0.149598
          1,   16,        391,         38,       50.5,       50.5,      2.525   ,   -1.01412
          1,   17,         77,        658,       50.5,       50.5,      2.525   ,   0.799455
          1,   18,         70,        480,       50.5,       50.5,      2.525   ,  -0.612197
          1,   19,         21,        598,       50.5,       50.5,      2.525   ,  -0.366313
          1,   20,        812,        236,       50.5,       50.5,      2.525   ,  -0.921914
          1,   21,        853,        966,       50.5,       50.5,      2.525   ,    1.09325
          1,   22,        232,        965,       50.5,       50.5,      2.525   ,  -0.263208
          1,   23,        128,        280,       50.5,       50.5,      2.525   , -0.0771219
          1,   24,        576,        252,       50.5,       50.5,      2.525   ,    1.29869
          1,   25,        496,        290,       50.5,       50.5,      2.525   ,  -0.252603
          1,   26,        901,        775,       50.5,       50.5,      2.525   ,   -1.30339
          1,   27,         70,        774,       50.5,       50.5,      2.525   ,  -0.982118
          1,   28,         30,        272,       50.5,       50.5,      2.525   ,   0.929499
          1,   29,        170,        785,       50.5,       50.5,      2.525   ,  -0.554445
          1,   30,         40,        470,       50.5,       50.5,      2.525   ,  -0.709492
          1,   31,        581,        223,       50.5,       50.5,      2.525   ,   -1.27524
          1,   32,        754,        264,       50.5,       50.5,      2.525   ,    0.77157
          1,   33,        581,        248,       50.5,       50.5,      2.525   ,   -0.94396
          1,   34,        251,        386,       50.5,       50.5,      2.525   ,   0.251737
          1,   35,        564,        237,       50.5,       50.5,      2.525   ,   -1.27868
          1,   36,        243,        562,       50.5,       50.5,      2.525   ,   0.851904
          1,   37,        735,         30,       50.5,       50.5,      2.525   ,   -1.24998
          1,   38,        669,        352,       50.5,       50.5,      2.525   ,  -0.118693
          1,   39,        557,        311,       50.5,       50.5,      2.525   ,  -0.505807
          1,   40,        943,        770,       50.5,       50.5,      2.525   ,    -0.5518
          1,   41,         58,        853,       50.5,       50.5,      2.525   ,    1.09855
          1,   42,        618,        878,       50.5,       50.5,      2.525   ,  -0.434703
          1,   43,        934,        149,       50.5,       50.5,      2.525   ,   -1.55093
          1,   44,          8,        564,       50.5,       50.5,      2.525   ,   0.190326
          1,   45,        325,        219,       50.5,       50.5,      2.525   ,    1.44285
          1,   46,        614,        855,       50.5,       50.5,      2.525   ,   0.818136
          1,   47,        626,        634,       50.5,       50.5,      2.525   ,   0.526552
          1,   48,        615,        661,       50.5,       50.5,      2.525   ,    -1.4435
          1,   49,        712,         40,       50.5,       50.5,      2.525   ,  -0.630235
          1,   50,        489,        695,       50.5,       50.5,      2.525   ,   0.511266
          1,   51,        110,        501,       50.5,       50.5,      2.525   ,    1.18074
          1,   52,        874,        283,       50.5,       50.5,      2.525   ,   0.352917
          1,   53,        798,        513,       50.5,       50.5,      2.525   ,  -0.687866
          1,   54,        199,        915,       50.5,       50.5,      2.525   ,   0.288674
------------------------------------------------------------------------------
Component[1] Total Ellipsoids = 54