Component 2 maximum area=0.323322 [on 1000x1000]
Component type: Sloped rectangle
---------------------------------------------------------------------------------------
--------------|------- Center-----|----- dimensions---------|----------------------
component| id|    X       |     Y      |  Width/a     | height/b |   hoop   |   Slope   
---------------------------------------------------------------------------------------
          2,    1,        232,        967,       10.1,        101,       5.05   ,     1.5336
          2,    2,         79,         14,       10.1,        101,       5.05   ,    -1.5241
          2,    3,        496,        209,       10.1,        101,       5.05   ,  -0.697616
          2,    4,        221,        401,       10.1,        101,       5.05   ,     1.3906
          2,    5,        622,        114,       10.1,        101,       5.05   ,    1.00568
          2,    6,        134,        358,       10.1,        101,       5.05   ,   0.546783
          2,    7,        323,        426,       10.1,        101,       5.05   ,  -0.305107
          2,    8,        554,        970,       10.1,        101,       5.05   ,  -0.451097
          2,    9,        598,        418,       10.1,        101,       5.05   ,   0.378669
          2,   10,        818,        533,       10.1,        101,       5.05   ,   0.543292
          2,   11,        449,        763,       10.1,        101,       5.05   ,  0.0790245
          2,   12,        115,        887,       10.1,        101,       5.05   ,   -1.30081
          2,   13,         80,        813,       10.1,        101,       5.05   ,  -0.560579
          2,   14,        886,        851,       10.1,        101,       5.05   ,  -0.652578
          2,   15,        827,        842,       10.1,        101,       5.05   ,   -1.15701
          2,   16,        403,        813,       10.1,        101,       5.05   ,  -0.780644
          2,   17,        602,        669,       10.1,        101,       5.05   ,    1.16502
          2,   18,        690,        426,       10.1,        101,       5.05   ,   -1.17102
          2,   19,        513,        952,       10.1,        101,       5.05   ,  -0.667382
          2,   20,        210,        357,       10.1,        101,       5.05   ,  -0.660759
          2,   21,        144,        954,       10.1,        101,       5.05   ,    0.94132
          2,   22,        597,        196,       10.1,        101,       5.05   ,    1.04128
          2,   23,        673,        648,       10.1,        101,       5.05   ,   0.198815
          2,   24,        276,        725,       10.1,        101,       5.05   ,   0.080746
          2,   25,        121,        689,       10.1,        101,       5.05   ,  -0.516287
          2,   26,        402,        406,       10.1,        101,       5.05   ,    1.45298
          2,   27,        405,        943,       10.1,        101,       5.05   , -0.0951019
          2,   28,        207,        235,       10.1,        101,       5.05   ,   0.832378
          2,   29,        432,        644,       10.1,        101,       5.05   ,    1.45805
          2,   30,        413,        775,       10.1,        101,       5.05   ,   0.382849
          2,   31,        716,        486,       10.1,        101,       5.05   ,   -1.55339
          2,   32,        672,        652,       10.1,        101,       5.05   ,  -0.533283
          2,   33,        184,        689,       10.1,        101,       5.05   ,   0.152702
          2,   34,        657,         64,       10.1,        101,       5.05   ,  -0.250912
          2,   35,        716,        138,       10.1,        101,       5.05   ,   0.630637
          2,   36,         19,        523,       10.1,        101,       5.05   ,  -0.867246
          2,   37,        960,        435,       10.1,        101,       5.05   ,   0.274626
          2,   38,         70,         63,       10.1,        101,       5.05   ,    1.54337
          2,   39,        564,        815,       10.1,        101,       5.05   ,   -1.47759
          2,   40,        503,        713,       10.1,        101,       5.05   ,   0.749405
          2,   41,        336,        707,       10.1,        101,       5.05   ,  -0.299444
          2,   42,        194,        390,       10.1,        101,       5.05   ,   0.436557
          2,   43,        289,          3,       10.1,        101,       5.05   ,   0.051291
          2,   44,        940,        495,       10.1,        101,       5.05   ,  -0.873619
          2,   45,        230,        274,       10.1,        101,       5.05   ,   0.814354
          2,   46,        903,        272,       10.1,        101,       5.05   ,    1.31151
          2,   47,        377,         48,       10.1,        101,       5.05   ,  -0.116876
          2,   48,        780,        264,       10.1,        101,       5.05   ,  -0.251508
          2,   49,        750,        526,       10.1,        101,       5.05   ,  -0.901857
          2,   50,        532,        714,       10.1,        101,       5.05   ,   -1.50844
          2,   51,        318,        546,       10.1,        101,       5.05   ,   0.763465
          2,   52,        768,         13,       10.1,        101,       5.05   ,  -0.617842
          2,   53,        590,        558,       10.1,        101,       5.05   ,   0.243046
          2,   54,        838,        570,       10.1,        101,       5.05   ,   0.680829
          2,   55,        642,        259,       10.1,        101,       5.05   ,  -0.436992
          2,   56,        460,        779,       10.1,        101,       5.05   ,   0.346831
          2,   57,        341,        999,       10.1,        101,       5.05   ,  -0.791012
          2,   58,        109,        251,       10.1,        101,       5.05   ,  -0.231415
          2,   59,        881,        961,       10.1,        101,       5.05   ,   0.850488
          2,   60,        887,        952,       10.1,        101,       5.05   ,     0.2564
          2,   61,        168,        160,       10.1,        101,       5.05   ,  -0.205183
          2,   62,        781,        976,       10.1,        101,       5.05   ,   0.627671
          2,   63,        256,         86,       10.1,        101,       5.05   ,   -0.52276
          2,   64,        611,        728,       10.1,        101,       5.05   ,  0.0559584
          2,   65,        398,        852,       10.1,        101,       5.05   ,    0.24583
          2,   66,        211,        636,       10.1,        101,       5.05   ,   0.725579
          2,   67,        928,        966,       10.1,        101,       5.05   ,  -0.238073
          2,   68,        659,        690,       10.1,        101,       5.05   ,   -1.13999
          2,   69,        161,        474,       10.1,        101,       5.05   ,  -0.403296
          2,   70,        411,        606,       10.1,        101,       5.05   ,  -0.490403
          2,   71,        715,        704,       10.1,        101,       5.05   ,   0.224678
          2,   72,         23,        970,       10.1,        101,       5.05   ,   0.721718
          2,   73,        712,         78,       10.1,        101,       5.05   ,  -0.261844
          2,   74,        162,        259,       10.1,        101,       5.05   ,  -0.693589
          2,   75,        682,        784,       10.1,        101,       5.05   ,   0.014399
          2,   76,         89,        923,       10.1,        101,       5.05   ,   0.349641
          2,   77,        255,        122,       10.1,        101,       5.05   ,  -0.430159
          2,   78,        121,        843,       10.1,        101,       5.05   ,   0.820258
          2,   79,        374,        769,       10.1,        101,       5.05   ,   0.496111
          2,   80,        720,        166,       10.1,        101,       5.05   ,   0.158393
          2,   81,        145,        684,       10.1,        101,       5.05   ,  -0.935355
          2,   82,        628,        945,       10.1,        101,       5.05   ,   -1.47069
          2,   83,        555,         54,       10.1,        101,       5.05   ,   0.207966
          2,   84,        730,        407,       10.1,        101,       5.05   ,  -0.593765
          2,   85,        220,        925,       10.1,        101,       5.05   ,    1.46151
          2,   86,        434,        264,       10.1,        101,       5.05   ,    1.15457
          2,   87,        615,         10,       10.1,        101,       5.05   ,   0.984559
          2,   88,        978,        766,       10.1,        101,       5.05   ,  -0.546582
          2,   89,        348,        901,       10.1,        101,       5.05   ,   -1.41887
          2,   90,        979,         19,       10.1,        101,       5.05   ,      1.507
          2,   91,        700,         44,       10.1,        101,       5.05   ,  -0.120718
          2,   92,        729,        738,       10.1,        101,       5.05   ,   0.634228
          2,   93,        299,        714,       10.1,        101,       5.05   ,    0.87222
          2,   94,        531,        919,       10.1,        101,       5.05   ,   0.663011
          2,   95,        982,        501,       10.1,        101,       5.05   ,  -0.106521
          2,   96,        919,        758,       10.1,        101,       5.05   ,   0.617363
          2,   97,        215,        854,       10.1,        101,       5.05   ,  -0.800384
          2,   98,        605,        381,       10.1,        101,       5.05   , -0.0431022
          2,   99,        440,         73,       10.1,        101,       5.05   ,  -0.247128
          2,  100,        949,        981,       10.1,        101,       5.05   ,   -1.02731
          2,  101,        275,        224,       10.1,        101,       5.05   ,  -0.860641
          2,  102,        744,        469,       10.1,        101,       5.05   ,   -1.20492
          2,  103,        161,        556,       10.1,        101,       5.05   ,  -0.263846
          2,  104,        908,        140,       10.1,        101,       5.05   ,   -1.11448
          2,  105,        719,         38,       10.1,        101,       5.05   ,  -0.321282
          2,  106,        956,        643,       10.1,        101,       5.05   ,    0.90708
          2,  107,        409,         60,       10.1,        101,       5.05   ,  -0.170057
          2,  108,         43,        505,       10.1,        101,       5.05   ,    0.88039
          2,  109,        776,         12,       10.1,        101,       5.05   ,    1.55682
          2,  110,        195,        505,       10.1,        101,       5.05   ,  -0.814922
          2,  111,        160,        276,       10.1,        101,       5.05   ,   0.772638
          2,  112,        379,        398,       10.1,        101,       5.05   ,    1.15996
          2,  113,        380,        549,       10.1,        101,       5.05   ,    0.98405
          2,  114,        582,        381,       10.1,        101,       5.05   ,     1.1855
          2,  115,        827,        865,       10.1,        101,       5.05   ,  -0.953109
          2,  116,        326,        298,       10.1,        101,       5.05   ,    1.19879
          2,  117,        454,        629,       10.1,        101,       5.05   ,   0.922019
          2,  118,        993,        836,       10.1,        101,       5.05   ,   -1.40851
          2,  119,        335,        423,       10.1,        101,       5.05   ,  -0.740705
          2,  120,        202,        343,       10.1,        101,       5.05   ,    1.39078
          2,  121,        900,        254,       10.1,        101,       5.05   ,  -0.465918
          2,  122,        293,        153,       10.1,        101,       5.05   ,    1.43172
          2,  123,        790,        608,       10.1,        101,       5.05   ,  0.0695689
          2,  124,        647,        814,       10.1,        101,       5.05   ,  -0.549704
          2,  125,        956,        879,       10.1,        101,       5.05   ,   0.645156
          2,  126,        635,        394,       10.1,        101,       5.05   ,   -1.18932
          2,  127,        500,        634,       10.1,        101,       5.05   ,-0.000876197
          2,  128,        396,        159,       10.1,        101,       5.05   ,  0.0804229
          2,  129,        209,        927,       10.1,        101,       5.05   ,   -1.21738
          2,  130,        399,        552,       10.1,        101,       5.05   ,    0.85146
          2,  131,        936,        340,       10.1,        101,       5.05   ,   -1.50618
          2,  132,        329,        714,       10.1,        101,       5.05   ,   0.952579
          2,  133,        362,        490,       10.1,        101,       5.05   ,   -1.31035
          2,  134,        358,        971,       10.1,        101,       5.05   , -0.0540625
          2,  135,        348,        515,       10.1,        101,       5.05   ,   0.776275
          2,  136,        256,         84,       10.1,        101,       5.05   ,  -0.418827
          2,  137,        593,        729,       10.1,        101,       5.05   ,  -0.359264
          2,  138,        435,         34,       10.1,        101,       5.05   ,    1.47405
          2,  139,        555,        390,       10.1,        101,       5.05   ,   -1.42766
          2,  140,        488,        267,       10.1,        101,       5.05   ,   0.560054
          2,  141,        145,        176,       10.1,        101,       5.05   ,   0.815341
          2,  142,        422,        261,       10.1,        101,       5.05   ,  -0.392854
          2,  143,        484,        254,       10.1,        101,       5.05   ,   0.814782
          2,  144,        634,        274,       10.1,        101,       5.05   ,-0.00341849
          2,  145,        857,         13,       10.1,        101,       5.05   ,  -0.747065
          2,  146,        965,        684,       10.1,        101,       5.05   ,   -1.36551
          2,  147,        421,        631,       10.1,        101,       5.05   ,   -1.17929
          2,  148,        905,        545,       10.1,        101,       5.05   ,  -0.464123
          2,  149,        867,        899,       10.1,        101,       5.05   ,     1.3378
          2,  150,        434,        124,       10.1,        101,       5.05   ,  0.0115474
          2,  151,        743,        572,       10.1,        101,       5.05   ,  -0.865287
          2,  152,        744,        116,       10.1,        101,       5.05   ,   0.580714
          2,  153,        282,        681,       10.1,        101,       5.05   ,   0.142221
          2,  154,        273,        983,       10.1,        101,       5.05   ,   0.487173
          2,  155,        266,        297,       10.1,        101,       5.05   ,   0.621196
          2,  156,        737,        111,       10.1,        101,       5.05   ,    1.14507
          2,  157,        985,        229,       10.1,        101,       5.05   ,   -0.47516
          2,  158,        499,        890,       10.1,        101,       5.05   ,    1.46985
          2,  159,        106,        270,       10.1,        101,       5.05   ,  -0.598231
          2,  160,        402,        453,       10.1,        101,       5.05   ,   -0.32582
          2,  161,        502,        217,       10.1,        101,       5.05   ,   -1.27325
          2,  162,        707,        663,       10.1,        101,       5.05   ,   -1.16006
          2,  163,        706,        291,       10.1,        101,       5.05   ,   0.390892
          2,  164,        657,        494,       10.1,        101,       5.05   ,    1.17814
          2,  165,        850,        184,       10.1,        101,       5.05   ,   0.509171
          2,  166,        997,        117,       10.1,        101,       5.05   ,   -1.35545
          2,  167,         22,        137,       10.1,        101,       5.05   ,   0.794109
          2,  168,        952,         38,       10.1,        101,       5.05   ,    1.35272
          2,  169,        687,        409,       10.1,        101,       5.05   ,  -0.973568
          2,  170,        976,        106,       10.1,        101,       5.05   ,    1.20381
          2,  171,         52,        197,       10.1,        101,       5.05   ,   0.510623
          2,  172,        848,        430,       10.1,        101,       5.05   ,   0.765636
          2,  173,        693,        773,       10.1,        101,       5.05   ,  -0.725937
          2,  174,        332,        605,       10.1,        101,       5.05   ,    1.19254
          2,  175,        916,        604,       10.1,        101,       5.05   ,  0.0447373
          2,  176,        339,        740,       10.1,        101,       5.05   ,    1.05859
          2,  177,        469,         72,       10.1,        101,       5.05   ,  -0.440878
          2,  178,        397,        823,       10.1,        101,       5.05   ,    1.24613
          2,  179,        486,        796,       10.1,        101,       5.05   ,  -0.744463
          2,  180,          2,        222,       10.1,        101,       5.05   ,   -1.46712
          2,  181,        646,        662,       10.1,        101,       5.05   ,   -1.39854
          2,  182,        321,        395,       10.1,        101,       5.05   ,   0.393886
          2,  183,        142,        194,       10.1,        101,       5.05   ,   0.971686
          2,  184,        833,        482,       10.1,        101,       5.05   ,   -0.83323
          2,  185,        774,        545,       10.1,        101,       5.05   ,     1.4264
          2,  186,        331,        921,       10.1,        101,       5.05   ,  -0.626398
          2,  187,        790,        639,       10.1,        101,       5.05   ,  -0.256361
          2,  188,        486,        529,       10.1,        101,       5.05   ,   0.826464
          2,  189,        404,        274,       10.1,        101,       5.05   ,   -1.14704
          2,  190,        656,        813,       10.1,        101,       5.05   ,    1.48373
          2,  191,        773,        120,       10.1,        101,       5.05   ,   -1.35343
          2,  192,        745,        187,       10.1,        101,       5.05   ,   0.435253
          2,  193,        560,        551,       10.1,        101,       5.05   , -0.0401666
          2,  194,        676,        293,       10.1,        101,       5.05   , -0.0637885
          2,  195,        474,        747,       10.1,        101,       5.05   ,   0.553089
          2,  196,        472,        948,       10.1,        101,       5.05   ,   -1.36309
          2,  197,        924,        111,       10.1,        101,       5.05   ,  -0.181162
          2,  198,        963,         93,       10.1,        101,       5.05   ,  -0.320223
          2,  199,        825,        237,       10.1,        101,       5.05   ,   0.233169
          2,  200,        281,        327,       10.1,        101,       5.05   ,  -0.223164
          2,  201,        457,        726,       10.1,        101,       5.05   ,   -1.35093
          2,  202,        565,        634,       10.1,        101,       5.05   ,    1.29406
          2,  203,        408,        618,       10.1,        101,       5.05   ,    1.34901
          2,  204,        264,        683,       10.1,        101,       5.05   ,   0.853898
          2,  205,        487,        145,       10.1,        101,       5.05   ,  -0.801393
          2,  206,        706,         30,       10.1,        101,       5.05   ,   0.672761
          2,  207,         58,        313,       10.1,        101,       5.05   ,    1.39493
          2,  208,        361,        310,       10.1,        101,       5.05   ,   0.553474
          2,  209,        380,        309,       10.1,        101,       5.05   ,   -1.46897
          2,  210,        369,        346,       10.1,        101,       5.05   ,   0.427607
          2,  211,        624,        392,       10.1,        101,       5.05   ,  -0.651922
          2,  212,         54,        342,       10.1,        101,       5.05   ,   -0.68344
          2,  213,        340,        743,       10.1,        101,       5.05   ,    1.45505
          2,  214,        755,        857,       10.1,        101,       5.05   ,  -0.391584
          2,  215,        590,        329,       10.1,        101,       5.05   ,  -0.265637
          2,  216,        731,        477,       10.1,        101,       5.05   ,   0.227373
          2,  217,        474,        409,       10.1,        101,       5.05   ,   0.603041
          2,  218,        315,        862,       10.1,        101,       5.05   ,   0.706093
          2,  219,         47,        242,       10.1,        101,       5.05   ,   -1.52779
          2,  220,        421,        721,       10.1,        101,       5.05   ,    1.56814
          2,  221,        362,        706,       10.1,        101,       5.05   ,  -0.687258
          2,  222,        888,        147,       10.1,        101,       5.05   ,   0.270955
          2,  223,        674,        507,       10.1,        101,       5.05   ,  -0.143875
          2,  224,        371,        995,       10.1,        101,       5.05   ,    1.35276
          2,  225,         20,        853,       10.1,        101,       5.05   ,    1.46933
          2,  226,        781,        358,       10.1,        101,       5.05   ,     1.1584
          2,  227,        716,        123,       10.1,        101,       5.05   ,    0.33244
          2,  228,        261,        666,       10.1,        101,       5.05   ,  -0.702298
          2,  229,        403,        937,       10.1,        101,       5.05   ,   0.945433
          2,  230,        115,        839,       10.1,        101,       5.05   ,   0.333237
          2,  231,        454,        336,       10.1,        101,       5.05   ,  -0.693486
          2,  232,        213,        199,       10.1,        101,       5.05   ,    1.11227
          2,  233,        909,        863,       10.1,        101,       5.05   ,    1.49115
          2,  234,        535,        812,       10.1,        101,       5.05   ,   0.558746
          2,  235,        120,        839,       10.1,        101,       5.05   ,   -1.12868
          2,  236,        623,        985,       10.1,        101,       5.05   ,    1.37335
          2,  237,        327,        439,       10.1,        101,       5.05   ,    1.35595
          2,  238,        554,        219,       10.1,        101,       5.05   ,   -1.24263
          2,  239,        331,        319,       10.1,        101,       5.05   ,   -1.25545
          2,  240,        712,         80,       10.1,        101,       5.05   ,    1.39045
          2,  241,        126,        919,       10.1,        101,       5.05   ,    1.40173
          2,  242,        438,        481,       10.1,        101,       5.05   ,      1.569
          2,  243,        691,        473,       10.1,        101,       5.05   ,  -0.996724
          2,  244,        775,        923,       10.1,        101,       5.05   ,   -1.10564
          2,  245,        510,        603,       10.1,        101,       5.05   ,  0.0189334
          2,  246,        196,        471,       10.1,        101,       5.05   , -0.0606552
          2,  247,        210,        105,       10.1,        101,       5.05   ,   0.199786
          2,  248,        340,        797,       10.1,        101,       5.05   ,  -0.305098
          2,  249,        647,         66,       10.1,        101,       5.05   ,  -0.358733
          2,  250,        481,         56,       10.1,        101,       5.05   ,  -0.254171
          2,  251,        769,         18,       10.1,        101,       5.05   ,   -1.26535
          2,  252,        109,        974,       10.1,        101,       5.05   ,   -1.13968
          2,  253,        539,        499,       10.1,        101,       5.05   ,   -1.45543
          2,  254,        809,        304,       10.1,        101,       5.05   ,    1.17207
          2,  255,        318,        668,       10.1,        101,       5.05   ,    1.14238
          2,  256,        204,        578,       10.1,        101,       5.05   ,   -0.74508
          2,  257,        245,        512,       10.1,        101,       5.05   ,   -1.29871
          2,  258,        233,        775,       10.1,        101,       5.05   ,   -1.54815
          2,  259,        791,        672,       10.1,        101,       5.05   ,   0.649533
          2,  260,         44,        367,       10.1,        101,       5.05   ,   0.153341
          2,  261,        427,        100,       10.1,        101,       5.05   ,  -0.229038
          2,  262,        263,        207,       10.1,        101,       5.05   ,  0.0576939
          2,  263,         98,        275,       10.1,        101,       5.05   ,   0.550343
          2,  264,        302,          5,       10.1,        101,       5.05   , -0.0660942
          2,  265,        258,        799,       10.1,        101,       5.05   ,   0.911762
          2,  266,        491,         11,       10.1,        101,       5.05   ,  -0.270523
          2,  267,         32,        595,       10.1,        101,       5.05   ,  -0.250349
          2,  268,        363,        670,       10.1,        101,       5.05   ,  -0.173208
          2,  269,         54,         32,       10.1,        101,       5.05   , -0.0555116
          2,  270,         56,        817,       10.1,        101,       5.05   ,  -0.456497
          2,  271,        123,        480,       10.1,        101,       5.05   ,   0.528326
          2,  272,        422,        106,       10.1,        101,       5.05   ,    1.05551
          2,  273,        265,        320,       10.1,        101,       5.05   ,   -1.05141
          2,  274,        546,        450,       10.1,        101,       5.05   ,  -0.132927
          2,  275,        880,        454,       10.1,        101,       5.05   ,  -0.859955
          2,  276,         21,        783,       10.1,        101,       5.05   ,  -0.696804
          2,  277,        210,        757,       10.1,        101,       5.05   ,   -1.27434
          2,  278,        847,        701,       10.1,        101,       5.05   ,  -0.816093
          2,  279,        212,        880,       10.1,        101,       5.05   ,    1.27085
          2,  280,        840,        831,       10.1,        101,       5.05   ,    1.55178
          2,  281,        724,        976,       10.1,        101,       5.05   ,    1.13421
          2,  282,        749,        100,       10.1,        101,       5.05   ,    0.16654
          2,  283,        217,        948,       10.1,        101,       5.05   ,   -1.28411
          2,  284,        529,        103,       10.1,        101,       5.05   ,   -1.17396
          2,  285,        708,        101,       10.1,        101,       5.05   , -0.0847781
          2,  286,        491,          3,       10.1,        101,       5.05   ,   0.486899
          2,  287,         44,        416,       10.1,        101,       5.05   ,    1.43851
          2,  288,        301,        852,       10.1,        101,       5.05   ,   0.974328
          2,  289,        681,        894,       10.1,        101,       5.05   ,  -0.748744
          2,  290,         27,        943,       10.1,        101,       5.05   ,    1.23734
          2,  291,        808,        833,       10.1,        101,       5.05   ,    1.17962
          2,  292,         53,        610,       10.1,        101,       5.05   ,   0.529517
          2,  293,        822,        898,       10.1,        101,       5.05   ,   0.402029
          2,  294,        911,        317,       10.1,        101,       5.05   ,  -0.474895
          2,  295,        936,        921,       10.1,        101,       5.05   ,  -0.119637
          2,  296,        900,        230,       10.1,        101,       5.05   ,   0.789054
          2,  297,        362,        772,       10.1,        101,       5.05   ,   0.577072
          2,  298,        189,        967,       10.1,        101,       5.05   ,  0.0920677
          2,  299,        725,        223,       10.1,        101,       5.05   ,  -0.621678
          2,  300,        207,        769,       10.1,        101,       5.05   ,  0.0744684
          2,  301,        439,        485,       10.1,        101,       5.05   ,    0.80984
          2,  302,        371,        748,       10.1,        101,       5.05   ,    1.24492
          2,  303,        454,        476,       10.1,        101,       5.05   ,    0.54169
          2,  304,        706,         17,       10.1,        101,       5.05   ,   0.657272
          2,  305,        137,        913,       10.1,        101,       5.05   ,   -1.03062
          2,  306,          9,        193,       10.1,        101,       5.05   ,   -1.47189
          2,  307,        132,        444,       10.1,        101,       5.05   ,   0.723709
          2,  308,        987,        259,       10.1,        101,       5.05   ,  -0.324438
          2,  309,        687,        304,       10.1,        101,       5.05   ,    1.17922
          2,  310,        355,        184,       10.1,        101,       5.05   ,   0.743963
          2,  311,        436,        483,       10.1,        101,       5.05   ,    1.35496
          2,  312,        850,         59,       10.1,        101,       5.05   ,   -1.44141
          2,  313,        453,        859,       10.1,        101,       5.05   ,    0.16479
          2,  314,        664,        108,       10.1,        101,       5.05   ,  0.0734649
          2,  315,        168,        755,       10.1,        101,       5.05   ,   -1.47939
          2,  316,        883,        790,       10.1,        101,       5.05   ,  -0.749683
          2,  317,        118,        459,       10.1,        101,       5.05   ,  -0.109588
          2,  318,        870,        757,       10.1,        101,       5.05   ,    1.26694
          2,  319,        898,        968,       10.1,        101,       5.05   ,    1.15969
          2,  320,         75,        359,       10.1,        101,       5.05   ,  -0.837197
          2,  321,        790,        621,       10.1,        101,       5.05   ,  -0.537388
          2,  322,        178,        998,       10.1,        101,       5.05   ,    -1.4882
          2,  323,        333,        606,       10.1,        101,       5.05   ,    1.50951
          2,  324,        392,        206,       10.1,        101,       5.05   ,  -0.246622
          2,  325,        929,        505,       10.1,        101,       5.05   ,   -1.55943
          2,  326,        975,        651,       10.1,        101,       5.05   ,   -1.44278
          2,  327,        656,        962,       10.1,        101,       5.05   ,   -0.43859
          2,  328,        646,        791,       10.1,        101,       5.05   ,   0.988112
          2,  329,        187,         15,       10.1,        101,       5.05   ,    1.13412
          2,  330,         65,        107,       10.1,        101,       5.05   ,    1.30521
          2,  331,        724,        948,       10.1,        101,       5.05   , -0.0020795
          2,  332,        187,          4,       10.1,        101,       5.05   ,  -0.145949
          2,  333,        292,        884,       10.1,        101,       5.05   ,  -0.849113
          2,  334,         57,        946,       10.1,        101,       5.05   ,  -0.339728
          2,  335,        836,        892,       10.1,        101,       5.05   ,  -0.972797
          2,  336,        390,        224,       10.1,        101,       5.05   ,   -0.83203
          2,  337,        558,         17,       10.1,        101,       5.05   ,   0.538833
          2,  338,        300,        470,       10.1,        101,       5.05   ,    1.22303
          2,  339,        174,        764,       10.1,        101,       5.05   ,  -0.412034
          2,  340,        189,        506,       10.1,        101,       5.05   ,  -0.523989
          2,  341,        981,         47,       10.1,        101,       5.05   ,   -1.17806
          2,  342,         95,        341,       10.1,        101,       5.05   ,  0.0207582
          2,  343,        799,        988,       10.1,        101,       5.05   ,   0.553372
          2,  344,        529,        823,       10.1,        101,       5.05   ,    1.38282
          2,  345,        458,        140,       10.1,        101,       5.05   ,  -0.411102
          2,  346,        526,        476,       10.1,        101,       5.05   ,   -1.04971
          2,  347,        478,        884,       10.1,        101,       5.05   ,   0.691286
          2,  348,        406,        158,       10.1,        101,       5.05   ,   -1.12216
          2,  349,        632,        662,       10.1,        101,       5.05   ,   0.228959
          2,  350,        187,        504,       10.1,        101,       5.05   ,    1.39406
          2,  351,        869,        515,       10.1,        101,       5.05   ,    1.17456
          2,  352,        153,        143,       10.1,        101,       5.05   ,  -0.166972
          2,  353,        683,         89,       10.1,        101,       5.05   ,     1.5333
          2,  354,        789,        612,       10.1,        101,       5.05   ,   -1.32515
          2,  355,        540,        982,       10.1,        101,       5.05   ,  -0.773432
          2,  356,        380,        866,       10.1,        101,       5.05   ,   -1.18779
          2,  357,        272,        137,       10.1,        101,       5.05   ,   0.541255
          2,  358,        207,        174,       10.1,        101,       5.05   ,   0.689289
          2,  359,        645,         52,       10.1,        101,       5.05   ,  -0.453059
          2,  360,        247,        172,       10.1,        101,       5.05   ,   0.181278
          2,  361,        205,        712,       10.1,        101,       5.05   ,   0.605462
          2,  362,        368,        257,       10.1,        101,       5.05   ,   0.312032
          2,  363,        284,         17,       10.1,        101,       5.05   ,    1.48261
          2,  364,        213,        862,       10.1,        101,       5.05   ,   0.706046
          2,  365,        583,        627,       10.1,        101,       5.05   ,   -1.33193
          2,  366,        481,        150,       10.1,        101,       5.05   ,   0.779003
          2,  367,        226,        878,       10.1,        101,       5.05   ,   -1.43674
          2,  368,        249,        752,       10.1,        101,       5.05   ,     1.1881
          2,  369,        767,        493,       10.1,        101,       5.05   ,  -0.645258
          2,  370,        523,        606,       10.1,        101,       5.05   ,  0.0814693
          2,  371,         35,        776,       10.1,        101,       5.05   ,    1.48738
          2,  372,         72,        354,       10.1,        101,       5.05   ,    1.23352
          2,  373,        699,        498,       10.1,        101,       5.05   ,   0.515412
          2,  374,        604,        459,       10.1,        101,       5.05   ,   0.323001
          2,  375,        678,        944,       10.1,        101,       5.05   ,   -1.37636
          2,  376,        590,        217,       10.1,        101,       5.05   ,   -1.30346
          2,  377,        921,        186,       10.1,        101,       5.05   ,    -1.3621
          2,  378,        854,        612,       10.1,        101,       5.05   ,  -0.621735
          2,  379,        751,        530,       10.1,        101,       5.05   ,   0.558287
          2,  380,        940,        155,       10.1,        101,       5.05   ,   0.724226
          2,  381,        683,        359,       10.1,        101,       5.05   ,    1.05204
          2,  382,        844,        849,       10.1,        101,       5.05   ,   0.309413
          2,  383,        787,        409,       10.1,        101,       5.05   ,   0.591849
          2,  384,        308,        137,       10.1,        101,       5.05   ,  0.0656172
          2,  385,        824,        147,       10.1,        101,       5.05   ,   -1.30956
          2,  386,        428,        294,       10.1,        101,       5.05   ,   -1.22052
          2,  387,        815,        145,       10.1,        101,       5.05   ,      0.306
          2,  388,        290,        495,       10.1,        101,       5.05   ,  -0.838571
          2,  389,         94,          0,       10.1,        101,       5.05   ,   -1.45699
          2,  390,        951,        457,       10.1,        101,       5.05   ,    1.25215
          2,  391,        737,        334,       10.1,        101,       5.05   ,   0.913046
          2,  392,        486,        922,       10.1,        101,       5.05   ,      1.339
          2,  393,        195,        402,       10.1,        101,       5.05   ,  0.0120127
          2,  394,        506,         51,       10.1,        101,       5.05   ,-0.00010551
          2,  395,        759,        355,       10.1,        101,       5.05   ,  -0.692821
          2,  396,        148,        210,       10.1,        101,       5.05   ,   -1.06268
          2,  397,        854,        579,       10.1,        101,       5.05   ,   0.986741
          2,  398,        706,        174,       10.1,        101,       5.05   ,   -1.04216
          2,  399,        644,        314,       10.1,        101,       5.05   ,  -0.699652
          2,  400,        638,         71,       10.1,        101,       5.05   ,    1.24251
          2,  401,        386,        349,       10.1,        101,       5.05   ,   -0.59403
          2,  402,        342,        341,       10.1,        101,       5.05   ,    -1.5436
          2,  403,        232,        406,       10.1,        101,       5.05   ,   -0.48422
          2,  404,        926,        225,       10.1,        101,       5.05   ,   -0.97449
          2,  405,        886,        508,       10.1,        101,       5.05   ,    -1.1691
          2,  406,        732,        820,       10.1,        101,       5.05   ,   0.559048
          2,  407,        687,          4,       10.1,        101,       5.05   ,   0.632476
          2,  408,        187,        997,       10.1,        101,       5.05   ,    1.06782
          2,  409,        790,        164,       10.1,        101,       5.05   ,  -0.941984
          2,  410,        250,          6,       10.1,        101,       5.05   ,   -0.45455
          2,  411,        332,        332,       10.1,        101,       5.05   ,   -0.15796
          2,  412,        119,        629,       10.1,        101,       5.05   ,   0.679278
          2,  413,        421,        135,       10.1,        101,       5.05   ,   -1.42668
          2,  414,        657,        474,       10.1,        101,       5.05   ,  -0.435639
          2,  415,        754,        414,       10.1,        101,       5.05   ,   0.460095
          2,  416,        600,         39,       10.1,        101,       5.05   ,   0.805202
          2,  417,        156,        251,       10.1,        101,       5.05   ,    1.47955
          2,  418,        902,        399,       10.1,        101,       5.05   ,   -1.31442
          2,  419,        775,        538,       10.1,        101,       5.05   ,  -0.980595
          2,  420,        347,        343,       10.1,        101,       5.05   ,   0.768432
          2,  421,        914,        114,       10.1,        101,       5.05   ,   -1.14662
          2,  422,        991,        594,       10.1,        101,       5.05   ,   0.230401
          2,  423,        416,        889,       10.1,        101,       5.05   ,    1.30081
          2,  424,        643,        788,       10.1,        101,       5.05   ,   0.621057
          2,  425,        282,        866,       10.1,        101,       5.05   ,   -1.51204
          2,  426,        559,        950,       10.1,        101,       5.05   ,  -0.660925
          2,  427,        422,        836,       10.1,        101,       5.05   ,   -1.00573
          2,  428,        295,          3,       10.1,        101,       5.05   ,   -1.26073
          2,  429,        240,        709,       10.1,        101,       5.05   ,   0.139009
          2,  430,          7,        315,       10.1,        101,       5.05   ,    -1.3885
          2,  431,        257,        153,       10.1,        101,       5.05   ,   -1.24593
          2,  432,        878,        453,       10.1,        101,       5.05   ,  -0.478396
          2,  433,        145,         96,       10.1,        101,       5.05   ,    0.46692
          2,  434,        663,        799,       10.1,        101,       5.05   ,  -0.202392
          2,  435,        188,         18,       10.1,        101,       5.05   ,  0.0553226
          2,  436,         39,        267,       10.1,        101,       5.05   ,    1.48732
          2,  437,        923,        496,       10.1,        101,       5.05   ,  -0.325349
          2,  438,        142,        721,       10.1,        101,       5.05   ,  -0.783657
          2,  439,         36,        948,       10.1,        101,       5.05   ,   0.113559
          2,  440,        377,        291,       10.1,        101,       5.05   ,    0.78419
          2,  441,        668,        130,       10.1,        101,       5.05   ,  -0.355593
          2,  442,        567,        144,       10.1,        101,       5.05   , -0.0953768
          2,  443,        430,        609,       10.1,        101,       5.05   ,  -0.222762
          2,  444,        901,        427,       10.1,        101,       5.05   ,   0.131908
          2,  445,        345,        427,       10.1,        101,       5.05   ,   0.847746
          2,  446,        776,        247,       10.1,        101,       5.05   ,  -0.889801
          2,  447,        936,        229,       10.1,        101,       5.05   ,   0.281076
          2,  448,        409,        814,       10.1,        101,       5.05   ,    1.55376
          2,  449,        998,        708,       10.1,        101,       5.05   ,   0.694732
          2,  450,        325,        903,       10.1,        101,       5.05   ,   0.219805
          2,  451,        131,        166,       10.1,        101,       5.05   ,  -0.651913
          2,  452,         78,        530,       10.1,        101,       5.05   ,  0.0630813
          2,  453,        505,        730,       10.1,        101,       5.05   ,  -0.274628
          2,  454,        786,        374,       10.1,        101,       5.05   ,  -0.765968
          2,  455,        250,        490,       10.1,        101,       5.05   ,  -0.308979
          2,  456,        837,        398,       10.1,        101,       5.05   ,    1.43411
          2,  457,        554,          4,       10.1,        101,       5.05   ,  -0.986985
          2,  458,        198,        576,       10.1,        101,       5.05   ,   -1.04267
          2,  459,        926,        394,       10.1,        101,       5.05   ,    1.50337
          2,  460,        236,        404,       10.1,        101,       5.05   ,   0.314241
          2,  461,        752,        715,       10.1,        101,       5.05   ,   -1.16731
          2,  462,         74,        350,       10.1,        101,       5.05   ,    1.32253
          2,  463,        672,        738,       10.1,        101,       5.05   ,    1.44656
          2,  464,        519,        877,       10.1,        101,       5.05   ,   -1.17123
          2,  465,        889,        902,       10.1,        101,       5.05   ,   0.963115
          2,  466,        859,        939,       10.1,        101,       5.05   ,   0.743186
          2,  467,        731,        370,       10.1,        101,       5.05   ,     1.5565
          2,  468,        186,         52,       10.1,        101,       5.05   ,     1.4374
          2,  469,        634,        404,       10.1,        101,       5.05   ,  -0.293628
          2,  470,        328,        301,       10.1,        101,       5.05   ,   0.933584
          2,  471,        511,        825,       10.1,        101,       5.05   ,  -0.953089
          2,  472,        329,        487,       10.1,        101,       5.05   ,    1.54512
          2,  473,        399,        965,       10.1,        101,       5.05   , -0.0134844
          2,  474,        927,        786,       10.1,        101,       5.05   ,  -0.515802
          2,  475,        839,        996,       10.1,        101,       5.05   ,  -0.923785
          2,  476,        113,        493,       10.1,        101,       5.05   ,   -1.35128
          2,  477,        191,         35,       10.1,        101,       5.05   ,     1.4498
          2,  478,        301,        931,       10.1,        101,       5.05   ,   0.899637
          2,  479,        705,        654,       10.1,        101,       5.05   ,  -0.508856
          2,  480,        134,        278,       10.1,        101,       5.05   ,   -1.07441
          2,  481,        342,        351,       10.1,        101,       5.05   ,    -1.5262
          2,  482,        589,        653,       10.1,        101,       5.05   ,    1.04108
          2,  483,        516,         41,       10.1,        101,       5.05   ,  -0.181777
          2,  484,        733,        851,       10.1,        101,       5.05   ,   0.192953
          2,  485,        227,        353,       10.1,        101,       5.05   ,   -0.45106
          2,  486,        818,        310,       10.1,        101,       5.05   ,   0.920562
          2,  487,          0,        976,       10.1,        101,       5.05   ,   0.656765
          2,  488,        725,        335,       10.1,        101,       5.05   ,  -0.784735
          2,  489,        512,        405,       10.1,        101,       5.05   ,   -0.78319
          2,  490,        110,        940,       10.1,        101,       5.05   ,   0.956135
          2,  491,        284,        563,       10.1,        101,       5.05   ,   0.198081
          2,  492,        611,        543,       10.1,        101,       5.05   ,    1.21214
          2,  493,        560,        507,       10.1,        101,       5.05   ,  -0.351728
          2,  494,        568,        183,       10.1,        101,       5.05   ,    1.55803
          2,  495,        870,        892,       10.1,        101,       5.05   ,   0.437622
          2,  496,        320,        143,       10.1,        101,       5.05   ,  -0.253245
          2,  497,        917,        133,       10.1,        101,       5.05   ,  -0.112577
          2,  498,         31,        906,       10.1,        101,       5.05   ,   0.543711
          2,  499,        411,        102,       10.1,        101,       5.05   ,    1.45925
          2,  500,        241,        242,       10.1,        101,       5.05   ,    1.00016
          2,  501,        694,        615,       10.1,        101,       5.05   ,  -0.548553
          2,  502,        811,        589,       10.1,        101,       5.05   ,  -0.915538
          2,  503,        922,        341,       10.1,        101,       5.05   ,   -1.22944
          2,  504,          4,        337,       10.1,        101,       5.05   ,   -1.03475
          2,  505,        555,        989,       10.1,        101,       5.05   ,    1.52745
          2,  506,        442,         99,       10.1,        101,       5.05   ,   -1.00081
          2,  507,        602,        152,       10.1,        101,       5.05   ,   0.426849
          2,  508,        855,        592,       10.1,        101,       5.05   ,  -0.800517
          2,  509,        411,        792,       10.1,        101,       5.05   ,    1.05777
          2,  510,        344,        919,       10.1,        101,       5.05   ,    1.27861
          2,  511,        928,        370,       10.1,        101,       5.05   ,   0.667521
          2,  512,        309,        752,       10.1,        101,       5.05   ,  -0.391013
          2,  513,        125,        711,       10.1,        101,       5.05   ,  -0.914162
          2,  514,        787,        692,       10.1,        101,       5.05   ,   0.738849
          2,  515,        468,        108,       10.1,        101,       5.05   ,    1.27206
          2,  516,        911,        435,       10.1,        101,       5.05   ,  -0.898507
          2,  517,        487,        465,       10.1,        101,       5.05   ,  -0.931295
          2,  518,        927,        911,       10.1,        101,       5.05   ,   0.422034
          2,  519,        644,        205,       10.1,        101,       5.05   ,  -0.211998
          2,  520,        875,        728,       10.1,        101,       5.05   ,   -1.42386
          2,  521,        980,         70,       10.1,        101,       5.05   ,  -0.681667
          2,  522,        270,        751,       10.1,        101,       5.05   ,  -0.869825
          2,  523,        402,        838,       10.1,        101,       5.05   ,    1.19679
          2,  524,        227,        619,       10.1,        101,       5.05   ,   0.228803
          2,  525,        260,        588,       10.1,        101,       5.05   ,  -0.767671
          2,  526,        154,        409,       10.1,        101,       5.05   ,    1.19191
          2,  527,        471,        906,       10.1,        101,       5.05   ,     1.2076
          2,  528,        645,        673,       10.1,        101,       5.05   ,   -0.67258
          2,  529,        823,        443,       10.1,        101,       5.05   ,   0.755741
          2,  530,        418,        902,       10.1,        101,       5.05   ,   0.312023
          2,  531,        690,        298,       10.1,        101,       5.05   ,    0.79165
          2,  532,        677,        179,       10.1,        101,       5.05   ,    1.26104
          2,  533,        233,        635,       10.1,        101,       5.05   ,   -1.25373
          2,  534,        653,        295,       10.1,        101,       5.05   ,  -0.557569
          2,  535,        447,        460,       10.1,        101,       5.05   ,   0.108821
          2,  536,         98,        872,       10.1,        101,       5.05   ,    1.50675
          2,  537,        496,        402,       10.1,        101,       5.05   ,  -0.292557
          2,  538,        873,        267,       10.1,        101,       5.05   ,    1.30355
          2,  539,        665,        517,       10.1,        101,       5.05   ,   -0.55353
          2,  540,        938,         47,       10.1,        101,       5.05   ,   -1.04125
          2,  541,        431,        942,       10.1,        101,       5.05   ,   0.102585
          2,  542,        822,        221,       10.1,        101,       5.05   ,   0.131647
          2,  543,        891,        787,       10.1,        101,       5.05   ,  -0.996277
          2,  544,        186,        164,       10.1,        101,       5.05   ,   0.554331
          2,  545,        119,        604,       10.1,        101,       5.05   ,   -1.30335
          2,  546,        372,        271,       10.1,        101,       5.05   ,   0.918217
          2,  547,        182,         81,       10.1,        101,       5.05   ,    -1.5662
          2,  548,        622,        405,       10.1,        101,       5.05   ,  -0.796319
          2,  549,        656,         19,       10.1,        101,       5.05   ,  -0.919269
          2,  550,        389,        944,       10.1,        101,       5.05   ,   0.813547
          2,  551,        642,        577,       10.1,        101,       5.05   ,    1.53669
          2,  552,        221,        807,       10.1,        101,       5.05   ,   0.961468
          2,  553,        712,        686,       10.1,        101,       5.05   ,   0.326766
          2,  554,        555,        146,       10.1,        101,       5.05   ,  -0.866369
          2,  555,        817,        779,       10.1,        101,       5.05   ,   0.346546
          2,  556,        732,        302,       10.1,        101,       5.05   , -0.0504851
          2,  557,          9,        373,       10.1,        101,       5.05   ,   -1.19576
          2,  558,        392,        348,       10.1,        101,       5.05   ,  -0.580458
          2,  559,        334,        175,       10.1,        101,       5.05   ,   -0.49731
          2,  560,        518,        811,       10.1,        101,       5.05   ,  -0.837695
          2,  561,        405,        373,       10.1,        101,       5.05   ,   0.461895
          2,  562,        632,        795,       10.1,        101,       5.05   ,    0.40369
          2,  563,        650,        635,       10.1,        101,       5.05   ,  -0.704926
          2,  564,        929,        921,       10.1,        101,       5.05   ,  -0.657013
          2,  565,        816,         13,       10.1,        101,       5.05   ,   0.806745
          2,  566,         40,         93,       10.1,        101,       5.05   ,     1.4231
          2,  567,        673,        522,       10.1,        101,       5.05   ,   0.365052
          2,  568,        840,        901,       10.1,        101,       5.05   ,   0.147105
          2,  569,        979,        839,       10.1,        101,       5.05   ,     1.2873
          2,  570,        524,        538,       10.1,        101,       5.05   ,   0.616892
          2,  571,        317,        941,       10.1,        101,       5.05   ,    0.90153
          2,  572,        286,        501,       10.1,        101,       5.05   ,   0.301693
          2,  573,        487,        283,       10.1,        101,       5.05   ,  -0.183689
          2,  574,        639,        719,       10.1,        101,       5.05   ,   -1.56591
          2,  575,        624,        673,       10.1,        101,       5.05   ,  -0.148522
          2,  576,        867,        326,       10.1,        101,       5.05   ,    1.55544
          2,  577,        859,        535,       10.1,        101,       5.05   ,    1.21182
          2,  578,        853,        781,       10.1,        101,       5.05   ,     1.0196
          2,  579,        113,        750,       10.1,        101,       5.05   ,    1.02178
          2,  580,        457,         87,       10.1,        101,       5.05   , -0.0637252
          2,  581,        969,        341,       10.1,        101,       5.05   ,    1.22589
          2,  582,        682,         19,       10.1,        101,       5.05   ,    0.23193
          2,  583,         56,        975,       10.1,        101,       5.05   ,  -0.252608
          2,  584,        873,        473,       10.1,        101,       5.05   ,  0.0674568
          2,  585,        799,        757,       10.1,        101,       5.05   , -0.0913224
          2,  586,        207,          1,       10.1,        101,       5.05   ,   -1.45416
          2,  587,        382,        585,       10.1,        101,       5.05   ,   0.725796
          2,  588,         11,        178,       10.1,        101,       5.05   ,   0.119394
          2,  589,        713,          9,       10.1,        101,       5.05   ,   -1.12499
          2,  590,        550,        270,       10.1,        101,       5.05   ,  -0.844407
          2,  591,        623,          1,       10.1,        101,       5.05   ,    -1.5301
          2,  592,        658,        359,       10.1,        101,       5.05   ,  -0.211825
          2,  593,        317,        492,       10.1,        101,       5.05   ,   0.316268
          2,  594,        896,        312,       10.1,        101,       5.05   ,  -0.604421
          2,  595,        939,        588,       10.1,        101,       5.05   ,    1.01384
          2,  596,        619,          1,       10.1,        101,       5.05   ,    1.13589
          2,  597,        120,        255,       10.1,        101,       5.05   ,   0.766441
          2,  598,        761,        664,       10.1,        101,       5.05   ,  -0.710897
          2,  599,        649,        716,       10.1,        101,       5.05   ,  -0.795455
          2,  600,        550,        990,       10.1,        101,       5.05   ,   -1.23378
          2,  601,        164,        112,       10.1,        101,       5.05   ,   0.645535
          2,  602,        147,        979,       10.1,        101,       5.05   ,  -0.471174
          2,  603,        373,         87,       10.1,        101,       5.05   ,  -0.266127
          2,  604,         23,        642,       10.1,        101,       5.05   ,  -0.896967
          2,  605,        133,        153,       10.1,        101,       5.05   ,  -0.770699
          2,  606,         39,        416,       10.1,        101,       5.05   ,  -0.985543
          2,  607,         80,         96,       10.1,        101,       5.05   ,  -0.801505
          2,  608,        450,        770,       10.1,        101,       5.05   ,   -1.56811
          2,  609,        614,        521,       10.1,        101,       5.05   ,   0.547073
          2,  610,        788,        333,       10.1,        101,       5.05   ,   -1.42123
          2,  611,        492,        520,       10.1,        101,       5.05   ,    0.20925
          2,  612,        757,        592,       10.1,        101,       5.05   ,  -0.415568
          2,  613,        316,        718,       10.1,        101,       5.05   ,   -1.01524
          2,  614,        808,        251,       10.1,        101,       5.05   ,  -0.100666
          2,  615,        859,        564,       10.1,        101,       5.05   ,  -0.252399
          2,  616,         55,        237,       10.1,        101,       5.05   ,  -0.740903
          2,  617,        831,        149,       10.1,        101,       5.05   ,   -1.07073
          2,  618,        883,        930,       10.1,        101,       5.05   ,    1.37768
          2,  619,        364,        940,       10.1,        101,       5.05   ,    1.33261
          2,  620,        116,        287,       10.1,        101,       5.05   ,   0.619121
          2,  621,        774,        962,       10.1,        101,       5.05   ,   0.155573
          2,  622,        366,        109,       10.1,        101,       5.05   ,  -0.156635
          2,  623,        285,        479,       10.1,        101,       5.05   ,    0.55228
          2,  624,         14,        993,       10.1,        101,       5.05   ,    1.25876
          2,  625,        710,        576,       10.1,        101,       5.05   ,  -0.735799
          2,  626,        848,        665,       10.1,        101,       5.05   ,   -1.12726
          2,  627,        634,        118,       10.1,        101,       5.05   ,    1.24771
          2,  628,        970,        156,       10.1,        101,       5.05   ,  -0.168287
          2,  629,        743,        406,       10.1,        101,       5.05   ,   -0.48605
          2,  630,        387,        786,       10.1,        101,       5.05   ,  -0.484747
          2,  631,        616,        221,       10.1,        101,       5.05   ,  -0.332254
          2,  632,        785,        974,       10.1,        101,       5.05   ,   0.779979
          2,  633,        222,        157,       10.1,        101,       5.05   ,   0.978317
          2,  634,        404,        714,       10.1,        101,       5.05   ,  -0.563365
          2,  635,        566,        311,       10.1,        101,       5.05   ,   0.155288
          2,  636,        573,        537,       10.1,        101,       5.05   ,   0.388396
          2,  637,        454,        993,       10.1,        101,       5.05   ,     1.3169
          2,  638,        536,        630,       10.1,        101,       5.05   ,    1.05143
          2,  639,        363,        991,       10.1,        101,       5.05   ,   0.598589
          2,  640,        268,         20,       10.1,        101,       5.05   ,   -0.32933
          2,  641,         19,        637,       10.1,        101,       5.05   ,  -0.670466
          2,  642,        157,        194,       10.1,        101,       5.05   ,     1.1089
          2,  643,        718,        920,       10.1,        101,       5.05   ,   0.654567
          2,  644,        480,        244,       10.1,        101,       5.05   ,   0.123319
          2,  645,        659,        328,       10.1,        101,       5.05   ,   -1.06496
          2,  646,        955,         84,       10.1,        101,       5.05   ,   0.621046
          2,  647,        774,        382,       10.1,        101,       5.05   ,   -1.24369
          2,  648,        451,        300,       10.1,        101,       5.05   ,  -0.638742
          2,  649,         76,        174,       10.1,        101,       5.05   ,   0.228455
          2,  650,        612,         71,       10.1,        101,       5.05   ,   0.978296
          2,  651,        127,        128,       10.1,        101,       5.05   ,    1.33246
          2,  652,        541,        789,       10.1,        101,       5.05   , -0.0451048
          2,  653,        716,        113,       10.1,        101,       5.05   ,   0.137886
          2,  654,        348,        783,       10.1,        101,       5.05   ,  -0.698483
          2,  655,        669,        597,       10.1,        101,       5.05   ,   0.750705
------------------------------------------------------------------------------
Component[2] Total Sloped Parallelepiped = 655