Component 2 maximum area=0.323322 [on 1000x1000]
Component type: Sloped rectangle
---------------------------------------------------------------------------------------
--------------|------- Center-----|----- dimensions---------|----------------------
component| id|    X       |     Y      |  Width/a     | height/b |   hoop   |   Slope   
---------------------------------------------------------------------------------------
          2,    1,        552,        283,       10.1,        101,       5.05   ,    1.27213
          2,    2,        383,        570,       10.1,        101,       5.05   ,  -0.730259
          2,    3,        225,        828,       10.1,        101,       5.05   ,  0.0946508
          2,    4,        564,        853,       10.1,        101,       5.05   ,  -0.444036
          2,    5,        449,        834,       10.1,        101,       5.05   ,  0.0128798
          2,    6,        133,         49,       10.1,        101,       5.05   ,      1.561
          2,    7,        855,        618,       10.1,        101,       5.05   ,   0.469279
          2,    8,         36,        817,       10.1,        101,       5.05   ,   0.586983
          2,    9,        189,        271,       10.1,        101,       5.05   ,    1.28857
          2,   10,        383,        915,       10.1,        101,       5.05   ,    1.12414
          2,   11,        816,        676,       10.1,        101,       5.05   ,  -0.616348
          2,   12,        453,        262,       10.1,        101,       5.05   ,  -0.622815
          2,   13,        280,        668,       10.1,        101,       5.05   ,   -1.13478
          2,   14,        872,        623,       10.1,        101,       5.05   ,   -0.09766
          2,   15,        965,        716,       10.1,        101,       5.05   ,  -0.809802
          2,   16,        132,        903,       10.1,        101,       5.05   ,   0.942511
          2,   17,        673,        911,       10.1,        101,       5.05   ,  -0.893686
          2,   18,        830,        443,       10.1,        101,       5.05   ,   0.645129
          2,   19,        302,        602,       10.1,        101,       5.05   ,   0.270692
          2,   20,          9,        915,       10.1,        101,       5.05   ,    1.22715
          2,   21,        528,        774,       10.1,        101,       5.05   ,    1.10221
          2,   22,        812,        121,       10.1,        101,       5.05   ,    1.51754
          2,   23,        697,        623,       10.1,        101,       5.05   ,   -1.20109
          2,   24,        207,        133,       10.1,        101,       5.05   ,   -0.06012
          2,   25,        170,        898,       10.1,        101,       5.05   ,   -0.75127
          2,   26,         32,        688,       10.1,        101,       5.05   ,   0.630843
          2,   27,        560,         17,       10.1,        101,       5.05   ,    1.15716
          2,   28,        976,        723,       10.1,        101,       5.05   ,   -1.51839
          2,   29,        703,         26,       10.1,        101,       5.05   ,  -0.863165
          2,   30,        281,        259,       10.1,        101,       5.05   ,    1.51492
          2,   31,        275,        188,       10.1,        101,       5.05   ,   0.332568
          2,   32,        196,        123,       10.1,        101,       5.05   ,   0.653465
          2,   33,        119,        944,       10.1,        101,       5.05   ,   0.174613
          2,   34,        356,        757,       10.1,        101,       5.05   ,    1.46246
          2,   35,        320,         13,       10.1,        101,       5.05   ,  -0.750372
          2,   36,        399,        168,       10.1,        101,       5.05   ,   0.936115
          2,   37,        670,        839,       10.1,        101,       5.05   ,  -0.822475
          2,   38,        994,        300,       10.1,        101,       5.05   ,    -1.0683
          2,   39,         16,         70,       10.1,        101,       5.05   ,  -0.278468
          2,   40,         10,         72,       10.1,        101,       5.05   ,   0.188768
          2,   41,        725,        773,       10.1,        101,       5.05   ,   -0.66522
          2,   42,        389,        385,       10.1,        101,       5.05   ,  -0.148146
          2,   43,        848,        755,       10.1,        101,       5.05   ,  -0.424561
          2,   44,        624,        262,       10.1,        101,       5.05   ,  -0.646501
          2,   45,        289,        751,       10.1,        101,       5.05   ,  -0.233701
          2,   46,        545,        847,       10.1,        101,       5.05   ,     1.2418
          2,   47,        968,          3,       10.1,        101,       5.05   ,    1.14299
          2,   48,         70,        515,       10.1,        101,       5.05   ,  -0.727564
          2,   49,        610,        481,       10.1,        101,       5.05   ,    1.10642
          2,   50,        980,        665,       10.1,        101,       5.05   ,   -0.79145
          2,   51,        945,        346,       10.1,        101,       5.05   ,   -1.04304
          2,   52,        419,        340,       10.1,        101,       5.05   ,  -0.588751
          2,   53,        844,        729,       10.1,        101,       5.05   ,   0.136341
          2,   54,        760,        457,       10.1,        101,       5.05   ,   0.916476
          2,   55,        997,        816,       10.1,        101,       5.05   ,   -1.04281
          2,   56,        676,        484,       10.1,        101,       5.05   ,  -0.709152
          2,   57,        519,        809,       10.1,        101,       5.05   ,  -0.181425
          2,   58,        956,         94,       10.1,        101,       5.05   ,    1.12592
          2,   59,         28,         64,       10.1,        101,       5.05   ,  -0.500705
          2,   60,        797,         17,       10.1,        101,       5.05   , -0.0690438
          2,   61,        957,        769,       10.1,        101,       5.05   ,   0.425532
          2,   62,        153,         88,       10.1,        101,       5.05   ,   -1.04087
          2,   63,        751,        514,       10.1,        101,       5.05   ,   0.622082
          2,   64,        471,        690,       10.1,        101,       5.05   ,    1.27996
          2,   65,        388,        660,       10.1,        101,       5.05   ,   0.740793
          2,   66,         78,         97,       10.1,        101,       5.05   ,  -0.627953
          2,   67,        602,        408,       10.1,        101,       5.05   ,    1.56043
          2,   68,        439,        959,       10.1,        101,       5.05   ,   0.574822
          2,   69,        203,        197,       10.1,        101,       5.05   ,   0.819091
          2,   70,        987,        453,       10.1,        101,       5.05   ,    1.11853
          2,   71,        504,        753,       10.1,        101,       5.05   ,   0.890441
          2,   72,        291,         64,       10.1,        101,       5.05   ,   0.729296
          2,   73,        474,        672,       10.1,        101,       5.05   ,  -0.727122
          2,   74,        548,        138,       10.1,        101,       5.05   ,     -1.421
          2,   75,        753,        309,       10.1,        101,       5.05   ,  -0.560446
          2,   76,         25,        207,       10.1,        101,       5.05   ,    0.60948
          2,   77,        328,        788,       10.1,        101,       5.05   ,  -0.166113
          2,   78,        361,        636,       10.1,        101,       5.05   , -0.0144667
          2,   79,        257,        407,       10.1,        101,       5.05   ,  -0.169358
          2,   80,        840,        484,       10.1,        101,       5.05   ,   0.530943
          2,   81,        875,        649,       10.1,        101,       5.05   ,   -0.25099
          2,   82,        610,        920,       10.1,        101,       5.05   ,  -0.279037
          2,   83,        381,        603,       10.1,        101,       5.05   ,      1.495
          2,   84,        516,        522,       10.1,        101,       5.05   ,   -0.58763
          2,   85,        942,        840,       10.1,        101,       5.05   ,  -0.198458
          2,   86,        566,        532,       10.1,        101,       5.05   ,    1.06451
          2,   87,        623,        630,       10.1,        101,       5.05   ,   -1.24707
          2,   88,          4,        810,       10.1,        101,       5.05   ,  -0.238053
          2,   89,        878,        148,       10.1,        101,       5.05   ,    1.36962
          2,   90,        225,        955,       10.1,        101,       5.05   ,  -0.277178
          2,   91,        440,        173,       10.1,        101,       5.05   ,  -0.757563
          2,   92,        443,        281,       10.1,        101,       5.05   ,  0.0676042
          2,   93,        780,        405,       10.1,        101,       5.05   ,  -0.526487
          2,   94,        847,        199,       10.1,        101,       5.05   ,   0.051808
          2,   95,        609,        607,       10.1,        101,       5.05   ,     1.2997
          2,   96,        551,        886,       10.1,        101,       5.05   ,  -0.211968
          2,   97,        889,        393,       10.1,        101,       5.05   ,   0.161935
          2,   98,        221,        832,       10.1,        101,       5.05   ,   0.745084
          2,   99,        166,        809,       10.1,        101,       5.05   ,    1.07461
          2,  100,        325,        863,       10.1,        101,       5.05   ,    0.99232
          2,  101,         81,        376,       10.1,        101,       5.05   ,    -1.5472
          2,  102,        752,        575,       10.1,        101,       5.05   ,  -0.833997
          2,  103,        581,        747,       10.1,        101,       5.05   ,    1.06404
          2,  104,        796,        559,       10.1,        101,       5.05   ,    1.42116
          2,  105,        925,        447,       10.1,        101,       5.05   ,   0.182212
          2,  106,        830,        618,       10.1,        101,       5.05   ,   -1.28925
          2,  107,        270,        708,       10.1,        101,       5.05   ,   -1.20035
          2,  108,        389,        629,       10.1,        101,       5.05   ,   0.329619
          2,  109,        552,        257,       10.1,        101,       5.05   ,   -1.01789
          2,  110,        104,        317,       10.1,        101,       5.05   ,  -0.291293
          2,  111,        314,        730,       10.1,        101,       5.05   ,    1.35539
          2,  112,        234,        410,       10.1,        101,       5.05   ,    0.82925
          2,  113,        709,        470,       10.1,        101,       5.05   ,   0.224127
          2,  114,        253,        214,       10.1,        101,       5.05   ,  -0.487414
          2,  115,        656,        311,       10.1,        101,       5.05   ,  -0.727041
          2,  116,        577,        503,       10.1,        101,       5.05   ,   -0.14683
          2,  117,        109,        312,       10.1,        101,       5.05   ,    1.43926
          2,  118,        759,        552,       10.1,        101,       5.05   ,  -0.845884
          2,  119,        510,        439,       10.1,        101,       5.05   ,     1.2507
          2,  120,        522,        689,       10.1,        101,       5.05   ,    1.55642
          2,  121,        970,        529,       10.1,        101,       5.05   ,  -0.297372
          2,  122,        676,        444,       10.1,        101,       5.05   ,  -0.945728
          2,  123,        214,         37,       10.1,        101,       5.05   ,   -1.38688
          2,  124,        982,        664,       10.1,        101,       5.05   , -0.0848863
          2,  125,        968,        447,       10.1,        101,       5.05   ,   -1.16725
          2,  126,        419,        520,       10.1,        101,       5.05   ,  -0.722635
          2,  127,        591,        315,       10.1,        101,       5.05   ,   -1.05347
          2,  128,        861,        544,       10.1,        101,       5.05   ,-0.00588382
          2,  129,        350,         93,       10.1,        101,       5.05   ,   0.233744
          2,  130,        801,        207,       10.1,        101,       5.05   ,    0.39827
          2,  131,        534,        111,       10.1,        101,       5.05   ,  -0.923949
          2,  132,        626,        157,       10.1,        101,       5.05   ,   0.398119
          2,  133,        683,        212,       10.1,        101,       5.05   ,  -0.522917
          2,  134,        584,        596,       10.1,        101,       5.05   ,  0.0288659
          2,  135,        159,        112,       10.1,        101,       5.05   ,    1.25858
          2,  136,        197,        214,       10.1,        101,       5.05   ,   -1.54122
          2,  137,        657,        882,       10.1,        101,       5.05   ,   0.324021
          2,  138,         32,        546,       10.1,        101,       5.05   ,  -0.578251
          2,  139,        481,        921,       10.1,        101,       5.05   ,   0.163524
          2,  140,        982,        691,       10.1,        101,       5.05   ,    1.45534
          2,  141,        176,        748,       10.1,        101,       5.05   ,   -1.33868
          2,  142,        978,          7,       10.1,        101,       5.05   ,    0.37629
          2,  143,        652,        880,       10.1,        101,       5.05   ,   0.991405
          2,  144,        820,        798,       10.1,        101,       5.05   ,   -1.26975
          2,  145,         90,        984,       10.1,        101,       5.05   ,  0.0798952
          2,  146,        895,        885,       10.1,        101,       5.05   ,   0.160318
          2,  147,        680,        323,       10.1,        101,       5.05   ,   -1.26256
          2,  148,        488,        132,       10.1,        101,       5.05   ,   0.929109
          2,  149,        453,        331,       10.1,        101,       5.05   ,    1.10785
          2,  150,        328,        375,       10.1,        101,       5.05   ,  -0.556682
          2,  151,         56,        456,       10.1,        101,       5.05   ,   -1.56653
          2,  152,        993,        287,       10.1,        101,       5.05   ,   0.928321
          2,  153,        327,        647,       10.1,        101,       5.05   ,   -1.38936
          2,  154,        693,        626,       10.1,        101,       5.05   ,  -0.635551
          2,  155,        401,        994,       10.1,        101,       5.05   , -0.0599102
          2,  156,        935,        397,       10.1,        101,       5.05   ,   -1.39797
          2,  157,        174,        423,       10.1,        101,       5.05   ,  -0.245668
          2,  158,        105,        231,       10.1,        101,       5.05   ,  -0.670803
          2,  159,         10,        659,       10.1,        101,       5.05   ,    1.55518
          2,  160,        329,        929,       10.1,        101,       5.05   ,  0.0581093
          2,  161,        899,        550,       10.1,        101,       5.05   ,   -1.31918
          2,  162,        479,        297,       10.1,        101,       5.05   ,    1.18622
          2,  163,        236,        244,       10.1,        101,       5.05   ,   -1.07879
          2,  164,        998,        828,       10.1,        101,       5.05   ,  -0.511556
          2,  165,        187,        795,       10.1,        101,       5.05   ,   0.928561
          2,  166,        367,        363,       10.1,        101,       5.05   ,  0.0443909
          2,  167,         51,        435,       10.1,        101,       5.05   ,  -0.304316
          2,  168,        780,        490,       10.1,        101,       5.05   ,   0.249219
          2,  169,        769,         26,       10.1,        101,       5.05   ,   -1.45325
          2,  170,        481,         14,       10.1,        101,       5.05   , -0.0299516
          2,  171,        999,        374,       10.1,        101,       5.05   ,     0.3855
          2,  172,        768,        614,       10.1,        101,       5.05   ,   0.161082
          2,  173,        401,        692,       10.1,        101,       5.05   ,   0.836171
          2,  174,        599,        504,       10.1,        101,       5.05   ,    -1.0878
          2,  175,        589,        650,       10.1,        101,       5.05   ,    1.05185
          2,  176,        510,        393,       10.1,        101,       5.05   ,    0.41649
          2,  177,        747,        821,       10.1,        101,       5.05   ,    0.65386
          2,  178,        751,         47,       10.1,        101,       5.05   ,   0.913578
          2,  179,        739,        587,       10.1,        101,       5.05   ,   0.941682
          2,  180,        982,        949,       10.1,        101,       5.05   ,   0.292896
          2,  181,        355,         84,       10.1,        101,       5.05   ,    1.44176
          2,  182,        338,        791,       10.1,        101,       5.05   ,    0.81549
          2,  183,        504,        872,       10.1,        101,       5.05   ,   -1.00031
          2,  184,        358,        569,       10.1,        101,       5.05   ,   0.876762
          2,  185,        884,        467,       10.1,        101,       5.05   ,  0.0833791
          2,  186,         16,        522,       10.1,        101,       5.05   ,   -1.33141
          2,  187,        122,        125,       10.1,        101,       5.05   ,   -1.48549
          2,  188,        801,        384,       10.1,        101,       5.05   ,  -0.197215
          2,  189,        326,        118,       10.1,        101,       5.05   ,  -0.900015
          2,  190,        299,        125,       10.1,        101,       5.05   ,   0.812749
          2,  191,        412,        541,       10.1,        101,       5.05   ,   0.405402
          2,  192,        432,        161,       10.1,        101,       5.05   ,  -0.996239
          2,  193,        769,        639,       10.1,        101,       5.05   ,  -0.742873
          2,  194,        820,        860,       10.1,        101,       5.05   ,   -1.10528
          2,  195,        389,        778,       10.1,        101,       5.05   ,   -1.14388
          2,  196,        590,        289,       10.1,        101,       5.05   ,   -1.11557
          2,  197,        329,        224,       10.1,        101,       5.05   ,   0.170896
          2,  198,        513,        620,       10.1,        101,       5.05   ,   -0.58801
          2,  199,        871,        747,       10.1,        101,       5.05   ,   0.756096
          2,  200,        910,        465,       10.1,        101,       5.05   ,    1.37639
          2,  201,        434,        694,       10.1,        101,       5.05   ,  -0.127747
          2,  202,         91,        541,       10.1,        101,       5.05   ,  -0.601832
          2,  203,        619,         39,       10.1,        101,       5.05   ,   -1.06528
          2,  204,        762,        895,       10.1,        101,       5.05   ,   0.525693
          2,  205,        385,        237,       10.1,        101,       5.05   ,   -1.19972
          2,  206,        494,        105,       10.1,        101,       5.05   , -0.0380277
          2,  207,        485,        877,       10.1,        101,       5.05   ,    1.48154
          2,  208,        661,        561,       10.1,        101,       5.05   ,   -1.19294
          2,  209,        974,        820,       10.1,        101,       5.05   ,    0.29322
          2,  210,        542,        366,       10.1,        101,       5.05   ,     0.8107
          2,  211,        734,        665,       10.1,        101,       5.05   ,   -1.25887
          2,  212,        367,        283,       10.1,        101,       5.05   ,   0.968158
          2,  213,         43,        744,       10.1,        101,       5.05   ,   0.152841
          2,  214,        586,        270,       10.1,        101,       5.05   ,   0.874339
          2,  215,        937,        800,       10.1,        101,       5.05   ,  -0.511916
          2,  216,        295,        592,       10.1,        101,       5.05   ,   -1.14137
          2,  217,        278,        550,       10.1,        101,       5.05   ,   0.266173
          2,  218,        217,        217,       10.1,        101,       5.05   ,  -0.926093
          2,  219,        556,        561,       10.1,        101,       5.05   ,    0.20092
          2,  220,        195,        462,       10.1,        101,       5.05   ,  -0.323045
          2,  221,        869,        556,       10.1,        101,       5.05   ,    1.01938
          2,  222,        418,        304,       10.1,        101,       5.05   ,    1.29713
          2,  223,        687,        855,       10.1,        101,       5.05   ,   -1.01762
          2,  224,        729,        330,       10.1,        101,       5.05   ,   -1.23816
          2,  225,        764,        764,       10.1,        101,       5.05   , 0.00525422
          2,  226,        950,         20,       10.1,        101,       5.05   ,    1.45743
          2,  227,        147,          5,       10.1,        101,       5.05   ,   0.490221
          2,  228,        193,        584,       10.1,        101,       5.05   ,    1.43063
          2,  229,          0,        178,       10.1,        101,       5.05   ,  -0.940177
          2,  230,        492,        906,       10.1,        101,       5.05   , -0.0824124
          2,  231,         81,        982,       10.1,        101,       5.05   ,  -0.169181
          2,  232,        696,        286,       10.1,        101,       5.05   ,   0.710691
          2,  233,        226,         63,       10.1,        101,       5.05   ,     1.0361
          2,  234,        267,        642,       10.1,        101,       5.05   ,     -1.069
          2,  235,        631,        295,       10.1,        101,       5.05   ,    1.07886
          2,  236,        403,        985,       10.1,        101,       5.05   ,   0.812261
          2,  237,        488,        716,       10.1,        101,       5.05   ,   0.172921
          2,  238,        389,        825,       10.1,        101,       5.05   ,  -0.258531
          2,  239,        828,        744,       10.1,        101,       5.05   ,   -1.44459
          2,  240,        827,        565,       10.1,        101,       5.05   ,    1.39834
          2,  241,         23,        475,       10.1,        101,       5.05   ,    0.32418
          2,  242,        241,        318,       10.1,        101,       5.05   ,    1.34004
          2,  243,         92,        761,       10.1,        101,       5.05   ,  -0.924726
          2,  244,        105,        235,       10.1,        101,       5.05   ,    0.63063
          2,  245,        544,        518,       10.1,        101,       5.05   ,   0.340995
          2,  246,        361,        106,       10.1,        101,       5.05   ,  -0.542215
          2,  247,        844,        406,       10.1,        101,       5.05   ,   0.402703
          2,  248,        626,        330,       10.1,        101,       5.05   ,  -0.968992
          2,  249,        897,        415,       10.1,        101,       5.05   ,    1.02625
          2,  250,        628,        168,       10.1,        101,       5.05   ,  -0.428119
          2,  251,        265,        390,       10.1,        101,       5.05   ,    1.09182
          2,  252,        164,        182,       10.1,        101,       5.05   ,   0.734937
          2,  253,        357,        485,       10.1,        101,       5.05   ,   -1.24701
          2,  254,        489,        457,       10.1,        101,       5.05   ,   0.359619
          2,  255,        932,        463,       10.1,        101,       5.05   ,  -0.946603
          2,  256,        167,        985,       10.1,        101,       5.05   ,  -0.593664
          2,  257,        384,        160,       10.1,        101,       5.05   ,   0.877128
          2,  258,        649,        578,       10.1,        101,       5.05   ,   -0.65738
          2,  259,        788,        157,       10.1,        101,       5.05   ,    0.68885
          2,  260,        609,        947,       10.1,        101,       5.05   ,   0.946045
          2,  261,        639,         87,       10.1,        101,       5.05   ,    1.20364
          2,  262,        113,        326,       10.1,        101,       5.05   ,    0.75326
          2,  263,        448,        460,       10.1,        101,       5.05   ,    0.12428
          2,  264,        937,        482,       10.1,        101,       5.05   ,  -0.215331
          2,  265,        165,        784,       10.1,        101,       5.05   ,   0.173142
          2,  266,        750,        675,       10.1,        101,       5.05   ,   -1.23378
          2,  267,        714,        944,       10.1,        101,       5.05   ,  -0.747105
          2,  268,        500,        508,       10.1,        101,       5.05   ,  -0.648985
          2,  269,        231,        722,       10.1,        101,       5.05   ,    1.45527
          2,  270,        365,         60,       10.1,        101,       5.05   ,    1.56239
          2,  271,        930,        487,       10.1,        101,       5.05   ,   -1.38492
          2,  272,        320,        484,       10.1,        101,       5.05   ,   -1.28734
          2,  273,        319,        820,       10.1,        101,       5.05   ,   0.490151
          2,  274,        980,        397,       10.1,        101,       5.05   , -0.0678715
          2,  275,        696,        360,       10.1,        101,       5.05   ,   0.980451
          2,  276,        364,        439,       10.1,        101,       5.05   ,   -1.44343
          2,  277,        936,        766,       10.1,        101,       5.05   ,   0.438051
          2,  278,        899,        406,       10.1,        101,       5.05   ,   -1.43198
          2,  279,        427,         63,       10.1,        101,       5.05   ,    1.39994
          2,  280,         20,        458,       10.1,        101,       5.05   ,   0.510508
          2,  281,        219,        229,       10.1,        101,       5.05   ,   0.792746
          2,  282,         52,         65,       10.1,        101,       5.05   ,    1.44867
          2,  283,        824,        269,       10.1,        101,       5.05   ,   -1.24573
          2,  284,        187,        362,       10.1,        101,       5.05   ,    1.29932
          2,  285,        246,        118,       10.1,        101,       5.05   ,   0.161942
          2,  286,        354,        508,       10.1,        101,       5.05   ,   0.969882
          2,  287,        139,        490,       10.1,        101,       5.05   ,    1.33255
          2,  288,        862,        250,       10.1,        101,       5.05   ,     0.9659
          2,  289,        563,        820,       10.1,        101,       5.05   ,   0.762577
          2,  290,        388,        153,       10.1,        101,       5.05   ,    1.07372
          2,  291,        757,        887,       10.1,        101,       5.05   ,    1.41936
          2,  292,        587,        520,       10.1,        101,       5.05   ,    1.52043
          2,  293,        388,        636,       10.1,        101,       5.05   ,  -0.222134
          2,  294,        451,        165,       10.1,        101,       5.05   ,  -0.497433
          2,  295,        658,        729,       10.1,        101,       5.05   ,   0.818128
          2,  296,        488,        261,       10.1,        101,       5.05   ,   0.595861
          2,  297,        294,        669,       10.1,        101,       5.05   ,   -1.28465
          2,  298,        719,        716,       10.1,        101,       5.05   ,    1.51969
          2,  299,        761,        291,       10.1,        101,       5.05   ,     1.2177
          2,  300,        751,        419,       10.1,        101,       5.05   ,   0.849039
          2,  301,        931,        566,       10.1,        101,       5.05   ,  -0.782428
          2,  302,        767,        270,       10.1,        101,       5.05   ,   -1.06571
          2,  303,        874,         57,       10.1,        101,       5.05   ,   -1.16647
          2,  304,        640,        299,       10.1,        101,       5.05   ,    1.41657
          2,  305,        632,         27,       10.1,        101,       5.05   ,  -0.452253
          2,  306,        144,        359,       10.1,        101,       5.05   ,   0.399906
          2,  307,        716,        933,       10.1,        101,       5.05   ,   -1.40063
          2,  308,        752,        569,       10.1,        101,       5.05   ,    0.17162
          2,  309,         42,        702,       10.1,        101,       5.05   ,   0.548589
          2,  310,        418,        247,       10.1,        101,       5.05   ,   0.965658
          2,  311,        850,        228,       10.1,        101,       5.05   ,  -0.950605
          2,  312,        862,        205,       10.1,        101,       5.05   ,    1.13247
          2,  313,        856,        637,       10.1,        101,       5.05   ,  -0.508416
          2,  314,        809,        428,       10.1,        101,       5.05   ,  -0.572687
          2,  315,        300,        599,       10.1,        101,       5.05   ,  -0.845257
          2,  316,        931,        484,       10.1,        101,       5.05   ,   -1.30327
          2,  317,        884,        984,       10.1,        101,       5.05   ,   0.173265
          2,  318,        772,        714,       10.1,        101,       5.05   ,  -0.107898
          2,  319,        358,        552,       10.1,        101,       5.05   ,  -0.571364
          2,  320,         81,         26,       10.1,        101,       5.05   ,   0.148066
          2,  321,        900,        244,       10.1,        101,       5.05   ,   0.789102
          2,  322,        695,        241,       10.1,        101,       5.05   ,   -0.82215
          2,  323,         59,        806,       10.1,        101,       5.05   ,  -0.813139
          2,  324,        943,        980,       10.1,        101,       5.05   ,    1.24887
          2,  325,        216,         47,       10.1,        101,       5.05   ,   -1.03957
          2,  326,        866,        428,       10.1,        101,       5.05   ,   0.283172
          2,  327,        710,        304,       10.1,        101,       5.05   ,   0.573286
          2,  328,        927,        345,       10.1,        101,       5.05   ,   -1.38333
          2,  329,        133,        714,       10.1,        101,       5.05   ,  -0.749285
          2,  330,        476,         93,       10.1,        101,       5.05   ,   -0.65203
          2,  331,        872,        313,       10.1,        101,       5.05   ,   0.172234
          2,  332,        529,        510,       10.1,        101,       5.05   ,   0.936391
          2,  333,        545,        700,       10.1,        101,       5.05   ,  -0.746791
          2,  334,        477,        642,       10.1,        101,       5.05   ,   -1.48387
          2,  335,        685,        441,       10.1,        101,       5.05   ,   0.726055
          2,  336,        255,        956,       10.1,        101,       5.05   ,   -1.43024
          2,  337,        244,         94,       10.1,        101,       5.05   ,  -0.610469
          2,  338,        104,        213,       10.1,        101,       5.05   ,    -1.4105
          2,  339,        119,        676,       10.1,        101,       5.05   ,    1.20435
          2,  340,        249,         35,       10.1,        101,       5.05   ,   0.410361
          2,  341,         55,        912,       10.1,        101,       5.05   ,  -0.253817
          2,  342,        486,        898,       10.1,        101,       5.05   ,  -0.916799
          2,  343,        824,        970,       10.1,        101,       5.05   ,    1.06217
          2,  344,        761,        449,       10.1,        101,       5.05   ,   -1.05943
          2,  345,        272,        656,       10.1,        101,       5.05   ,  -0.436474
          2,  346,        274,         78,       10.1,        101,       5.05   ,  -0.345404
          2,  347,        924,        772,       10.1,        101,       5.05   ,    1.21902
          2,  348,        784,        805,       10.1,        101,       5.05   ,    1.54562
          2,  349,        205,         69,       10.1,        101,       5.05   ,  -0.144144
          2,  350,        734,        890,       10.1,        101,       5.05   ,   -0.42009
          2,  351,         37,        256,       10.1,        101,       5.05   ,  -0.339465
          2,  352,        625,        498,       10.1,        101,       5.05   ,   -1.40487
          2,  353,        465,        750,       10.1,        101,       5.05   ,   -1.10619
          2,  354,        615,         65,       10.1,        101,       5.05   ,    0.28225
          2,  355,        872,        594,       10.1,        101,       5.05   ,   0.253398
          2,  356,        605,        161,       10.1,        101,       5.05   ,  -0.994458
          2,  357,        483,        856,       10.1,        101,       5.05   ,  0.0131681
          2,  358,        432,        992,       10.1,        101,       5.05   ,    -0.2715
          2,  359,        564,         14,       10.1,        101,       5.05   ,   0.039112
          2,  360,        477,        419,       10.1,        101,       5.05   ,   -1.33426
          2,  361,        328,        965,       10.1,        101,       5.05   ,    1.26271
          2,  362,        742,        186,       10.1,        101,       5.05   ,   -1.51618
          2,  363,        258,        101,       10.1,        101,       5.05   ,   0.388281
          2,  364,        899,        692,       10.1,        101,       5.05   ,  -0.308863
          2,  365,        250,        746,       10.1,        101,       5.05   ,   -1.29567
          2,  366,        342,        731,       10.1,        101,       5.05   ,   -1.35929
          2,  367,        294,         90,       10.1,        101,       5.05   ,  -0.546619
          2,  368,        616,        168,       10.1,        101,       5.05   ,   0.716062
          2,  369,        583,        324,       10.1,        101,       5.05   ,   -1.23773
          2,  370,         11,        589,       10.1,        101,       5.05   ,  -0.156775
          2,  371,        567,        560,       10.1,        101,       5.05   ,    0.98465
          2,  372,         22,        142,       10.1,        101,       5.05   ,  -0.318519
          2,  373,         42,         21,       10.1,        101,       5.05   ,  -0.854666
          2,  374,        166,        802,       10.1,        101,       5.05   ,   0.849197
          2,  375,        808,        292,       10.1,        101,       5.05   ,    1.48636
          2,  376,        308,        743,       10.1,        101,       5.05   ,   -0.51066
          2,  377,        398,        535,       10.1,        101,       5.05   ,   0.707889
          2,  378,         86,        263,       10.1,        101,       5.05   ,   -1.44319
          2,  379,        556,        233,       10.1,        101,       5.05   ,   0.647647
          2,  380,        708,        469,       10.1,        101,       5.05   ,    1.37297
          2,  381,        764,        350,       10.1,        101,       5.05   ,     -1.526
          2,  382,        154,        498,       10.1,        101,       5.05   ,    1.54918
          2,  383,         30,        365,       10.1,        101,       5.05   ,   0.022184
          2,  384,        229,        831,       10.1,        101,       5.05   ,  -0.649502
          2,  385,        388,        291,       10.1,        101,       5.05   ,   0.205072
          2,  386,        584,        378,       10.1,        101,       5.05   ,  -0.618433
          2,  387,        930,        212,       10.1,        101,       5.05   ,   -0.75433
          2,  388,        266,        270,       10.1,        101,       5.05   ,    1.46393
          2,  389,        390,        858,       10.1,        101,       5.05   ,   -1.46424
          2,  390,        758,        583,       10.1,        101,       5.05   ,   -1.26601
          2,  391,        284,         67,       10.1,        101,       5.05   ,  -0.660971
          2,  392,        554,        747,       10.1,        101,       5.05   ,   0.250796
          2,  393,        554,        650,       10.1,        101,       5.05   ,   -1.57058
          2,  394,        940,        577,       10.1,        101,       5.05   ,   0.964363
          2,  395,         36,        906,       10.1,        101,       5.05   ,   -1.00483
          2,  396,        339,        758,       10.1,        101,       5.05   ,   -1.49863
          2,  397,         80,        506,       10.1,        101,       5.05   ,  -0.578371
          2,  398,        749,        121,       10.1,        101,       5.05   ,    0.30742
          2,  399,        255,        588,       10.1,        101,       5.05   ,  -0.483944
          2,  400,        710,        983,       10.1,        101,       5.05   ,  -0.164331
          2,  401,        656,        783,       10.1,        101,       5.05   ,    -1.4498
          2,  402,        565,         29,       10.1,        101,       5.05   ,   -1.02265
          2,  403,         65,        158,       10.1,        101,       5.05   ,    1.43377
          2,  404,        178,        859,       10.1,        101,       5.05   ,  -0.186305
          2,  405,        867,         85,       10.1,        101,       5.05   ,    1.49864
          2,  406,        345,        116,       10.1,        101,       5.05   ,  -0.867114
          2,  407,        482,        280,       10.1,        101,       5.05   ,  -0.112168
          2,  408,        400,        110,       10.1,        101,       5.05   ,    -1.0304
          2,  409,        474,        549,       10.1,        101,       5.05   ,   -1.14047
          2,  410,        232,        130,       10.1,        101,       5.05   ,   -0.62255
          2,  411,        931,        173,       10.1,        101,       5.05   ,   0.168486
          2,  412,        732,        571,       10.1,        101,       5.05   ,  -0.881323
          2,  413,        973,        861,       10.1,        101,       5.05   ,   0.259278
          2,  414,        709,        928,       10.1,        101,       5.05   ,    1.34295
          2,  415,        324,        111,       10.1,        101,       5.05   ,    1.12538
          2,  416,        796,        398,       10.1,        101,       5.05   ,   0.110392
          2,  417,        397,        571,       10.1,        101,       5.05   ,   0.300812
          2,  418,        107,        904,       10.1,        101,       5.05   ,   -0.69769
          2,  419,        595,        858,       10.1,        101,       5.05   ,   -1.02936
          2,  420,        705,        199,       10.1,        101,       5.05   ,  0.0804541
          2,  421,        322,        248,       10.1,        101,       5.05   ,    0.33821
          2,  422,        746,        765,       10.1,        101,       5.05   ,   -0.34641
          2,  423,        200,        500,       10.1,        101,       5.05   ,  -0.599673
          2,  424,        726,        439,       10.1,        101,       5.05   ,   -1.51917
          2,  425,        550,        942,       10.1,        101,       5.05   ,   -1.44807
          2,  426,        195,        787,       10.1,        101,       5.05   ,  -0.774265
          2,  427,        423,        511,       10.1,        101,       5.05   ,  -0.530182
          2,  428,        861,        582,       10.1,        101,       5.05   ,   0.984629
          2,  429,        957,        737,       10.1,        101,       5.05   ,  -0.959235
          2,  430,        863,        606,       10.1,        101,       5.05   ,    1.45208
          2,  431,        376,        271,       10.1,        101,       5.05   ,   0.748212
          2,  432,        126,        441,       10.1,        101,       5.05   ,    1.30914
          2,  433,        304,        460,       10.1,        101,       5.05   ,    0.40339
          2,  434,        910,        230,       10.1,        101,       5.05   ,   0.109855
          2,  435,        598,        532,       10.1,        101,       5.05   ,   0.824551
          2,  436,        577,        335,       10.1,        101,       5.05   ,  -0.207485
          2,  437,          3,         45,       10.1,        101,       5.05   ,    0.75367
          2,  438,        794,        384,       10.1,        101,       5.05   ,    1.09458
          2,  439,         87,        759,       10.1,        101,       5.05   ,   -1.28407
          2,  440,        426,        241,       10.1,        101,       5.05   ,  -0.377127
          2,  441,        577,        198,       10.1,        101,       5.05   ,   -1.51015
          2,  442,        641,        590,       10.1,        101,       5.05   ,  0.0392918
          2,  443,        333,        485,       10.1,        101,       5.05   ,   -1.44981
          2,  444,        423,         18,       10.1,        101,       5.05   ,  -0.446784
          2,  445,         26,        878,       10.1,        101,       5.05   ,   0.662619
          2,  446,        621,        397,       10.1,        101,       5.05   ,   -1.54636
          2,  447,        844,        394,       10.1,        101,       5.05   ,   -0.48052
          2,  448,        844,        531,       10.1,        101,       5.05   ,    1.03281
          2,  449,        593,        304,       10.1,        101,       5.05   ,    1.08674
          2,  450,        814,        458,       10.1,        101,       5.05   ,   -1.54887
          2,  451,        825,        246,       10.1,        101,       5.05   ,   0.665629
          2,  452,        725,        788,       10.1,        101,       5.05   ,    1.40222
          2,  453,         35,        115,       10.1,        101,       5.05   ,   0.654721
          2,  454,        753,        124,       10.1,        101,       5.05   ,    1.04474
          2,  455,        242,        106,       10.1,        101,       5.05   ,  -0.847331
          2,  456,        917,        639,       10.1,        101,       5.05   ,   -1.12257
          2,  457,         62,        909,       10.1,        101,       5.05   ,   -1.24638
          2,  458,        561,        200,       10.1,        101,       5.05   ,    1.04954
          2,  459,        520,        683,       10.1,        101,       5.05   ,  -0.320358
          2,  460,         31,        930,       10.1,        101,       5.05   ,    1.40526
          2,  461,        286,        889,       10.1,        101,       5.05   ,  -0.759469
          2,  462,        428,        462,       10.1,        101,       5.05   ,   0.759029
          2,  463,        993,        974,       10.1,        101,       5.05   ,   -1.28966
          2,  464,         85,        369,       10.1,        101,       5.05   ,  -0.420214
          2,  465,        969,        556,       10.1,        101,       5.05   ,   0.980929
          2,  466,        182,        634,       10.1,        101,       5.05   ,    1.32369
          2,  467,        975,        341,       10.1,        101,       5.05   ,   0.188337
          2,  468,        151,        894,       10.1,        101,       5.05   ,  -0.333292
          2,  469,        542,        121,       10.1,        101,       5.05   ,   0.278685
          2,  470,        736,         12,       10.1,        101,       5.05   ,    1.26276
          2,  471,        390,        209,       10.1,        101,       5.05   ,   0.141523
          2,  472,         52,        318,       10.1,        101,       5.05   ,  -0.947052
          2,  473,        378,        727,       10.1,        101,       5.05   ,    1.39143
          2,  474,        816,        331,       10.1,        101,       5.05   ,   -1.19321
          2,  475,        405,         84,       10.1,        101,       5.05   ,   -1.11779
          2,  476,        599,        452,       10.1,        101,       5.05   ,  -0.731437
          2,  477,        325,        799,       10.1,        101,       5.05   ,   -1.52029
          2,  478,        542,        956,       10.1,        101,       5.05   ,   0.286126
          2,  479,        315,        282,       10.1,        101,       5.05   ,  -0.689141
          2,  480,        137,         86,       10.1,        101,       5.05   ,    0.24131
          2,  481,        977,        906,       10.1,        101,       5.05   ,   0.951179
          2,  482,        766,        354,       10.1,        101,       5.05   ,   -1.29346
          2,  483,        357,        648,       10.1,        101,       5.05   ,  -0.350005
          2,  484,        660,        790,       10.1,        101,       5.05   ,   -1.34112
          2,  485,        159,        849,       10.1,        101,       5.05   ,   -1.23505
          2,  486,        130,        610,       10.1,        101,       5.05   ,  -0.186575
          2,  487,        204,        106,       10.1,        101,       5.05   ,   0.705246
          2,  488,        342,        778,       10.1,        101,       5.05   ,   0.405993
          2,  489,        995,        973,       10.1,        101,       5.05   ,   -1.36693
          2,  490,        773,        533,       10.1,        101,       5.05   ,   0.337577
          2,  491,        270,        764,       10.1,        101,       5.05   ,    1.46207
          2,  492,         20,        793,       10.1,        101,       5.05   ,    1.50681
          2,  493,        199,        398,       10.1,        101,       5.05   ,  -0.892531
          2,  494,        288,         20,       10.1,        101,       5.05   ,   0.811672
          2,  495,        831,        870,       10.1,        101,       5.05   ,  -0.146993
          2,  496,        242,        108,       10.1,        101,       5.05   ,     -1.222
          2,  497,         37,         67,       10.1,        101,       5.05   ,   -0.25271
          2,  498,        750,        188,       10.1,        101,       5.05   , -0.0581787
          2,  499,        557,        546,       10.1,        101,       5.05   ,  -0.955209
          2,  500,        879,        814,       10.1,        101,       5.05   ,   -1.00018
          2,  501,        538,        238,       10.1,        101,       5.05   ,    1.26756
          2,  502,        377,        202,       10.1,        101,       5.05   ,   -1.25216
          2,  503,         94,        658,       10.1,        101,       5.05   ,  -0.910589
          2,  504,        209,        841,       10.1,        101,       5.05   ,  -0.615353
          2,  505,        188,        118,       10.1,        101,       5.05   ,   0.308842
          2,  506,         99,        778,       10.1,        101,       5.05   ,   0.916965
          2,  507,        755,        226,       10.1,        101,       5.05   ,    -0.1835
          2,  508,        229,        611,       10.1,        101,       5.05   ,   0.974766
          2,  509,        944,        572,       10.1,        101,       5.05   ,    1.12304
          2,  510,        320,        265,       10.1,        101,       5.05   ,   0.428758
          2,  511,         68,        827,       10.1,        101,       5.05   ,   -1.31271
          2,  512,        519,        187,       10.1,        101,       5.05   ,  0.0404342
          2,  513,        685,        827,       10.1,        101,       5.05   ,   -1.35994
          2,  514,        428,        240,       10.1,        101,       5.05   ,  -0.199623
          2,  515,        808,        465,       10.1,        101,       5.05   ,   0.123415
          2,  516,         49,        364,       10.1,        101,       5.05   ,   0.898609
          2,  517,         17,        273,       10.1,        101,       5.05   ,    1.40702
          2,  518,        532,        258,       10.1,        101,       5.05   ,   0.774805
          2,  519,        423,        570,       10.1,        101,       5.05   ,    1.40182
          2,  520,        694,        227,       10.1,        101,       5.05   ,  -0.652787
          2,  521,          8,        904,       10.1,        101,       5.05   ,    1.01266
          2,  522,        691,        376,       10.1,        101,       5.05   ,     1.1015
          2,  523,        784,          6,       10.1,        101,       5.05   ,    1.56833
          2,  524,        151,        651,       10.1,        101,       5.05   ,  -0.992566
          2,  525,        755,        303,       10.1,        101,       5.05   ,  -0.367598
          2,  526,        339,        883,       10.1,        101,       5.05   ,  0.0925772
          2,  527,         63,        301,       10.1,        101,       5.05   ,   0.349405
          2,  528,          7,        891,       10.1,        101,       5.05   ,    1.46834
          2,  529,        949,        823,       10.1,        101,       5.05   ,     1.3988
          2,  530,        561,         96,       10.1,        101,       5.05   , -0.0869075
          2,  531,        445,        592,       10.1,        101,       5.05   ,  -0.780235
          2,  532,        876,        613,       10.1,        101,       5.05   ,   -1.53509
          2,  533,        266,        300,       10.1,        101,       5.05   ,   0.657234
          2,  534,        926,        539,       10.1,        101,       5.05   ,  -0.170081
          2,  535,        392,        903,       10.1,        101,       5.05   ,   0.565956
          2,  536,        337,         77,       10.1,        101,       5.05   ,     1.1799
          2,  537,        262,        253,       10.1,        101,       5.05   ,    1.51114
          2,  538,        944,        537,       10.1,        101,       5.05   ,  -0.732417
          2,  539,        958,        518,       10.1,        101,       5.05   ,   0.867066
          2,  540,        679,        475,       10.1,        101,       5.05   ,    -1.0283
          2,  541,        347,        407,       10.1,        101,       5.05   ,   -1.39232
          2,  542,        913,        560,       10.1,        101,       5.05   ,    1.45189
          2,  543,        875,        355,       10.1,        101,       5.05   ,   0.975715
          2,  544,        530,        672,       10.1,        101,       5.05   ,   0.316372
          2,  545,        597,        663,       10.1,        101,       5.05   ,   0.938124
          2,  546,         54,        906,       10.1,        101,       5.05   ,    1.29375
          2,  547,        560,        860,       10.1,        101,       5.05   ,   0.261287
          2,  548,        926,        122,       10.1,        101,       5.05   ,   0.729011
          2,  549,        415,        471,       10.1,        101,       5.05   ,   0.682915
          2,  550,        686,        850,       10.1,        101,       5.05   ,  -0.208226
          2,  551,        395,        912,       10.1,        101,       5.05   ,    0.55328
          2,  552,        735,        370,       10.1,        101,       5.05   ,   0.613446
          2,  553,        434,        178,       10.1,        101,       5.05   ,    1.24273
          2,  554,        515,         90,       10.1,        101,       5.05   ,    1.40238
          2,  555,        189,         52,       10.1,        101,       5.05   ,    1.02327
          2,  556,        798,        821,       10.1,        101,       5.05   ,  -0.957328
          2,  557,        588,        993,       10.1,        101,       5.05   ,  -0.607612
          2,  558,        783,        530,       10.1,        101,       5.05   ,    0.30852
          2,  559,        434,        298,       10.1,        101,       5.05   ,    1.21796
          2,  560,        337,         61,       10.1,        101,       5.05   ,   0.593777
          2,  561,         60,        429,       10.1,        101,       5.05   ,   0.146549
          2,  562,        490,        955,       10.1,        101,       5.05   ,  -0.484491
          2,  563,        355,        187,       10.1,        101,       5.05   ,  -0.591223
          2,  564,        233,        346,       10.1,        101,       5.05   ,   -1.41957
          2,  565,        889,         21,       10.1,        101,       5.05   ,   0.886884
          2,  566,        168,        428,       10.1,        101,       5.05   ,   -1.33153
          2,  567,        542,        335,       10.1,        101,       5.05   ,   -1.38667
          2,  568,        216,        672,       10.1,        101,       5.05   ,   -1.23342
          2,  569,        588,        337,       10.1,        101,       5.05   ,    0.13507
          2,  570,        779,        343,       10.1,        101,       5.05   ,   -1.40805
          2,  571,        439,        406,       10.1,        101,       5.05   ,   0.216437
          2,  572,         42,        298,       10.1,        101,       5.05   ,     1.1305
          2,  573,        835,        326,       10.1,        101,       5.05   ,   -1.14495
          2,  574,        973,        941,       10.1,        101,       5.05   ,   0.164301
          2,  575,        410,        637,       10.1,        101,       5.05   ,   -1.27229
          2,  576,        255,        949,       10.1,        101,       5.05   ,   -0.32075
          2,  577,        616,        763,       10.1,        101,       5.05   ,   0.806321
          2,  578,        934,        666,       10.1,        101,       5.05   ,   0.810104
          2,  579,         60,        380,       10.1,        101,       5.05   ,  -0.240962
          2,  580,        384,         10,       10.1,        101,       5.05   ,    1.56165
          2,  581,        580,        879,       10.1,        101,       5.05   ,   0.504905
          2,  582,        884,        837,       10.1,        101,       5.05   ,   -1.40622
          2,  583,        458,        670,       10.1,        101,       5.05   ,   -1.46726
          2,  584,        339,        320,       10.1,        101,       5.05   ,   -1.40851
          2,  585,        166,        726,       10.1,        101,       5.05   ,   -0.61882
          2,  586,        668,        291,       10.1,        101,       5.05   ,  -0.295886
          2,  587,        581,        288,       10.1,        101,       5.05   ,    1.39375
          2,  588,        456,        722,       10.1,        101,       5.05   ,  -0.771387
          2,  589,        966,        853,       10.1,        101,       5.05   ,  -0.862601
          2,  590,        881,        558,       10.1,        101,       5.05   ,  -0.554219
          2,  591,        430,        450,       10.1,        101,       5.05   ,  -0.222646
          2,  592,        791,        259,       10.1,        101,       5.05   ,    1.08991
          2,  593,        907,        805,       10.1,        101,       5.05   ,   0.499742
          2,  594,        173,        201,       10.1,        101,       5.05   ,   0.450078
          2,  595,        165,        371,       10.1,        101,       5.05   ,   0.136321
          2,  596,         29,        539,       10.1,        101,       5.05   ,   0.916246
          2,  597,          1,        734,       10.1,        101,       5.05   ,    1.34191
          2,  598,        309,         94,       10.1,        101,       5.05   ,   -0.03959
          2,  599,        155,        379,       10.1,        101,       5.05   ,  -0.969826
          2,  600,        595,          1,       10.1,        101,       5.05   ,   -1.24308
          2,  601,        267,        655,       10.1,        101,       5.05   ,    1.55507
          2,  602,        291,        107,       10.1,        101,       5.05   ,    -1.0329
          2,  603,        482,        632,       10.1,        101,       5.05   ,  -0.879976
          2,  604,        185,        340,       10.1,        101,       5.05   ,   -1.56914
          2,  605,        795,        501,       10.1,        101,       5.05   ,   -1.42685
          2,  606,        812,        864,       10.1,        101,       5.05   ,   -1.21142
          2,  607,        395,        721,       10.1,        101,       5.05   , -0.0513866
          2,  608,        630,        220,       10.1,        101,       5.05   ,  -0.971718
          2,  609,        198,        384,       10.1,        101,       5.05   ,  0.0138744
          2,  610,        708,        435,       10.1,        101,       5.05   ,   -1.53975
          2,  611,        664,         13,       10.1,        101,       5.05   ,  -0.824158
          2,  612,        221,        110,       10.1,        101,       5.05   ,   -1.40983
          2,  613,        857,          5,       10.1,        101,       5.05   ,   -1.39679
          2,  614,        138,        852,       10.1,        101,       5.05   ,   0.136561
          2,  615,        375,         99,       10.1,        101,       5.05   ,    1.38531
          2,  616,        727,        808,       10.1,        101,       5.05   ,    0.96368
          2,  617,        196,        809,       10.1,        101,       5.05   ,    1.12733
          2,  618,        968,        880,       10.1,        101,       5.05   ,   0.898149
          2,  619,        868,        174,       10.1,        101,       5.05   ,   0.516937
          2,  620,        435,        116,       10.1,        101,       5.05   ,   -0.73585
          2,  621,        425,        710,       10.1,        101,       5.05   ,   -1.01898
          2,  622,        244,        645,       10.1,        101,       5.05   ,  -0.411465
          2,  623,        407,        125,       10.1,        101,       5.05   ,   0.771881
          2,  624,        484,        805,       10.1,        101,       5.05   ,   -1.23776
          2,  625,        299,        190,       10.1,        101,       5.05   ,   0.805017
          2,  626,        898,        202,       10.1,        101,       5.05   ,   -0.22458
          2,  627,        262,        599,       10.1,        101,       5.05   ,    1.43934
          2,  628,        380,        858,       10.1,        101,       5.05   ,   0.592784
          2,  629,        279,        976,       10.1,        101,       5.05   ,   0.319868
          2,  630,        847,        425,       10.1,        101,       5.05   ,  -0.852932
          2,  631,        471,        854,       10.1,        101,       5.05   ,    1.07608
          2,  632,        299,        549,       10.1,        101,       5.05   ,  0.0545664
          2,  633,        116,        865,       10.1,        101,       5.05   ,  -0.991713
          2,  634,        795,        709,       10.1,        101,       5.05   ,   -1.10368
          2,  635,        370,        513,       10.1,        101,       5.05   ,  0.0445385
          2,  636,        575,         73,       10.1,        101,       5.05   ,   0.869847
          2,  637,        925,        391,       10.1,        101,       5.05   ,  -0.357745
          2,  638,        950,        899,       10.1,        101,       5.05   ,    1.15844
          2,  639,        366,         79,       10.1,        101,       5.05   ,  -0.574184
          2,  640,        183,        401,       10.1,        101,       5.05   ,   0.327979
          2,  641,        425,        590,       10.1,        101,       5.05   ,  -0.996079
          2,  642,         47,        581,       10.1,        101,       5.05   ,   0.723945
          2,  643,        696,        271,       10.1,        101,       5.05   ,    1.14054
          2,  644,        556,        682,       10.1,        101,       5.05   ,   -1.20675
          2,  645,        727,        667,       10.1,        101,       5.05   ,    1.54297
          2,  646,        520,        396,       10.1,        101,       5.05   ,   0.860339
          2,  647,        933,        782,       10.1,        101,       5.05   ,    1.30194
          2,  648,        154,        713,       10.1,        101,       5.05   ,    1.11843
          2,  649,         50,        261,       10.1,        101,       5.05   ,  -0.874533
          2,  650,         36,        128,       10.1,        101,       5.05   ,   0.596303
          2,  651,        726,        260,       10.1,        101,       5.05   ,  -0.618538
          2,  652,        273,        727,       10.1,        101,       5.05   ,  -0.151913
          2,  653,        884,        710,       10.1,        101,       5.05   ,  -0.677713
          2,  654,        317,        232,       10.1,        101,       5.05   ,   -1.30601
          2,  655,         65,        482,       10.1,        101,       5.05   ,   -0.15277
          2,  656,         40,        832,       10.1,        101,       5.05   ,  -0.373495
          2,  657,        697,        357,       10.1,        101,       5.05   ,     1.2808
          2,  658,        531,        840,       10.1,        101,       5.05   ,   0.657042
          2,  659,        671,        338,       10.1,        101,       5.05   ,   0.875538
          2,  660,        443,         70,       10.1,        101,       5.05   ,   -0.74231
          2,  661,        827,        596,       10.1,        101,       5.05   ,   -1.28308
          2,  662,        238,        838,       10.1,        101,       5.05   ,   -1.34649
          2,  663,        997,        385,       10.1,        101,       5.05   ,   0.602728
          2,  664,        398,        126,       10.1,        101,       5.05   ,   -1.45482
          2,  665,        718,        925,       10.1,        101,       5.05   ,  -0.492855
          2,  666,        555,        701,       10.1,        101,       5.05   ,   0.618563
          2,  667,        573,        749,       10.1,        101,       5.05   , -0.0996023
          2,  668,        261,        578,       10.1,        101,       5.05   ,    1.10124
          2,  669,        949,        513,       10.1,        101,       5.05   ,  -0.434672
          2,  670,        831,        457,       10.1,        101,       5.05   ,  -0.958947
          2,  671,        841,        159,       10.1,        101,       5.05   ,    1.54009
          2,  672,        867,        824,       10.1,        101,       5.05   ,  -0.627949
          2,  673,        190,        727,       10.1,        101,       5.05   ,   0.777275
          2,  674,         14,        898,       10.1,        101,       5.05   ,  -0.147497
          2,  675,        346,        444,       10.1,        101,       5.05   ,    1.00095
          2,  676,        710,        388,       10.1,        101,       5.05   ,  -0.995486
------------------------------------------------------------------------------
Component[2] Total Sloped Parallelepiped = 676