Component 2 maximum area=0.323322 [on 1000x1000]
Component type: Sloped rectangle
---------------------------------------------------------------------------------------
--------------|------- Center-----|----- dimensions---------|----------------------
component| id|   X        |     Y    |  Width/a     | height/b |   hoop   |   Slope    
---------------------------------------------------------------------------------------
          2,    1,        616,         16,       10.1,        101,       5.05   , -0.0668733
          2,    2,        266,        877,       10.1,        101,       5.05   ,   -1.12671
          2,    3,        255,         81,       10.1,        101,       5.05   ,   0.953193
          2,    4,        949,        419,       10.1,        101,       5.05   ,  -0.164701
          2,    5,        719,        243,       10.1,        101,       5.05   ,  -0.534268
          2,    6,        298,        441,       10.1,        101,       5.05   ,  -0.275053
          2,    7,        622,        808,       10.1,        101,       5.05   ,   -1.56839
          2,    8,        738,        107,       10.1,        101,       5.05   ,   0.208519
          2,    9,        960,        401,       10.1,        101,       5.05   ,   0.149077
          2,   10,         77,        206,       10.1,        101,       5.05   ,    0.57938
          2,   11,        392,         89,       10.1,        101,       5.05   ,   -1.14864
          2,   12,        803,        573,       10.1,        101,       5.05   ,   0.207825
          2,   13,         77,        347,       10.1,        101,       5.05   ,      1.092
          2,   14,        992,        425,       10.1,        101,       5.05   ,  0.0778445
          2,   15,        594,        951,       10.1,        101,       5.05   ,  -0.535226
          2,   16,        832,         19,       10.1,        101,       5.05   ,    1.30587
          2,   17,        772,        885,       10.1,        101,       5.05   ,   0.422054
          2,   18,        806,         49,       10.1,        101,       5.05   ,  -0.820633
          2,   19,        704,        656,       10.1,        101,       5.05   ,   -1.25356
          2,   20,        551,        283,       10.1,        101,       5.05   ,    1.49186
          2,   21,        170,        891,       10.1,        101,       5.05   ,   -0.63788
          2,   22,        960,        450,       10.1,        101,       5.05   ,   0.242485
          2,   23,        759,        215,       10.1,        101,       5.05   ,  -0.394836
          2,   24,        960,        863,       10.1,        101,       5.05   ,  -0.767802
          2,   25,        623,        446,       10.1,        101,       5.05   ,   -1.42597
          2,   26,        385,        248,       10.1,        101,       5.05   ,   -1.23896
          2,   27,        643,        969,       10.1,        101,       5.05   ,   0.549804
          2,   28,        197,        123,       10.1,        101,       5.05   ,  0.0337982
          2,   29,        954,        309,       10.1,        101,       5.05   ,   0.650907
          2,   30,        484,        801,       10.1,        101,       5.05   ,   0.190768
          2,   31,        177,        696,       10.1,        101,       5.05   ,  -0.342759
          2,   32,        117,        638,       10.1,        101,       5.05   ,   -1.11281
          2,   33,        351,        698,       10.1,        101,       5.05   ,  -0.960721
          2,   34,        918,        726,       10.1,        101,       5.05   ,    1.54259
          2,   35,        947,        746,       10.1,        101,       5.05   ,   0.657053
          2,   36,        740,        618,       10.1,        101,       5.05   ,    1.13995
          2,   37,        185,        450,       10.1,        101,       5.05   ,    1.19052
          2,   38,         86,        690,       10.1,        101,       5.05   ,   -0.95225
          2,   39,        508,        135,       10.1,        101,       5.05   ,   -1.05528
          2,   40,        270,        626,       10.1,        101,       5.05   ,  -0.180308
          2,   41,        451,        622,       10.1,        101,       5.05   ,   0.336293
          2,   42,        185,        104,       10.1,        101,       5.05   ,  -0.446651
          2,   43,        150,        147,       10.1,        101,       5.05   ,  -0.602643
          2,   44,        189,        841,       10.1,        101,       5.05   ,  -0.138157
          2,   45,        522,        168,       10.1,        101,       5.05   ,   -1.28764
          2,   46,        801,        445,       10.1,        101,       5.05   ,   -1.51496
          2,   47,        454,        218,       10.1,        101,       5.05   ,  -0.524601
          2,   48,         63,         54,       10.1,        101,       5.05   ,   -0.92539
          2,   49,        131,        503,       10.1,        101,       5.05   ,   0.672272
          2,   50,         42,        678,       10.1,        101,       5.05   ,   0.238859
          2,   51,        355,        870,       10.1,        101,       5.05   ,    1.48213
          2,   52,        783,        373,       10.1,        101,       5.05   ,    1.16089
          2,   53,         58,        565,       10.1,        101,       5.05   ,   0.118053
          2,   54,        625,        196,       10.1,        101,       5.05   ,   -0.12928
          2,   55,        898,        306,       10.1,        101,       5.05   ,    -1.0715
          2,   56,        525,        257,       10.1,        101,       5.05   ,  -0.487911
          2,   57,        928,        510,       10.1,        101,       5.05   ,  -0.444385
          2,   58,        455,        435,       10.1,        101,       5.05   ,   0.405985
          2,   59,         57,         72,       10.1,        101,       5.05   ,  -0.207954
          2,   60,        445,        207,       10.1,        101,       5.05   ,  -0.194722
          2,   61,         26,        362,       10.1,        101,       5.05   ,  -0.976303
          2,   62,        305,        962,       10.1,        101,       5.05   ,   0.189595
          2,   63,        392,        391,       10.1,        101,       5.05   ,  -0.289379
          2,   64,        265,        100,       10.1,        101,       5.05   ,  -0.470685
          2,   65,        898,        592,       10.1,        101,       5.05   ,   0.635845
          2,   66,        328,        807,       10.1,        101,       5.05   ,   0.382652
          2,   67,        272,        288,       10.1,        101,       5.05   ,   -1.34325
          2,   68,        833,        969,       10.1,        101,       5.05   ,  -0.989796
          2,   69,        347,        607,       10.1,        101,       5.05   ,   0.790069
          2,   70,        122,        315,       10.1,        101,       5.05   ,    1.34831
          2,   71,         92,        721,       10.1,        101,       5.05   ,  -0.579049
          2,   72,        650,        680,       10.1,        101,       5.05   ,   0.993566
          2,   73,        390,        412,       10.1,        101,       5.05   ,   -0.24344
          2,   74,        325,        692,       10.1,        101,       5.05   ,   0.537276
          2,   75,        286,        292,       10.1,        101,       5.05   ,     1.4595
          2,   76,        333,        417,       10.1,        101,       5.05   ,   0.634029
          2,   77,        992,        862,       10.1,        101,       5.05   ,    -0.6339
          2,   78,        326,        184,       10.1,        101,       5.05   ,  -0.320544
          2,   79,        169,        791,       10.1,        101,       5.05   ,   0.693297
          2,   80,        964,        441,       10.1,        101,       5.05   ,   0.827865
          2,   81,        267,        205,       10.1,        101,       5.05   ,   0.911316
          2,   82,        312,        602,       10.1,        101,       5.05   ,    1.53001
          2,   83,        906,          9,       10.1,        101,       5.05   ,  -0.468428
          2,   84,        831,        361,       10.1,        101,       5.05   ,     1.4112
          2,   85,        994,        634,       10.1,        101,       5.05   ,   0.508382
          2,   86,        412,        457,       10.1,        101,       5.05   ,  -0.855035
          2,   87,        973,        979,       10.1,        101,       5.05   ,   0.349786
          2,   88,        357,        114,       10.1,        101,       5.05   ,   -1.28046
          2,   89,        379,        483,       10.1,        101,       5.05   ,    1.33453
          2,   90,        151,        932,       10.1,        101,       5.05   ,   0.754374
          2,   91,        991,        239,       10.1,        101,       5.05   ,  -0.279332
          2,   92,         78,        787,       10.1,        101,       5.05   ,  -0.748169
          2,   93,         65,        854,       10.1,        101,       5.05   ,    1.11909
          2,   94,        624,        124,       10.1,        101,       5.05   ,    1.02387
          2,   95,        285,        935,       10.1,        101,       5.05   ,   0.908399
          2,   96,        555,        698,       10.1,        101,       5.05   ,  -0.211098
          2,   97,        965,        557,       10.1,        101,       5.05   ,    1.30076
          2,   98,        867,         99,       10.1,        101,       5.05   ,     1.5483
          2,   99,        702,        379,       10.1,        101,       5.05   ,    -1.4566
          2,  100,        962,        390,       10.1,        101,       5.05   ,   -1.33811
          2,  101,        149,         17,       10.1,        101,       5.05   ,    1.38504
          2,  102,         69,        473,       10.1,        101,       5.05   ,   0.839692
          2,  103,        443,        879,       10.1,        101,       5.05   ,   -1.17255
          2,  104,        507,        294,       10.1,        101,       5.05   , -0.0368098
          2,  105,        194,        704,       10.1,        101,       5.05   ,    1.20174
          2,  106,         87,        571,       10.1,        101,       5.05   ,  -0.277254
          2,  107,        136,        422,       10.1,        101,       5.05   ,   0.311347
          2,  108,         26,        455,       10.1,        101,       5.05   ,    1.54552
          2,  109,        715,        497,       10.1,        101,       5.05   ,    1.15543
          2,  110,        407,        706,       10.1,        101,       5.05   ,   -0.27662
          2,  111,        899,        769,       10.1,        101,       5.05   ,     1.4006
          2,  112,        539,        384,       10.1,        101,       5.05   ,   -1.54139
          2,  113,        840,        343,       10.1,        101,       5.05   ,   0.245444
          2,  114,        168,        463,       10.1,        101,       5.05   , -0.0585559
          2,  115,        905,        608,       10.1,        101,       5.05   ,   0.460286
          2,  116,        734,        425,       10.1,        101,       5.05   ,  0.0549241
          2,  117,        419,        425,       10.1,        101,       5.05   ,  -0.408566
          2,  118,        780,        768,       10.1,        101,       5.05   ,  -0.808805
          2,  119,        830,        871,       10.1,        101,       5.05   ,   0.581416
          2,  120,         27,        712,       10.1,        101,       5.05   ,    1.35135
          2,  121,        998,        287,       10.1,        101,       5.05   ,   0.437027
          2,  122,        288,        983,       10.1,        101,       5.05   ,  -0.496706
          2,  123,        464,        437,       10.1,        101,       5.05   ,  -0.203436
          2,  124,        688,        196,       10.1,        101,       5.05   ,    1.56688
          2,  125,        865,        710,       10.1,        101,       5.05   ,    1.31285
          2,  126,        588,        946,       10.1,        101,       5.05   ,   0.391686
          2,  127,        714,        197,       10.1,        101,       5.05   ,-0.000850065
          2,  128,        458,        157,       10.1,        101,       5.05   ,    -1.4087
          2,  129,        472,        387,       10.1,        101,       5.05   ,   -1.46891
          2,  130,        241,        579,       10.1,        101,       5.05   ,    1.06079
          2,  131,        945,        309,       10.1,        101,       5.05   ,   0.723754
          2,  132,        760,        748,       10.1,        101,       5.05   ,  -0.519533
          2,  133,        164,        842,       10.1,        101,       5.05   ,    1.24575
          2,  134,        389,        371,       10.1,        101,       5.05   ,  -0.171498
          2,  135,        188,        105,       10.1,        101,       5.05   ,  -0.602644
          2,  136,        637,        386,       10.1,        101,       5.05   ,   0.304404
          2,  137,         33,        367,       10.1,        101,       5.05   ,   -1.50931
          2,  138,        336,        624,       10.1,        101,       5.05   ,    1.37947
          2,  139,        201,         16,       10.1,        101,       5.05   , -0.0202656
          2,  140,         10,        522,       10.1,        101,       5.05   ,   0.182569
          2,  141,        463,        157,       10.1,        101,       5.05   ,   -1.36246
          2,  142,        311,        431,       10.1,        101,       5.05   ,      0.592
          2,  143,        246,        757,       10.1,        101,       5.05   ,  -0.775797
          2,  144,        920,        727,       10.1,        101,       5.05   ,   0.460093
          2,  145,        227,        266,       10.1,        101,       5.05   ,    0.63858
          2,  146,        687,         86,       10.1,        101,       5.05   ,   0.229812
          2,  147,        596,        763,       10.1,        101,       5.05   ,   0.132705
          2,  148,        451,        575,       10.1,        101,       5.05   ,   -1.37264
          2,  149,        440,        927,       10.1,        101,       5.05   ,   0.449717
          2,  150,        359,        924,       10.1,        101,       5.05   ,   0.952087
          2,  151,        291,        785,       10.1,        101,       5.05   ,    1.03097
          2,  152,        720,        733,       10.1,        101,       5.05   ,   -1.44091
          2,  153,        979,        804,       10.1,        101,       5.05   ,   0.231498
          2,  154,        389,        382,       10.1,        101,       5.05   ,    0.83101
          2,  155,        713,        934,       10.1,        101,       5.05   ,    0.35651
          2,  156,        218,        380,       10.1,        101,       5.05   ,  -0.676822
          2,  157,        774,        267,       10.1,        101,       5.05   ,    1.42131
          2,  158,        339,        236,       10.1,        101,       5.05   ,    0.53222
          2,  159,        222,        846,       10.1,        101,       5.05   ,   0.663821
          2,  160,        541,        437,       10.1,        101,       5.05   ,   0.784822
          2,  161,        398,        741,       10.1,        101,       5.05   ,  -0.552887
          2,  162,        836,        840,       10.1,        101,       5.05   ,  -0.649526
          2,  163,         94,         55,       10.1,        101,       5.05   ,   -1.49441
          2,  164,         95,        306,       10.1,        101,       5.05   ,   0.871563
          2,  165,        654,         96,       10.1,        101,       5.05   ,  -0.408171
          2,  166,        660,        409,       10.1,        101,       5.05   ,   0.431165
          2,  167,        801,        437,       10.1,        101,       5.05   ,    1.44786
          2,  168,        223,        215,       10.1,        101,       5.05   ,    1.20157
          2,  169,        183,        578,       10.1,        101,       5.05   ,   0.271481
          2,  170,         18,        572,       10.1,        101,       5.05   ,   0.238835
          2,  171,        459,        260,       10.1,        101,       5.05   ,    0.41582
          2,  172,        455,        298,       10.1,        101,       5.05   ,  -0.372866
          2,  173,        356,        567,       10.1,        101,       5.05   ,  -0.622464
          2,  174,        820,        330,       10.1,        101,       5.05   ,     1.0252
          2,  175,        680,        927,       10.1,        101,       5.05   ,  -0.985322
          2,  176,        337,        504,       10.1,        101,       5.05   ,    1.37538
          2,  177,        502,        782,       10.1,        101,       5.05   ,  -0.901927
          2,  178,        315,        309,       10.1,        101,       5.05   ,  -0.474628
          2,  179,        797,        979,       10.1,        101,       5.05   ,    1.44656
          2,  180,        837,        451,       10.1,        101,       5.05   ,    1.53483
          2,  181,        743,        389,       10.1,        101,       5.05   ,   0.240248
          2,  182,        117,        973,       10.1,        101,       5.05   ,   0.351269
          2,  183,        918,        203,       10.1,        101,       5.05   ,  -0.666998
          2,  184,        162,        320,       10.1,        101,       5.05   ,   0.908509
          2,  185,        176,        632,       10.1,        101,       5.05   ,   0.117727
          2,  186,        660,         43,       10.1,        101,       5.05   ,  -0.373087
          2,  187,        196,         45,       10.1,        101,       5.05   ,    -1.3163
          2,  188,        254,        208,       10.1,        101,       5.05   ,   -0.08805
          2,  189,        390,        919,       10.1,        101,       5.05   ,  -0.219397
          2,  190,        562,        857,       10.1,        101,       5.05   ,  -0.838944
          2,  191,        930,        783,       10.1,        101,       5.05   , -0.0625908
          2,  192,        339,         47,       10.1,        101,       5.05   ,   -1.51099
          2,  193,        100,        618,       10.1,        101,       5.05   ,   0.796038
          2,  194,        918,        930,       10.1,        101,       5.05   ,   0.885005
          2,  195,        527,        708,       10.1,        101,       5.05   ,   0.507084
          2,  196,        734,        159,       10.1,        101,       5.05   ,   0.545006
          2,  197,        818,         31,       10.1,        101,       5.05   ,   0.879979
          2,  198,        698,        487,       10.1,        101,       5.05   ,   0.472425
          2,  199,        680,        785,       10.1,        101,       5.05   ,   -1.20691
          2,  200,        738,        148,       10.1,        101,       5.05   ,   -1.12004
          2,  201,        963,        620,       10.1,        101,       5.05   ,  -0.423241
          2,  202,        540,        766,       10.1,        101,       5.05   ,   0.704151
          2,  203,        100,        653,       10.1,        101,       5.05   ,    1.15823
          2,  204,         23,        933,       10.1,        101,       5.05   ,   -1.14017
          2,  205,        782,        618,       10.1,        101,       5.05   ,    1.43961
          2,  206,        170,         10,       10.1,        101,       5.05   ,    0.16016
          2,  207,        817,         54,       10.1,        101,       5.05   ,    -1.1107
          2,  208,         73,         98,       10.1,        101,       5.05   ,   0.865767
          2,  209,        902,        292,       10.1,        101,       5.05   ,  -0.792314
          2,  210,        456,        827,       10.1,        101,       5.05   ,    1.06524
          2,  211,        886,        892,       10.1,        101,       5.05   ,    1.09746
          2,  212,        597,        222,       10.1,        101,       5.05   ,  -0.419214
          2,  213,          2,        826,       10.1,        101,       5.05   ,  -0.550876
          2,  214,        635,        180,       10.1,        101,       5.05   ,   -1.41667
          2,  215,        122,        190,       10.1,        101,       5.05   ,   0.714729
          2,  216,        197,        706,       10.1,        101,       5.05   ,    1.51296
          2,  217,        164,         33,       10.1,        101,       5.05   ,   0.365368
          2,  218,        981,        782,       10.1,        101,       5.05   ,  0.0588768
          2,  219,        555,        263,       10.1,        101,       5.05   ,   0.698581
          2,  220,        174,        149,       10.1,        101,       5.05   ,   -1.30541
          2,  221,        347,        478,       10.1,        101,       5.05   ,  0.0539883
          2,  222,        354,        214,       10.1,        101,       5.05   ,   0.657873
          2,  223,         80,        700,       10.1,        101,       5.05   ,  -0.107058
          2,  224,        579,         45,       10.1,        101,       5.05   ,   -1.29834
          2,  225,        127,        616,       10.1,        101,       5.05   ,  -0.855052
          2,  226,        400,        641,       10.1,        101,       5.05   ,   0.486898
          2,  227,        814,        441,       10.1,        101,       5.05   ,    1.42791
          2,  228,        258,        952,       10.1,        101,       5.05   ,  0.0122026
          2,  229,        327,        437,       10.1,        101,       5.05   ,   -0.52053
          2,  230,        869,        386,       10.1,        101,       5.05   ,    1.55443
          2,  231,        480,        680,       10.1,        101,       5.05   ,  -0.859891
          2,  232,        855,        990,       10.1,        101,       5.05   ,   -1.06565
          2,  233,        915,          4,       10.1,        101,       5.05   ,      -0.24
          2,  234,        757,        167,       10.1,        101,       5.05   ,   0.895288
          2,  235,        830,        686,       10.1,        101,       5.05   ,    1.32192
          2,  236,        671,        592,       10.1,        101,       5.05   ,   0.357341
          2,  237,        956,        109,       10.1,        101,       5.05   ,   -1.18489
          2,  238,        234,        807,       10.1,        101,       5.05   ,    1.13787
          2,  239,        454,        939,       10.1,        101,       5.05   ,    1.06512
          2,  240,        682,        116,       10.1,        101,       5.05   ,  -0.564213
          2,  241,        161,        693,       10.1,        101,       5.05   ,  -0.694458
          2,  242,        273,        231,       10.1,        101,       5.05   ,  -0.786803
          2,  243,        669,        829,       10.1,        101,       5.05   ,   -1.06045
          2,  244,        321,        932,       10.1,        101,       5.05   ,   0.737477
          2,  245,        370,        631,       10.1,        101,       5.05   ,   0.633903
          2,  246,        819,        784,       10.1,        101,       5.05   ,   0.634192
          2,  247,        580,        602,       10.1,        101,       5.05   ,   0.605053
          2,  248,        126,        847,       10.1,        101,       5.05   ,   0.378982
          2,  249,        396,        986,       10.1,        101,       5.05   ,  -0.603836
          2,  250,        515,         74,       10.1,        101,       5.05   ,  -0.797364
          2,  251,        764,        302,       10.1,        101,       5.05   ,  -0.160974
          2,  252,        270,        305,       10.1,        101,       5.05   ,  -0.751711
          2,  253,        138,        594,       10.1,        101,       5.05   ,  -0.268047
          2,  254,        378,         70,       10.1,        101,       5.05   ,  -0.462702
          2,  255,        446,         85,       10.1,        101,       5.05   ,     1.1693
          2,  256,        719,        416,       10.1,        101,       5.05   , -0.0541885
          2,  257,        259,        859,       10.1,        101,       5.05   ,   0.773087
          2,  258,        394,        209,       10.1,        101,       5.05   ,  -0.639061
          2,  259,        933,        737,       10.1,        101,       5.05   ,  -0.159619
          2,  260,        542,        906,       10.1,        101,       5.05   ,  -0.298383
          2,  261,        477,        966,       10.1,        101,       5.05   , -0.0466137
          2,  262,        109,        709,       10.1,        101,       5.05   ,   0.811796
          2,  263,        866,        679,       10.1,        101,       5.05   ,   0.044348
          2,  264,        511,         72,       10.1,        101,       5.05   ,    1.36671
          2,  265,        261,        487,       10.1,        101,       5.05   ,  -0.351867
          2,  266,        314,        304,       10.1,        101,       5.05   ,   0.993543
          2,  267,         91,        143,       10.1,        101,       5.05   ,    1.08806
          2,  268,        752,         69,       10.1,        101,       5.05   ,  -0.226571
          2,  269,        445,        699,       10.1,        101,       5.05   ,   -1.15373
          2,  270,        388,        779,       10.1,        101,       5.05   ,   0.948165
          2,  271,        233,        578,       10.1,        101,       5.05   ,  -0.888898
          2,  272,        486,        806,       10.1,        101,       5.05   ,   0.668151
          2,  273,         58,        833,       10.1,        101,       5.05   ,   0.415744
          2,  274,        969,        371,       10.1,        101,       5.05   ,    1.08208
          2,  275,        468,        846,       10.1,        101,       5.05   ,   0.375462
          2,  276,        202,        680,       10.1,        101,       5.05   ,  -0.656017
          2,  277,        117,        112,       10.1,        101,       5.05   ,  -0.251141
          2,  278,        688,        858,       10.1,        101,       5.05   ,   0.169033
          2,  279,        413,        794,       10.1,        101,       5.05   ,  -0.760563
          2,  280,        504,        989,       10.1,        101,       5.05   ,   0.644733
          2,  281,        214,        908,       10.1,        101,       5.05   ,  -0.984885
          2,  282,        495,        563,       10.1,        101,       5.05   ,  0.0474248
          2,  283,         55,        443,       10.1,        101,       5.05   ,   -0.52047
          2,  284,        951,        716,       10.1,        101,       5.05   ,   0.077892
          2,  285,        864,        560,       10.1,        101,       5.05   ,  -0.221574
          2,  286,         59,        239,       10.1,        101,       5.05   ,   0.427251
          2,  287,        607,        910,       10.1,        101,       5.05   ,   -1.54054
          2,  288,        430,        537,       10.1,        101,       5.05   ,  -0.761921
          2,  289,        871,        200,       10.1,        101,       5.05   ,   -1.31034
          2,  290,        779,        612,       10.1,        101,       5.05   ,   0.663163
          2,  291,        387,        892,       10.1,        101,       5.05   ,    -1.1142
          2,  292,        195,        947,       10.1,        101,       5.05   ,     0.1299
          2,  293,        194,        514,       10.1,        101,       5.05   ,   -1.29052
          2,  294,        355,        225,       10.1,        101,       5.05   ,   -1.26286
          2,  295,        671,        383,       10.1,        101,       5.05   ,   0.417677
          2,  296,        214,        409,       10.1,        101,       5.05   ,   0.310903
          2,  297,         93,         22,       10.1,        101,       5.05   , -0.0368698
          2,  298,        639,        351,       10.1,        101,       5.05   ,   -1.07444
          2,  299,        626,        782,       10.1,        101,       5.05   ,   0.169503
          2,  300,        977,        722,       10.1,        101,       5.05   ,  -0.159744
          2,  301,        696,        259,       10.1,        101,       5.05   ,   -1.04819
          2,  302,        252,        700,       10.1,        101,       5.05   ,    0.65783
          2,  303,         97,        852,       10.1,        101,       5.05   ,    0.18761
          2,  304,        625,        647,       10.1,        101,       5.05   ,  0.0822124
          2,  305,        879,        305,       10.1,        101,       5.05   ,  -0.989982
          2,  306,         59,         40,       10.1,        101,       5.05   ,   0.859093
          2,  307,        795,        491,       10.1,        101,       5.05   ,  0.0314106
          2,  308,        600,        995,       10.1,        101,       5.05   ,  -0.264219
          2,  309,        816,        553,       10.1,        101,       5.05   ,   0.559391
          2,  310,        561,        749,       10.1,        101,       5.05   ,  -0.430202
          2,  311,        959,        669,       10.1,        101,       5.05   ,    1.09003
          2,  312,        874,        438,       10.1,        101,       5.05   ,  -0.140995
          2,  313,        783,        367,       10.1,        101,       5.05   ,    1.53777
          2,  314,         28,        871,       10.1,        101,       5.05   ,   -1.20356
          2,  315,        674,         72,       10.1,        101,       5.05   ,    1.30057
          2,  316,        891,        752,       10.1,        101,       5.05   ,   0.981113
          2,  317,        572,        961,       10.1,        101,       5.05   ,   -1.55934
          2,  318,          6,         29,       10.1,        101,       5.05   ,  -0.914654
          2,  319,        392,        101,       10.1,        101,       5.05   ,   0.555791
          2,  320,        853,        452,       10.1,        101,       5.05   ,   0.220374
          2,  321,        141,         85,       10.1,        101,       5.05   ,  -0.433445
          2,  322,         66,        444,       10.1,        101,       5.05   ,  -0.678654
          2,  323,        846,        583,       10.1,        101,       5.05   ,    1.08116
          2,  324,        306,        452,       10.1,        101,       5.05   , -0.0372505
          2,  325,         43,        998,       10.1,        101,       5.05   ,   0.534218
          2,  326,        578,        137,       10.1,        101,       5.05   ,  -0.541176
          2,  327,        793,         39,       10.1,        101,       5.05   ,  -0.341317
          2,  328,        899,        892,       10.1,        101,       5.05   ,   -1.27125
          2,  329,        266,        567,       10.1,        101,       5.05   ,   0.657574
          2,  330,        634,        469,       10.1,        101,       5.05   ,  -0.707135
          2,  331,        559,        965,       10.1,        101,       5.05   ,   -1.55668
          2,  332,        297,        242,       10.1,        101,       5.05   ,  -0.928043
          2,  333,        861,         78,       10.1,        101,       5.05   ,   0.545628
          2,  334,        573,        202,       10.1,        101,       5.05   ,  0.0921204
          2,  335,        911,        444,       10.1,        101,       5.05   ,   -0.70207
          2,  336,        609,        503,       10.1,        101,       5.05   ,    0.47552
          2,  337,        390,        711,       10.1,        101,       5.05   ,    1.09116
          2,  338,        181,        766,       10.1,        101,       5.05   ,   -1.29033
          2,  339,        155,        932,       10.1,        101,       5.05   ,  -0.519484
          2,  340,        271,        198,       10.1,        101,       5.05   ,  -0.854376
          2,  341,        537,        282,       10.1,        101,       5.05   ,   0.801505
          2,  342,        642,        959,       10.1,        101,       5.05   ,  -0.963567
          2,  343,        474,        166,       10.1,        101,       5.05   ,    1.20224
          2,  344,        506,        572,       10.1,        101,       5.05   ,  -0.854691
          2,  345,        628,        355,       10.1,        101,       5.05   ,  -0.420773
          2,  346,        517,        129,       10.1,        101,       5.05   ,   -1.41126
          2,  347,        605,        190,       10.1,        101,       5.05   ,    1.29674
          2,  348,        203,        351,       10.1,        101,       5.05   ,   0.456065
          2,  349,        714,        240,       10.1,        101,       5.05   ,   0.678183
          2,  350,        241,        883,       10.1,        101,       5.05   ,  -0.136402
          2,  351,        646,        254,       10.1,        101,       5.05   ,    1.41606
          2,  352,        166,        869,       10.1,        101,       5.05   ,    1.26825
          2,  353,        497,         83,       10.1,        101,       5.05   ,  -0.808506
          2,  354,        652,        161,       10.1,        101,       5.05   ,   0.955162
          2,  355,        869,        657,       10.1,        101,       5.05   ,   0.881285
          2,  356,        326,        553,       10.1,        101,       5.05   ,   0.996211
          2,  357,        425,        681,       10.1,        101,       5.05   ,    1.19833
          2,  358,        330,        594,       10.1,        101,       5.05   ,    1.21665
          2,  359,        886,        235,       10.1,        101,       5.05   ,   0.213485
          2,  360,        543,        989,       10.1,        101,       5.05   ,    1.52588
          2,  361,        788,        404,       10.1,        101,       5.05   ,   0.540973
          2,  362,        401,        447,       10.1,        101,       5.05   ,  -0.314724
          2,  363,        616,        846,       10.1,        101,       5.05   ,  -0.887999
          2,  364,        310,        130,       10.1,        101,       5.05   ,    1.50893
          2,  365,        270,        399,       10.1,        101,       5.05   ,   -1.50764
          2,  366,        418,        894,       10.1,        101,       5.05   ,   0.904151
          2,  367,        555,        135,       10.1,        101,       5.05   ,   -1.47517
          2,  368,        388,        273,       10.1,        101,       5.05   ,   0.897758
          2,  369,        553,        514,       10.1,        101,       5.05   ,   0.709087
          2,  370,         62,        808,       10.1,        101,       5.05   ,   0.849988
          2,  371,        365,        713,       10.1,        101,       5.05   ,  0.0566018
          2,  372,        944,        547,       10.1,        101,       5.05   ,  -0.963369
          2,  373,        804,        537,       10.1,        101,       5.05   ,   -1.24985
          2,  374,         69,        315,       10.1,        101,       5.05   ,  -0.944508
          2,  375,        327,         67,       10.1,        101,       5.05   ,  -0.548467
          2,  376,        919,        689,       10.1,        101,       5.05   ,  -0.565208
          2,  377,        455,        197,       10.1,        101,       5.05   ,   0.039505
          2,  378,         91,        924,       10.1,        101,       5.05   ,   -1.42112
          2,  379,        745,        293,       10.1,        101,       5.05   ,   0.902196
          2,  380,        866,        127,       10.1,        101,       5.05   ,    1.26746
          2,  381,        249,        514,       10.1,        101,       5.05   ,   -1.31995
          2,  382,        650,        837,       10.1,        101,       5.05   ,  -0.960291
          2,  383,        806,        771,       10.1,        101,       5.05   ,   0.439796
          2,  384,        547,        973,       10.1,        101,       5.05   ,   -1.15623
          2,  385,        968,        134,       10.1,        101,       5.05   ,    0.71017
          2,  386,        861,        216,       10.1,        101,       5.05   ,  -0.640432
          2,  387,        919,        536,       10.1,        101,       5.05   ,   -1.49322
          2,  388,        348,        376,       10.1,        101,       5.05   ,   0.423768
          2,  389,        418,        304,       10.1,        101,       5.05   ,  0.0532845
          2,  390,        542,        317,       10.1,        101,       5.05   ,    1.31749
          2,  391,        817,        656,       10.1,        101,       5.05   ,  -0.688836
          2,  392,        930,        996,       10.1,        101,       5.05   ,   0.855346
          2,  393,        819,        845,       10.1,        101,       5.05   ,    1.55947
          2,  394,        592,        761,       10.1,        101,       5.05   ,   0.219006
          2,  395,         76,        136,       10.1,        101,       5.05   ,   0.519011
          2,  396,        178,        631,       10.1,        101,       5.05   ,    0.59978
          2,  397,        160,        547,       10.1,        101,       5.05   ,   -1.43875
          2,  398,        539,        567,       10.1,        101,       5.05   ,    0.83521
          2,  399,        719,        859,       10.1,        101,       5.05   ,   -1.30003
          2,  400,        639,        887,       10.1,        101,       5.05   ,  -0.937034
          2,  401,        188,        417,       10.1,        101,       5.05   ,-0.00882156
          2,  402,        211,        244,       10.1,        101,       5.05   ,   -1.07672
          2,  403,        767,        678,       10.1,        101,       5.05   ,   0.197867
          2,  404,        987,        106,       10.1,        101,       5.05   ,   0.260283
          2,  405,        788,        920,       10.1,        101,       5.05   ,      1.367
          2,  406,        615,        297,       10.1,        101,       5.05   ,   -1.42294
          2,  407,        283,        992,       10.1,        101,       5.05   ,  -0.938975
          2,  408,         43,        551,       10.1,        101,       5.05   ,   0.920139
          2,  409,        107,        550,       10.1,        101,       5.05   ,   0.934135
          2,  410,        633,        771,       10.1,        101,       5.05   ,   0.485293
          2,  411,        908,        821,       10.1,        101,       5.05   ,   0.728806
          2,  412,        700,         95,       10.1,        101,       5.05   ,   0.184369
          2,  413,        930,        155,       10.1,        101,       5.05   ,    -1.1735
          2,  414,        987,         48,       10.1,        101,       5.05   ,   0.819995
          2,  415,        683,        931,       10.1,        101,       5.05   ,   0.729986
          2,  416,        237,        112,       10.1,        101,       5.05   ,  -0.990534
          2,  417,        694,        824,       10.1,        101,       5.05   ,   -0.27249
          2,  418,        571,        963,       10.1,        101,       5.05   ,  -0.115965
          2,  419,        538,        218,       10.1,        101,       5.05   ,    1.43649
          2,  420,        930,        747,       10.1,        101,       5.05   ,   0.854754
          2,  421,        359,        491,       10.1,        101,       5.05   ,   0.147827
          2,  422,         65,         83,       10.1,        101,       5.05   ,    1.43114
          2,  423,        354,        253,       10.1,        101,       5.05   ,   -1.20741
          2,  424,         30,        706,       10.1,        101,       5.05   ,     1.0924
          2,  425,        526,        835,       10.1,        101,       5.05   ,   -1.51754
          2,  426,        337,        328,       10.1,        101,       5.05   ,   0.194278
          2,  427,         72,        814,       10.1,        101,       5.05   ,   0.961432
          2,  428,        377,        166,       10.1,        101,       5.05   ,     1.3878
          2,  429,        809,        461,       10.1,        101,       5.05   ,   0.194073
          2,  430,        141,        186,       10.1,        101,       5.05   ,    1.24938
          2,  431,        747,        563,       10.1,        101,       5.05   ,    1.23505
          2,  432,        585,        242,       10.1,        101,       5.05   ,  -0.411562
          2,  433,        958,        763,       10.1,        101,       5.05   ,    1.07194
          2,  434,        354,        850,       10.1,        101,       5.05   ,  -0.132298
          2,  435,        539,        127,       10.1,        101,       5.05   ,  -0.343943
          2,  436,        426,         25,       10.1,        101,       5.05   ,  -0.874184
          2,  437,        740,        428,       10.1,        101,       5.05   ,    1.02104
          2,  438,        670,        507,       10.1,        101,       5.05   ,    1.06217
          2,  439,        518,        767,       10.1,        101,       5.05   ,     1.5165
          2,  440,        199,        782,       10.1,        101,       5.05   ,  -0.200843
          2,  441,        227,        397,       10.1,        101,       5.05   ,   0.560398
          2,  442,        122,        355,       10.1,        101,       5.05   , -0.0707855
          2,  443,        931,        516,       10.1,        101,       5.05   ,   0.309321
          2,  444,        621,        987,       10.1,        101,       5.05   ,    1.51013
          2,  445,         21,        387,       10.1,        101,       5.05   ,  -0.993836
          2,  446,        354,        702,       10.1,        101,       5.05   ,   0.757074
          2,  447,        802,        819,       10.1,        101,       5.05   ,    0.92123
          2,  448,        167,        923,       10.1,        101,       5.05   ,   0.271488
          2,  449,        764,        273,       10.1,        101,       5.05   ,    1.14999
          2,  450,        544,        146,       10.1,        101,       5.05   ,   -0.22796
          2,  451,        268,        292,       10.1,        101,       5.05   ,    1.45696
          2,  452,        216,        562,       10.1,        101,       5.05   ,  -0.167196
          2,  453,        701,         98,       10.1,        101,       5.05   ,  -0.477526
          2,  454,        273,         47,       10.1,        101,       5.05   ,  -0.532252
          2,  455,        307,        875,       10.1,        101,       5.05   ,    -1.1247
          2,  456,        441,        251,       10.1,        101,       5.05   , -0.0628133
          2,  457,        350,        624,       10.1,        101,       5.05   ,   -1.10236
          2,  458,        120,        158,       10.1,        101,       5.05   ,    0.10698
          2,  459,        192,        168,       10.1,        101,       5.05   ,  -0.654285
          2,  460,        634,        499,       10.1,        101,       5.05   ,  -0.596704
          2,  461,        818,        334,       10.1,        101,       5.05   ,     1.0125
          2,  462,        861,        927,       10.1,        101,       5.05   ,   0.226942
          2,  463,        243,        780,       10.1,        101,       5.05   ,  -0.960242
          2,  464,        173,        564,       10.1,        101,       5.05   ,    1.24014
          2,  465,        670,        756,       10.1,        101,       5.05   ,   0.278019
          2,  466,        160,         24,       10.1,        101,       5.05   ,  -0.145514
          2,  467,        912,        651,       10.1,        101,       5.05   ,  -0.983152
          2,  468,        681,        354,       10.1,        101,       5.05   ,   0.711591
          2,  469,         11,        530,       10.1,        101,       5.05   ,   0.541288
          2,  470,         51,        146,       10.1,        101,       5.05   ,   -0.52004
          2,  471,        321,        850,       10.1,        101,       5.05   ,   -1.49512
          2,  472,        927,         84,       10.1,        101,       5.05   ,   -1.09635
          2,  473,        635,        343,       10.1,        101,       5.05   ,   0.488991
          2,  474,        622,        603,       10.1,        101,       5.05   ,   -0.41665
          2,  475,         61,         79,       10.1,        101,       5.05   ,  -0.141815
          2,  476,        516,        163,       10.1,        101,       5.05   ,  -0.191602
          2,  477,        105,        902,       10.1,        101,       5.05   ,   0.749012
          2,  478,         89,         66,       10.1,        101,       5.05   ,  0.0214249
          2,  479,        732,        415,       10.1,        101,       5.05   ,  -0.370276
          2,  480,        461,        322,       10.1,        101,       5.05   ,    -1.3375
          2,  481,        253,        670,       10.1,        101,       5.05   ,    -1.3109
          2,  482,        168,        382,       10.1,        101,       5.05   ,   -1.30583
          2,  483,        296,        833,       10.1,        101,       5.05   ,   0.129108
          2,  484,        575,        270,       10.1,        101,       5.05   , -0.0385926
          2,  485,        727,        247,       10.1,        101,       5.05   ,    1.50091
          2,  486,        537,        703,       10.1,        101,       5.05   ,   -1.13652
          2,  487,        564,        996,       10.1,        101,       5.05   ,  -0.863436
          2,  488,        765,         87,       10.1,        101,       5.05   ,    1.29182
          2,  489,        289,         65,       10.1,        101,       5.05   ,  -0.531427
          2,  490,          7,        167,       10.1,        101,       5.05   ,   0.300987
          2,  491,        247,        939,       10.1,        101,       5.05   ,    1.09689
          2,  492,        991,        417,       10.1,        101,       5.05   , 0.00880606
          2,  493,        258,        345,       10.1,        101,       5.05   ,   0.768469
          2,  494,         68,        233,       10.1,        101,       5.05   ,  -0.929647
          2,  495,        773,        816,       10.1,        101,       5.05   ,  -0.954235
          2,  496,        414,        892,       10.1,        101,       5.05   ,   -1.39797
          2,  497,        308,        321,       10.1,        101,       5.05   ,    0.66225
          2,  498,        959,        604,       10.1,        101,       5.05   ,     1.5515
          2,  499,        937,        981,       10.1,        101,       5.05   ,  -0.797041
          2,  500,        605,        334,       10.1,        101,       5.05   ,   -1.22232
          2,  501,        619,         83,       10.1,        101,       5.05   ,   0.632446
          2,  502,        108,        941,       10.1,        101,       5.05   ,    1.35949
          2,  503,        913,        785,       10.1,        101,       5.05   ,   0.946386
          2,  504,        824,        128,       10.1,        101,       5.05   ,  -0.579151
          2,  505,        685,        542,       10.1,        101,       5.05   ,  -0.212618
          2,  506,        619,        705,       10.1,        101,       5.05   ,    1.07845
          2,  507,        967,        284,       10.1,        101,       5.05   ,    1.09726
          2,  508,        516,        424,       10.1,        101,       5.05   ,  -0.110036
          2,  509,        665,        727,       10.1,        101,       5.05   ,   -1.06145
          2,  510,        931,        120,       10.1,        101,       5.05   ,    1.09067
          2,  511,        523,        806,       10.1,        101,       5.05   ,    1.49998
          2,  512,        154,        926,       10.1,        101,       5.05   ,  -0.496475
          2,  513,        886,        725,       10.1,        101,       5.05   ,   -1.08479
          2,  514,        415,        328,       10.1,        101,       5.05   ,  -0.516053
          2,  515,        630,         27,       10.1,        101,       5.05   ,    1.30121
          2,  516,        262,        582,       10.1,        101,       5.05   , -0.0949341
          2,  517,        834,        669,       10.1,        101,       5.05   ,    1.05838
          2,  518,        597,        634,       10.1,        101,       5.05   ,  -0.582977
          2,  519,        575,        144,       10.1,        101,       5.05   ,     1.1004
          2,  520,        454,        791,       10.1,        101,       5.05   ,   -1.42093
          2,  521,        780,        370,       10.1,        101,       5.05   ,  -0.888307
          2,  522,        563,        601,       10.1,        101,       5.05   ,    1.26849
          2,  523,        258,        211,       10.1,        101,       5.05   ,   -1.24234
          2,  524,        982,        154,       10.1,        101,       5.05   ,    1.39174
          2,  525,        419,        909,       10.1,        101,       5.05   ,    1.44485
          2,  526,        106,        178,       10.1,        101,       5.05   ,   -0.90102
          2,  527,        343,        990,       10.1,        101,       5.05   ,   -1.04586
          2,  528,        242,        305,       10.1,        101,       5.05   ,    1.04535
          2,  529,        967,        861,       10.1,        101,       5.05   ,    -1.0114
          2,  530,        917,        228,       10.1,        101,       5.05   ,    1.51995
          2,  531,        748,        505,       10.1,        101,       5.05   ,   0.420787
          2,  532,        336,        339,       10.1,        101,       5.05   ,    -1.4651
          2,  533,        323,        711,       10.1,        101,       5.05   ,   0.638116
          2,  534,        690,        898,       10.1,        101,       5.05   ,    1.26985
          2,  535,        213,        125,       10.1,        101,       5.05   ,    1.12739
          2,  536,        321,        636,       10.1,        101,       5.05   ,   -1.32208
          2,  537,         59,        342,       10.1,        101,       5.05   ,  -0.722465
          2,  538,         96,        558,       10.1,        101,       5.05   ,   -1.50987
          2,  539,        731,        325,       10.1,        101,       5.05   ,   -1.28121
          2,  540,        332,        531,       10.1,        101,       5.05   ,   0.272754
          2,  541,        910,        244,       10.1,        101,       5.05   ,  -0.531227
          2,  542,        669,        905,       10.1,        101,       5.05   ,   -0.69453
          2,  543,        627,        588,       10.1,        101,       5.05   ,   0.218116
          2,  544,        597,        867,       10.1,        101,       5.05   ,    1.40532
          2,  545,        179,         47,       10.1,        101,       5.05   ,    1.52267
          2,  546,        396,        394,       10.1,        101,       5.05   ,  -0.547525
          2,  547,        997,        879,       10.1,        101,       5.05   ,  -0.242032
          2,  548,        179,        808,       10.1,        101,       5.05   ,   0.916947
          2,  549,        441,         18,       10.1,        101,       5.05   ,   0.115881
          2,  550,        397,        738,       10.1,        101,       5.05   ,  -0.474339
          2,  551,        715,        505,       10.1,        101,       5.05   ,  -0.247624
          2,  552,        830,        728,       10.1,        101,       5.05   ,  -0.810288
          2,  553,          8,        432,       10.1,        101,       5.05   ,   0.969033
          2,  554,        354,        385,       10.1,        101,       5.05   ,  -0.286414
          2,  555,        929,        180,       10.1,        101,       5.05   , -0.0928969
          2,  556,        496,        477,       10.1,        101,       5.05   ,     1.5639
          2,  557,        180,        389,       10.1,        101,       5.05   ,   0.825073
          2,  558,        218,         82,       10.1,        101,       5.05   ,   0.231486
          2,  559,        116,         16,       10.1,        101,       5.05   ,   -1.01576
          2,  560,        772,        968,       10.1,        101,       5.05   ,     1.4222
          2,  561,        535,        640,       10.1,        101,       5.05   ,   -1.42896
          2,  562,        600,        393,       10.1,        101,       5.05   ,  -0.306527
          2,  563,        784,        461,       10.1,        101,       5.05   ,   0.721784
          2,  564,        867,        503,       10.1,        101,       5.05   ,    1.06162
          2,  565,        676,        768,       10.1,        101,       5.05   ,    1.04157
          2,  566,        266,        445,       10.1,        101,       5.05   ,  -0.591334
          2,  567,        413,        115,       10.1,        101,       5.05   ,  -0.707506
          2,  568,        583,        620,       10.1,        101,       5.05   ,    1.04756
          2,  569,        602,        457,       10.1,        101,       5.05   ,    1.07543
          2,  570,        739,        977,       10.1,        101,       5.05   ,   0.336636
          2,  571,        787,         36,       10.1,        101,       5.05   ,    1.25026
          2,  572,        135,        818,       10.1,        101,       5.05   ,   0.762548
          2,  573,        716,        889,       10.1,        101,       5.05   ,  -0.923387
          2,  574,        431,        379,       10.1,        101,       5.05   ,   -0.53205
          2,  575,          3,        987,       10.1,        101,       5.05   ,   0.351004
          2,  576,        291,        807,       10.1,        101,       5.05   ,  -0.591895
          2,  577,        839,         69,       10.1,        101,       5.05   ,  -0.918707
          2,  578,        463,        874,       10.1,        101,       5.05   ,    1.56667
          2,  579,        280,        745,       10.1,        101,       5.05   ,   -0.36141
          2,  580,        831,        341,       10.1,        101,       5.05   ,  -0.991504
          2,  581,        314,        735,       10.1,        101,       5.05   ,    1.34472
          2,  582,        748,        113,       10.1,        101,       5.05   ,    1.08922
          2,  583,        754,        190,       10.1,        101,       5.05   ,   0.514798
          2,  584,        771,        428,       10.1,        101,       5.05   ,   0.251447
          2,  585,        887,        841,       10.1,        101,       5.05   ,   -1.02233
          2,  586,        752,        813,       10.1,        101,       5.05   ,  0.0532835
          2,  587,        419,        320,       10.1,        101,       5.05   ,   0.355375
          2,  588,        220,        553,       10.1,        101,       5.05   ,  -0.226678
          2,  589,        901,        114,       10.1,        101,       5.05   ,    1.45788
          2,  590,        646,        129,       10.1,        101,       5.05   ,   0.837015
          2,  591,        118,         13,       10.1,        101,       5.05   , -0.0879204
          2,  592,        160,        961,       10.1,        101,       5.05   ,  -0.383012
          2,  593,        949,         28,       10.1,        101,       5.05   ,  -0.929508
          2,  594,        127,        297,       10.1,        101,       5.05   ,  -0.822937
          2,  595,        338,        148,       10.1,        101,       5.05   ,   0.542023
          2,  596,        233,        169,       10.1,        101,       5.05   ,   0.854246
          2,  597,        616,        733,       10.1,        101,       5.05   ,   -1.02936
          2,  598,        742,        969,       10.1,        101,       5.05   ,  -0.662118
          2,  599,        498,        154,       10.1,        101,       5.05   ,   0.322705
          2,  600,        284,        201,       10.1,        101,       5.05   ,     1.3849
          2,  601,        327,        535,       10.1,        101,       5.05   ,   0.298037
          2,  602,        142,        415,       10.1,        101,       5.05   ,   0.753473
          2,  603,        293,        107,       10.1,        101,       5.05   ,  -0.902201
          2,  604,        144,        180,       10.1,        101,       5.05   ,   -1.13877
          2,  605,         29,        156,       10.1,        101,       5.05   ,   0.217401
          2,  606,        967,        735,       10.1,        101,       5.05   ,   -1.32634
          2,  607,        255,        651,       10.1,        101,       5.05   ,    1.27146
          2,  608,        395,         82,       10.1,        101,       5.05   ,   -1.46095
          2,  609,        580,        837,       10.1,        101,       5.05   ,  -0.107398
          2,  610,        863,        249,       10.1,        101,       5.05   ,   -0.59505
          2,  611,        910,        880,       10.1,        101,       5.05   , -0.0593982
          2,  612,        831,        423,       10.1,        101,       5.05   ,   0.760699
          2,  613,        662,        458,       10.1,        101,       5.05   , -0.0393714
          2,  614,         82,        228,       10.1,        101,       5.05   ,   -1.55543
          2,  615,        298,        299,       10.1,        101,       5.05   ,   -0.59463
          2,  616,        229,        266,       10.1,        101,       5.05   ,   0.819231
          2,  617,        738,         89,       10.1,        101,       5.05   ,   0.553007
          2,  618,        283,        864,       10.1,        101,       5.05   ,   -1.03029
          2,  619,         82,        344,       10.1,        101,       5.05   ,   -1.49047
          2,  620,        648,        263,       10.1,        101,       5.05   ,  -0.110651
          2,  621,        933,        338,       10.1,        101,       5.05   ,   0.461866
          2,  622,        271,        591,       10.1,        101,       5.05   ,  0.0961817
          2,  623,        589,        743,       10.1,        101,       5.05   ,   -1.39752
          2,  624,        258,        287,       10.1,        101,       5.05   ,   0.468007
          2,  625,        868,        852,       10.1,        101,       5.05   ,  -0.401927
          2,  626,        878,        537,       10.1,        101,       5.05   ,    1.01203
          2,  627,         30,         73,       10.1,        101,       5.05   ,  0.0799392
          2,  628,        390,        666,       10.1,        101,       5.05   ,  -0.222671
          2,  629,        771,        193,       10.1,        101,       5.05   ,   -1.27636
          2,  630,        154,        716,       10.1,        101,       5.05   ,   0.559833
          2,  631,        575,        800,       10.1,        101,       5.05   ,   -0.40878
          2,  632,        182,        243,       10.1,        101,       5.05   ,    -1.4294
          2,  633,        343,        732,       10.1,        101,       5.05   ,    -1.1054
          2,  634,        641,        696,       10.1,        101,       5.05   ,  0.0723392
          2,  635,        339,        428,       10.1,        101,       5.05   ,   -1.35736
          2,  636,        488,         45,       10.1,        101,       5.05   ,   0.926702
          2,  637,        687,        216,       10.1,        101,       5.05   ,   -0.29305
          2,  638,        297,        738,       10.1,        101,       5.05   ,   -1.17531
          2,  639,        657,        191,       10.1,        101,       5.05   ,  -0.691013
          2,  640,        302,        162,       10.1,        101,       5.05   ,   -1.29803
          2,  641,        997,        506,       10.1,        101,       5.05   ,  -0.643777
          2,  642,        190,        815,       10.1,        101,       5.05   ,   0.617345
          2,  643,        147,        100,       10.1,        101,       5.05   ,  -0.389882
          2,  644,        933,        702,       10.1,        101,       5.05   ,  -0.872763
          2,  645,        663,        505,       10.1,        101,       5.05   ,   0.268712
          2,  646,        746,        874,       10.1,        101,       5.05   ,    -1.0036
------------------------------------------------------------------------------
Component[2] Total Sloped Parallelepiped = 646
Component[2] Real area in [1000x1000]= 0.323397%=
------------------------------------------------------------------------------
