Rerclolation 2d
Version 1.5.1 (Cluster Analysis - Electric, Thermal, Mechanical properties calculation (in progress...)Report starting: Sat Nov 18 01:31:18 2023

---------------------------------------------------------------------------------------------------
Inputs
|#  ;%Weights;%Spec. Weights;X Dimension;Y Dimension;Type;Size type;      Area;hoop Dist
   0;      0.4;              1;       1e-08;       1e-08;    4;         3;        0.4;        0
   1;      0.3;              1;       1e-08;       2e-08;    3;         0;        0.3;    1e-09
   2;      0.3;              1;       5e-09;     1.2e-08;    1;         1;        0.3;    1e-09
Pixels Per minimum Size:101
Factor [pixelsPerMinimumCircle / minimumSize]:1.01e+10
Maximum Dimension:1e-08
Minimum Dimension:1e-08
Grid size =[2000x2000]
Total iterations: 30
---------------------------------------------------------------------------------------------------
Realiazation No;Percolate Y[1]/N[0]; Process Time; Setup Time   ;% Area Comp[0]  ;% Area Comp[1]  ;% Area Comp[2];Electric Conductivity; Thermal Conductivity; Young Modulus; Poisson Ratio ;Total Conductive Paths;Mean Real Path Length;Current Electric Conductivity
      1;                  1;     0.217;          0.869            ;0            ;0.303169            ;0.300832;      64.9564;      64.9564;  5.12141e+06;       32.777;           67;      3408.24;   0.00051573
      2;                  1;     0.203;          0.329            ;0            ;0.302804            ;0.300391;      378.447;      378.447;       338628;      2.16722;            4;         3639;  5.28476e-06
      3;                  1;     0.142;          0.322            ;0            ;0.301716            ;0.300133;      169.564;      169.564;  1.86402e+06;      11.9297;           30;      4093.57;  8.84623e-05
      4;                  1;     0.186;           0.34            ;0            ;0.300171            ;0.300366;      143.668;      143.668;  2.20419e+06;      14.1068;           34;      3892.91;  0.000118328
      5;                  1;     0.084;          0.326            ;0            ;0.301289            ;0.300792;      689.062;      689.062;       308484;       1.9743;            4;      4033.25;   2.9025e-06
      6;                  1;     0.063;          0.319            ;0            ;0.301142            ;0.300846;      709.803;      709.803;       168372;      1.07758;            2;       4316.5;  1.40884e-06
      7;                  1;     0.201;          0.326            ;0            ;0.30106            ;0.301503;      634.769;      634.769;       221030;      1.41459;            2;         4311;  1.57538e-06
      8;                  1;     0.083;          0.324            ;0            ;0.302583            ;0.300585;      269.152;      269.152;   1.8867e+06;      12.0749;           16;      3058.38;   2.9723e-05
      9;                  1;      0.23;          0.321            ;0            ;0.30162            ;0.300175;      96.6318;      96.6318;  2.75897e+06;      17.6574;           43;      3654.23;  0.000222494
     10;                  0;     0.056;           0.32            ;0            ;0.300652            ;0.300194;            0;            0;       100000;          0.3;            0;            0;            0
     11;                  1;     0.146;          0.309            ;0            ;0.301831            ;0.300075;      175.048;      175.048;  1.47411e+06;      9.43428;           22;      3603.55;    6.284e-05
     12;                  1;     0.179;          0.315            ;0            ;0.300266            ;0.301106;      1148.74;      1148.74;       177003;      1.13282;            2;         3734;  8.70516e-07
     13;                  1;     0.208;           0.32            ;0            ;0.300902            ;0.300033;      303.994;      303.994;       401436;      2.56919;            5;       3296.8;  8.22385e-06
     14;                  1;     0.111;          0.321            ;0            ;0.300201            ;0.300059;      240.298;      240.298;  1.12165e+06;      7.17855;           18;      3747.22;  3.74535e-05
     15;                  0;     0.017;          0.316            ;0            ;0.300707            ;0.300186;            0;            0;       100000;          0.3;            0;            0;            0
     16;                  1;     0.071;          0.313            ;0            ;0.301523            ;0.300119;      1452.04;      1452.04;       117980;     0.755074;            1;         2925;  3.44344e-07
     17;                  1;     0.199;          0.326            ;0            ;0.302182            ;0.300364;      1900.43;      1900.43;      62300.2;     0.398721;            1;         5049;  2.63098e-07
     18;                  1;     0.097;          0.331            ;0            ;0.301269            ;0.301245;      311.139;      311.139;  2.31268e+06;      14.8011;           16;      4119.44;   2.5712e-05
     19;                  1;     0.103;          0.321            ;0            ;0.300789            ;0.300191;      859.773;      859.773;       242115;      1.54954;            3;         4197;  1.74465e-06
     20;                  1;     0.067;          0.316            ;0            ;0.301326            ;0.300689;       801.31;       801.31;  4.96392e+06;      31.7691;            3;      3627.67;  1.87194e-06
     21;                  1;     0.189;           0.32            ;0            ;0.301015            ;0.300517;      306.109;      306.109;       418702;      2.67969;            5;       3392.6;  8.16703e-06
     22;                  1;     0.197;          0.327            ;0            ;0.300315            ;0.301428;      306.872;      306.872;       722399;      4.62335;           11;      3456.18;  1.79228e-05
     23;                  1;      0.18;          0.324            ;0            ;0.302057            ;0.300331;       442.13;       442.13;       244089;      1.56217;            3;      3540.67;  3.39267e-06
     24;                  1;     0.062;          0.321            ;0            ;0.30107            ;0.300214;      587.448;      587.448;       418624;      2.67919;            6;      4262.67;  5.10684e-06
     25;                  1;      0.17;           0.31            ;0            ;0.300021            ;0.300614;      1830.59;      1830.59;       118729;     0.759865;            1;         4312;  2.73136e-07
     26;                  1;     0.121;          0.306            ;0            ;0.301144            ;0.300565;      1037.67;      1037.67;       101813;     0.651602;            2;         5488;  9.63696e-07
     27;                  1;     0.119;          0.335            ;0            ;0.30402            ;0.300524;      119.013;      119.013;  2.51136e+06;      16.0727;           34;      3294.26;  0.000142842
     28;                  1;     0.167;          0.326            ;0            ;0.301353            ;0.300289;      86.0789;      86.0789;   6.3577e+06;      40.6893;           52;      3349.12;  0.000302048
     29;                  1;     0.139;          0.325            ;0            ;0.300459            ;0.30021;      113.606;      113.606;  2.61842e+06;      16.7579;           38;      3656.71;  0.000167244
     30;                  1;     0.126;          0.308            ;0            ;0.30344            ;0.300178;      387.285;      387.285;       234021;      1.49773;            3;      3353.67;  3.87312e-06
---------------------------------------------------------------------------------------------------
Mean Percolation=0.933333
Mean Processing Time=0.137767
Mean set up time=0.339533
Mean correlation Length=0
Mean Area of component[0]=0
Mean Area of component[1]=0.301403
Mean Area of component[2]=0.300492
