Rerclolation 2d
Version 1.6 Cluster Analysis - Electric, Thermal properties - Mechanical properties calculation in progress...Report starting: Thu Jul 18 13:03:21 2024

---------------------------------------------------------------------------------------------------
Inputs
|#  ,%Weights,%Spec. Weights,X Dimension,Y Dimension,Type,Size type,      Area,hoop Dist
   0,     0.37,              1,       1e-08,       1e-08,    4,         3,       0.37,        0
   1,     0.63,              1,       1e-08,       1e-08,    2,         0,       0.63,        0
Pixels Per minimum Size:101
Factor [pixelsPerMinimumCircle / minimumSize]:1.01e+10
Maximum Dimension:1e-08
Minimum Dimension:1e-08
Grid size =[500x500]
Total iterations: 300
---------------------------------------------------------------------------------------------------
Realiazation No,Percolate Y[1]/N[0], Process Time, Setup Time   ,% Area Comp[0]  ,% Area Comp[1],Electric Conductivity, Thermal Conductivity, Young Modulus, Poisson Ratio ,Total Conductive Paths,Mean Real Path Length,Current Electric Conductivity
      1,                  1,     0.019,          0.015            ,1            ,0,  28.02384192,  28.02384192,524313.35230800,   0.00838901,  11.00000000,1095.00000000,   0.00078505
      2,                  1,0.01400000,     0.01100000            ,1.00000000            ,0.00000000,  42.19758216,  42.19758216,348792.93775162,   0.00558069,   8.00000000,1262.87500000,   0.00037917
      3,                  1,0.01600000,     0.00900000            ,1.00000000            ,0.00000000,  52.97234623,  52.97234623,278384.25267064,   0.00445415,   6.00000000,1161.16666667,   0.00022653
      4,                  1,0.01500000,     0.00900000            ,1.00000000            ,0.00000000,  46.73069299,  46.73069299,319172.04529456,   0.00510675,   7.00000000,1247.14285714,   0.00029959
      5,                  1,0.01700000,     0.00800000            ,1.00000000            ,0.00000000,  41.50272652,  41.50272652,371400.30532820,   0.00594240,   8.00000000,1153.75000000,   0.00038552
      6,                  1,0.01600000,     0.01000000            ,1.00000000            ,0.00000000,  32.32290518,  32.32290518,472923.32446562,   0.00756677,  10.00000000,1136.30000000,   0.00061876
      7,                  1,0.01400000,     0.00900000            ,1.00000000            ,0.00000000,  32.23614666,  32.23614666,478340.17553629,   0.00765344,  10.00000000,1106.80000000,   0.00062042
      8,                  1,0.01500000,     0.00900000            ,1.00000000            ,0.00000000,  50.25529895,  50.25529895,287410.44918668,   0.00459857,   6.00000000,1117.50000000,   0.00023878
      9,                  1,0.01700000,     0.00900000            ,1.00000000            ,0.00000000,  26.56929223,  26.56929223,577486.86887176,   0.00923979,  12.00000000,1111.75000000,   0.00090330
     10,                  1,0.01300000,     0.00900000            ,1.00000000            ,0.00000000,  44.10330080,  44.10330080,361756.42575828,   0.00578810,   8.00000000,1262.25000000,   0.00036278
     11,                  1,0.01300000,     0.00900000            ,1.00000000            ,0.00000000,  40.42090360,  40.42090360,367646.46105054,   0.00588234,   8.00000000,1165.25000000,   0.00039583
     12,                  1,0.01400000,     0.00900000            ,1.00000000            ,0.00000000,  48.15356078,  48.15356078,310327.11487404,   0.00496523,   7.00000000,1222.85714286,   0.00029074
     13,                  1,0.01300000,     0.01000000            ,1.00000000            ,0.00000000,  41.91309651,  41.91309651,358233.14279988,   0.00573173,   8.00000000,1238.87500000,   0.00038174
     14,                  1,0.01500000,     0.01000000            ,1.00000000            ,0.00000000,  40.59580211,  40.59580211,370703.37666607,   0.00593125,   8.00000000,1165.25000000,   0.00039413
     15,                  1,0.01500000,     0.00900000            ,1.00000000            ,0.00000000,  31.57551191,  31.57551191,463809.75548299,   0.00742096,  10.00000000,1140.30000000,   0.00063340
     16,                  1,0.01400000,     0.00900000            ,1.00000000            ,0.00000000,  68.38328519,  68.38328519,218353.07212516,   0.00349365,   5.00000000,1310.60000000,   0.00014623
     17,                  1,0.01500000,     0.00900000            ,1.00000000            ,0.00000000,  37.58409922,  37.58409922,404517.30531731,   0.00647228,   9.00000000,1241.44444444,   0.00047893
     18,                  1,0.01800000,     0.01000000            ,1.00000000            ,0.00000000,  38.32910543,  38.32910543,379049.52140491,   0.00606479,   8.00000000,1057.75000000,   0.00041744
     19,                  1,0.01800000,     0.00900000            ,1.00000000            ,0.00000000,  35.58962499,  35.58962499,405099.06692129,   0.00648158,   9.00000000,1183.66666667,   0.00050577
     20,                  1,0.01400000,     0.00900000            ,1.00000000            ,0.00000000,  32.63342493,  32.63342493,460801.08684175,   0.00737282,  10.00000000,1188.30000000,   0.00061287
     21,                  1,0.01400000,     0.00900000            ,1.00000000            ,0.00000000,  31.63937510,  31.63937510,467467.70900325,   0.00747948,  10.00000000,1164.00000000,   0.00063212
     22,                  1,0.01600000,     0.00900000            ,1.00000000            ,0.00000000,  36.27295571,  36.27295571,415442.51726265,   0.00664708,   9.00000000,1193.44444444,   0.00049624
     23,                  1,0.01400000,     0.01000000            ,1.00000000            ,0.00000000,  32.86629712,  32.86629712,453111.41049014,   0.00724978,  10.00000000,1179.00000000,   0.00060853
     24,                  1,0.01500000,     0.00800000            ,1.00000000            ,0.00000000,  44.00742357,  44.00742357,314490.89035965,   0.00503185,   7.00000000,1157.28571429,   0.00031813
     25,                  1,0.01700000,     0.00900000            ,1.00000000            ,0.00000000,  31.06641491,  31.06641491,476173.11593581,   0.00761877,  10.00000000,1096.00000000,   0.00064378
     26,                  1,0.01600000,     0.00900000            ,1.00000000            ,0.00000000,  25.30576245,  25.30576245,577388.01546731,   0.00923821,  12.00000000,1090.41666667,   0.00094840
     27,                  1,0.01500000,     0.00900000            ,1.00000000            ,0.00000000,  30.54035221,  30.54035221,511126.74962981,   0.00817803,  11.00000000,1167.54545455,   0.00072036
     28,                  1,0.01300000,     0.00900000            ,1.00000000            ,0.00000000,  59.52190083,  59.52190083,257678.85755687,   0.00412286,   6.00000000,1329.50000000,   0.00020161
     29,                  1,0.01400000,     0.00900000            ,1.00000000            ,0.00000000,  27.85293257,  27.85293257,528293.57115540,   0.00845270,  11.00000000,1100.54545455,   0.00078986
     30,                  1,0.01600000,     0.00900000            ,1.00000000            ,0.00000000,  44.04072199,  44.04072199,322427.25031318,   0.00515884,   7.00000000,1132.71428571,   0.00031789
     31,                  1,0.01900000,     0.00900000            ,1.00000000            ,0.00000000,  23.71925313,  23.71925313,617413.41950350,   0.00987861,  13.00000000,1068.23076923,   0.00109616
     32,                  1,0.01800000,     0.00800000            ,1.00000000            ,0.00000000,  33.48135723,  33.48135723,431436.13007554,   0.00690298,   9.00000000,1088.44444444,   0.00053761
     33,                  1,0.01600000,     0.00900000            ,1.00000000            ,0.00000000,  36.72345876,  36.72345876,408487.04693547,   0.00653579,   9.00000000,1216.88888889,   0.00049015
     34,                  1,0.01600000,     0.01000000            ,1.00000000            ,0.00000000,  29.05132660,  29.05132660,520115.02159968,   0.00832184,  11.00000000,1131.54545455,   0.00075728
     35,                  1,0.01700000,     0.00900000            ,1.00000000            ,0.00000000,  36.92346392,  36.92346392,417397.66129184,   0.00667836,   9.00000000,1156.55555556,   0.00048749
     36,                  1,0.01600000,     0.00900000            ,1.00000000            ,0.00000000,  36.06628089,  36.06628089,411503.92272279,   0.00658406,   9.00000000,1193.00000000,   0.00049908
     37,                  1,0.01600000,     0.00800000            ,1.00000000            ,0.00000000,  37.02294806,  37.02294806,412322.80160488,   0.00659716,   9.00000000,1154.88888889,   0.00048618
     38,                  1,0.01600000,     0.00900000            ,1.00000000            ,0.00000000,  42.11275920,  42.11275920,363927.64114395,   0.00582284,   8.00000000,1300.00000000,   0.00037993
     39,                  1,0.01500000,     0.00900000            ,1.00000000            ,0.00000000,  31.48647338,  31.48647338,472484.44047589,   0.00755975,  10.00000000,1134.20000000,   0.00063519
     40,                  1,0.01800000,     0.00900000            ,1.00000000            ,0.00000000,  26.62048856,  26.62048856,549092.19180631,   0.00878547,  12.00000000,1142.16666667,   0.00090156
     41,                  1,0.01400000,     0.00900000            ,1.00000000            ,0.00000000,  31.30155151,  31.30155151,486764.69771126,   0.00778823,  10.00000000,1073.60000000,   0.00063895
     42,                  1,0.02100000,     0.00900000            ,1.00000000            ,0.00000000,  25.55878916,  25.55878916,565427.68349145,   0.00904684,  12.00000000,1073.91666667,   0.00093901
     43,                  1,0.01800000,     0.01000000            ,1.00000000            ,0.00000000,  39.61491353,  39.61491353,374554.95525187,   0.00599288,   8.00000000,1211.12500000,   0.00040389
     44,                  1,0.01900000,     0.01100000            ,1.00000000            ,0.00000000,  32.60416123,  32.60416123,462111.58083835,   0.00739379,  10.00000000,1166.90000000,   0.00061342
     45,                  1,0.01700000,     0.01200000            ,1.00000000            ,0.00000000,  41.61164591,  41.61164591,365273.72375269,   0.00584438,   8.00000000,1209.75000000,   0.00038451
     46,                  1,0.01500000,     0.01000000            ,1.00000000            ,0.00000000,  37.59483626,  37.59483626,400515.70836392,   0.00640825,   9.00000000,1260.55555556,   0.00047879
     47,                  1,0.01500000,     0.01300000            ,1.00000000            ,0.00000000,  43.51177715,  43.51177715,358392.95617404,   0.00573429,   8.00000000,1291.00000000,   0.00036772
     48,                  1,0.01200000,     0.01100000            ,1.00000000            ,0.00000000,  49.03878250,  49.03878250,303205.48211008,   0.00485129,   7.00000000,1288.28571429,   0.00028549
     49,                  1,0.01900000,     0.00900000            ,1.00000000            ,0.00000000,  28.87389779,  28.87389779,512499.00997593,   0.00819998,  11.00000000,1135.18181818,   0.00076193
     50,                  1,0.01500000,     0.01100000            ,1.00000000            ,0.00000000,  34.32303992,  34.32303992,419862.88435134,   0.00671781,   9.00000000,1111.22222222,   0.00052443
     51,                  1,0.01800000,     0.00900000            ,1.00000000            ,0.00000000,  27.32757675,  27.32757675,516029.29330677,   0.00825647,  11.00000000,1110.90909091,   0.00080505
     52,                  1,0.01700000,     0.00900000            ,1.00000000            ,0.00000000,  36.69397677,  36.69397677,417068.58250997,   0.00667310,   9.00000000,1168.22222222,   0.00049054
     53,                  1,0.01700000,     0.00900000            ,1.00000000            ,0.00000000,  41.06425410,  41.06425410,356807.24046048,   0.00570892,   8.00000000,1230.37500000,   0.00038963
     54,                  1,0.01000000,     0.01000000            ,1.00000000            ,0.00000000,  47.04861729,  47.04861729,326549.12743717,   0.00522479,   7.00000000,1189.00000000,   0.00029756
     55,                  1,0.01500000,     0.00900000            ,1.00000000            ,0.00000000,  27.83777570,  27.83777570,523861.08601962,   0.00838178,  11.00000000,1092.63636364,   0.00079029
     56,                  1,0.01000000,     0.00900000            ,1.00000000            ,0.00000000,  69.04364613,  69.04364613,223422.37142666,   0.00357476,   5.00000000,1286.20000000,   0.00014484
     57,                  1,0.01600000,     0.00900000            ,1.00000000            ,0.00000000,  36.55486994,  36.55486994,415759.28920811,   0.00665215,   9.00000000,1192.66666667,   0.00049241
     58,                  1,0.01900000,     0.00800000            ,1.00000000            ,0.00000000,  39.60154815,  39.60154815,379983.38425109,   0.00607973,   8.00000000,1120.37500000,   0.00040402
     59,                  1,0.01700000,     0.00900000            ,1.00000000            ,0.00000000,  32.16035174,  32.16035174,457395.87443054,   0.00731833,  10.00000000,1182.90000000,   0.00062188
     60,                  1,0.01700000,     0.00900000            ,1.00000000            ,0.00000000,  31.22518981,  31.22518981,469791.52131853,   0.00751666,  10.00000000,1076.50000000,   0.00064051
     61,                  1,0.01500000,     0.00900000            ,1.00000000            ,0.00000000,  40.63379475,  40.63379475,377267.02236651,   0.00603627,   8.00000000,1136.37500000,   0.00039376
     62,                  1,0.01600000,     0.00800000            ,1.00000000            ,0.00000000,  40.63425676,  40.63425676,360572.83187319,   0.00576917,   8.00000000,1179.50000000,   0.00039376
     63,                  1,0.01500000,     0.00900000            ,1.00000000            ,0.00000000,  30.83817177,  30.83817177,472040.28830955,   0.00755264,  10.00000000,1138.60000000,   0.00064855
     64,                  1,0.01700000,     0.00900000            ,1.00000000            ,0.00000000,  31.98899837,  31.98899837,471941.17629832,   0.00755106,  10.00000000,1136.80000000,   0.00062521
     65,                  1,0.01600000,     0.00900000            ,1.00000000            ,0.00000000,  38.76727475,  38.76727475,373165.77909434,   0.00597065,   8.00000000,1152.25000000,   0.00041272
     66,                  1,0.01500000,     0.00900000            ,1.00000000            ,0.00000000,  52.05576411,  52.05576411,277357.20696864,   0.00443772,   6.00000000,1181.00000000,   0.00023052
     67,                  1,0.01600000,     0.01000000            ,1.00000000            ,0.00000000,  41.63740204,  41.63740204,361611.58499515,   0.00578579,   8.00000000,1180.37500000,   0.00038427
     68,                  1,0.01800000,     0.00800000            ,1.00000000            ,0.00000000,  31.91470118,  31.91470118,457256.47691197,   0.00731610,  10.00000000,1196.80000000,   0.00062667
     69,                  1,0.02000000,     0.00900000            ,1.00000000            ,0.00000000,  24.30782227,  24.30782227,628274.28196400,   0.01005239,  13.00000000,1069.46153846,   0.00106961
     70,                  1,0.01700000,     0.01100000            ,1.00000000            ,0.00000000,  36.26362361,  36.26362361,414758.63997328,   0.00663614,   9.00000000,1137.00000000,   0.00049637
     71,                  1,0.01300000,     0.00900000            ,1.00000000            ,0.00000000,  43.59392411,  43.59392411,364199.05657561,   0.00582718,   8.00000000,1199.75000000,   0.00036702
     72,                  1,0.01500000,     0.00900000            ,1.00000000            ,0.00000000,  35.74620861,  35.74620861,416317.87076154,   0.00666109,   9.00000000,1164.77777778,   0.00050355
     73,                  1,0.01400000,     0.00800000            ,1.00000000            ,0.00000000,  30.10673894,  30.10673894,512797.90360445,   0.00820477,  11.00000000,1182.45454545,   0.00073073
     74,                  1,0.01400000,     0.01100000            ,1.00000000            ,0.00000000,  30.23556027,  30.23556027,511667.92798473,   0.00818669,  11.00000000,1148.54545455,   0.00072762
     75,                  1,0.01700000,     0.00900000            ,1.00000000            ,0.00000000,  26.21412171,  26.21412171,581515.65941508,   0.00930425,  12.00000000,1104.66666667,   0.00091554
     76,                  1,0.01500000,     0.00900000            ,1.00000000            ,0.00000000,  29.37795943,  29.37795943,528542.35141157,   0.00845668,  11.00000000,1146.63636364,   0.00074886
     77,                  1,0.01600000,     0.00900000            ,1.00000000            ,0.00000000,  31.39316925,  31.39316925,466560.47707360,   0.00746497,  10.00000000,1145.30000000,   0.00063708
     78,                  1,0.01200000,     0.01000000            ,1.00000000            ,0.00000000,  46.82729791,  46.82729791,326645.22020393,   0.00522632,   7.00000000,1145.28571429,   0.00029897
     79,                  1,0.01400000,     0.00900000            ,1.00000000            ,0.00000000,  48.23841089,  48.23841089,299731.20798285,   0.00479570,   7.00000000,1307.71428571,   0.00029023
     80,                  1,0.01600000,     0.00900000            ,1.00000000            ,0.00000000,  25.41752889,  25.41752889,580117.25615483,   0.00928188,  12.00000000,1086.25000000,   0.00094423
     81,                  1,0.01800000,     0.00800000            ,1.00000000            ,0.00000000,  24.30443547,  24.30443547,622094.63970536,   0.00995351,  13.00000000,1079.53846154,   0.00106976
     82,                  1,0.01700000,     0.00900000            ,1.00000000            ,0.00000000,  27.26729276,  27.26729276,535570.68194245,   0.00856913,  11.00000000,1073.27272727,   0.00080683
     83,                  1,0.01300000,     0.00900000            ,1.00000000            ,0.00000000,  37.65195858,  37.65195858,378767.66890682,   0.00606028,   8.00000000,1047.62500000,   0.00042494
     84,                  1,0.01500000,     0.01100000            ,1.00000000            ,0.00000000,  40.28145861,  40.28145861,367260.19992793,   0.00587616,   8.00000000,1185.37500000,   0.00039721
     85,                  1,0.01700000,     0.01000000            ,1.00000000            ,0.00000000,  28.24872514,  28.24872514,523753.93914314,   0.00838006,  11.00000000,1104.00000000,   0.00077880
     86,                  1,0.01500000,     0.00900000            ,1.00000000            ,0.00000000,  28.53458446,  28.53458446,517466.04647708,   0.00827946,  11.00000000,1096.27272727,   0.00077099
     87,                  1,0.01400000,     0.00900000            ,1.00000000            ,0.00000000,  32.74451852,  32.74451852,472285.68761808,   0.00755657,  10.00000000,1142.80000000,   0.00061079
     88,                  1,0.01500000,     0.00900000            ,1.00000000            ,0.00000000,  39.34103504,  39.34103504,400962.99286235,   0.00641541,   9.00000000,1262.77777778,   0.00045754
     89,                  1,0.01400000,     0.00900000            ,1.00000000            ,0.00000000,  30.57758259,  30.57758259,464524.27099499,   0.00743239,  10.00000000,1123.10000000,   0.00065407
     90,                  1,0.02000000,     0.00900000            ,1.00000000            ,0.00000000,  37.38866099,  37.38866099,416611.24421718,   0.00666578,   9.00000000,1164.11111111,   0.00048143
     91,                  1,0.01500000,     0.01000000            ,1.00000000            ,0.00000000,  31.42789131,  31.42789131,457584.42131995,   0.00732135,  10.00000000,1142.20000000,   0.00063638
     92,                  1,0.01800000,     0.01300000            ,1.00000000            ,0.00000000,  38.33068302,  38.33068302,385594.45082126,   0.00616951,   8.00000000,1055.00000000,   0.00041742
     93,                  1,0.01200000,     0.00800000            ,1.00000000            ,0.00000000,  67.23238780,  67.23238780,232207.11764722,   0.00371531,   5.00000000,1224.00000000,   0.00014874
     94,                  1,0.01300000,     0.00900000            ,1.00000000            ,0.00000000,  39.63590074,  39.63590074,373893.65134072,   0.00598230,   8.00000000,1171.12500000,   0.00040367
     95,                  1,0.02000000,     0.00900000            ,1.00000000            ,0.00000000,  38.76164658,  38.76164658,381928.15961530,   0.00611085,   8.00000000,1089.87500000,   0.00041278
     96,                  1,0.01600000,     0.00900000            ,1.00000000            ,0.00000000,  33.54785200,  33.54785200,458237.36851178,   0.00733180,  10.00000000,1184.40000000,   0.00059616
     97,                  1,0.01500000,     0.00900000            ,1.00000000            ,0.00000000,  35.10370675,  35.10370675,424152.69247115,   0.00678644,   9.00000000,1095.88888889,   0.00051277
     98,                  1,0.01400000,     0.00900000            ,1.00000000            ,0.00000000,  40.54593553,  40.54593553,360927.54602180,   0.00577484,   8.00000000,1161.12500000,   0.00039461
     99,                  1,0.01500000,     0.00900000            ,1.00000000            ,0.00000000,  29.11043456,  29.11043456,510853.97313110,   0.00817366,  11.00000000,1144.45454545,   0.00075574
    100,                  1,0.01400000,     0.00900000            ,1.00000000            ,0.00000000,  35.12205620,  35.12205620,452874.32152567,   0.00724599,  10.00000000,1248.10000000,   0.00056944
    101,                  1,0.01500000,     0.00900000            ,1.00000000            ,0.00000000,  39.89419294,  39.89419294,378000.82405128,   0.00604801,   8.00000000,1141.12500000,   0.00040106
    102,                  1,0.01500000,     0.00900000            ,1.00000000            ,0.00000000,  45.43890126,  45.43890126,325090.25957645,   0.00520144,   7.00000000,1186.42857143,   0.00030811
    103,                  1,0.01400000,     0.00900000            ,1.00000000            ,0.00000000,  42.27336847,  42.27336847,374696.22158145,   0.00599514,   8.00000000,1150.75000000,   0.00037849
    104,                  1,0.02100000,     0.00900000            ,1.00000000            ,0.00000000,  24.21148079,  24.21148079,585091.43519826,   0.00936146,  12.00000000,1009.58333333,   0.00099127
    105,                  1,0.01800000,     0.00900000            ,1.00000000            ,0.00000000,  29.65449112,  29.65449112,523955.93965799,   0.00838329,  11.00000000,1125.54545455,   0.00074188
    106,                  1,0.01600000,     0.00900000            ,1.00000000            ,0.00000000,  31.63558709,  31.63558709,466702.97941844,   0.00746725,  10.00000000,1143.30000000,   0.00063220
    107,                  1,0.01900000,     0.00800000            ,1.00000000            ,0.00000000,  33.23024457,  33.23024457,423494.30299197,   0.00677591,   9.00000000,1085.00000000,   0.00054168
    108,                  1,0.01500000,     0.00900000            ,1.00000000            ,0.00000000,  32.93754766,  32.93754766,469354.21138626,   0.00750967,  10.00000000,1171.70000000,   0.00060721
    109,                  1,0.01100000,     0.00900000            ,1.00000000            ,0.00000000,  35.47626354,  35.47626354,416400.84974301,   0.00666241,   9.00000000,1129.77777778,   0.00050738
    110,                  1,0.01300000,     0.00900000            ,1.00000000            ,0.00000000,  37.05307001,  37.05307001,417252.07936345,   0.00667603,   9.00000000,1196.00000000,   0.00048579
    111,                  1,0.01400000,     0.00900000            ,1.00000000            ,0.00000000,  33.69227689,  33.69227689,438541.44982018,   0.00701666,  10.00000000,1239.60000000,   0.00059361
    112,                  1,0.02000000,     0.00900000            ,1.00000000            ,0.00000000,  28.87770507,  28.87770507,475973.72291900,   0.00761558,  10.00000000,1069.70000000,   0.00069258
    113,                  1,0.01800000,     0.00800000            ,1.00000000            ,0.00000000,  35.70296287,  35.70296287,429690.33472737,   0.00687505,   9.00000000,1151.11111111,   0.00050416
    114,                  1,0.01400000,     0.01000000            ,1.00000000            ,0.00000000,  44.51873981,  44.51873981,360090.51693134,   0.00576145,   8.00000000,1257.62500000,   0.00035940
    115,                  1,0.01200000,     0.00900000            ,1.00000000            ,0.00000000,  36.62977888,  36.62977888,412842.02305025,   0.00660547,   9.00000000,1210.88888889,   0.00049140
    116,                  1,0.01500000,     0.01000000            ,1.00000000            ,0.00000000,  29.59329331,  29.59329331,507003.04785152,   0.00811205,  11.00000000,1190.09090909,   0.00074341
    117,                  1,0.01700000,     0.00900000            ,1.00000000            ,0.00000000,  29.31347074,  29.31347074,483558.90857757,   0.00773694,  10.00000000,1032.60000000,   0.00068228
    118,                  1,0.01500000,     0.00900000            ,1.00000000            ,0.00000000,  40.98670475,  40.98670475,342217.66210228,   0.00547548,   8.00000000,1240.12500000,   0.00039037
    119,                  1,0.01100000,     0.00900000            ,1.00000000            ,0.00000000,  35.73594986,  35.73594986,421460.47036090,   0.00674337,   9.00000000,1148.00000000,   0.00050369
    120,                  1,0.01500000,     0.00800000            ,1.00000000            ,0.00000000,  28.73894457,  28.73894457,518240.21800979,   0.00829184,  11.00000000,1134.18181818,   0.00076551
    121,                  1,0.01500000,     0.00900000            ,1.00000000            ,0.00000000,  31.81130861,  31.81130861,456628.28740591,   0.00730605,  10.00000000,1135.20000000,   0.00062871
    122,                  1,0.01600000,     0.00800000            ,1.00000000            ,0.00000000,  32.07405141,  32.07405141,460906.11203152,   0.00737450,  10.00000000,1154.00000000,   0.00062356
    123,                  1,0.02000000,     0.01000000            ,1.00000000            ,0.00000000,  33.54042363,  33.54042363,435285.58431881,   0.00696457,   9.00000000,1055.33333333,   0.00053667
    124,                  1,0.01500000,     0.01100000            ,1.00000000            ,0.00000000,  28.45349152,  28.45349152,522362.70771005,   0.00835780,  11.00000000,1114.90909091,   0.00077319
    125,                  1,0.01800000,     0.01200000            ,1.00000000            ,0.00000000,  31.08330156,  31.08330156,462348.81803935,   0.00739758,  10.00000000,1102.60000000,   0.00064343
    126,                  1,0.01600000,     0.01100000            ,1.00000000            ,0.00000000,  35.83858090,  35.83858090,416379.97142070,   0.00666208,   9.00000000,1165.88888889,   0.00050225
    127,                  1,0.01500000,     0.00900000            ,1.00000000            ,0.00000000,  35.83515508,  35.83515508,408169.32237351,   0.00653071,   9.00000000,1172.00000000,   0.00050230
    128,                  1,0.01400000,     0.00900000            ,1.00000000            ,0.00000000,  36.33689263,  36.33689263,411998.45094654,   0.00659198,   9.00000000,1185.22222222,   0.00049536
    129,                  1,0.02000000,     0.01400000            ,1.00000000            ,0.00000000,  29.26933735,  29.26933735,512848.99691320,   0.00820558,  11.00000000,1147.72727273,   0.00075164
    130,                  1,0.01800000,     0.01000000            ,1.00000000            ,0.00000000,  30.86766591,  30.86766591,461164.09752998,   0.00737863,  10.00000000,1132.30000000,   0.00064793
    131,                  1,0.01600000,     0.01000000            ,1.00000000            ,0.00000000,  40.79301065,  40.79301065,363232.37629479,   0.00581172,   8.00000000,1193.25000000,   0.00039222
    132,                  1,0.01500000,     0.00800000            ,1.00000000            ,0.00000000,  31.62744585,  31.62744585,480680.99201436,   0.00769090,  10.00000000,1086.50000000,   0.00063236
    133,                  1,0.01300000,     0.01000000            ,1.00000000            ,0.00000000,  41.27191305,  41.27191305,362827.55230904,   0.00580524,   8.00000000,1211.37500000,   0.00038767
    134,                  1,0.01500000,     0.00800000            ,1.00000000            ,0.00000000,  31.70719387,  31.70719387,514776.40384446,   0.00823642,  11.00000000,1172.27272727,   0.00069385
    135,                  1,0.01300000,     0.00900000            ,1.00000000            ,0.00000000,  38.77811456,  38.77811456,386305.39729144,   0.00618089,   8.00000000,1094.87500000,   0.00041260
    136,                  1,0.01600000,     0.00900000            ,1.00000000            ,0.00000000,  28.89996030,  28.89996030,530065.92364345,   0.00848105,  11.00000000,1123.63636364,   0.00076125
    137,                  1,0.01700000,     0.00900000            ,1.00000000            ,0.00000000,  40.25445241,  40.25445241,364383.20060556,   0.00583013,   8.00000000,1167.12500000,   0.00039747
    138,                  1,0.01700000,     0.00900000            ,1.00000000            ,0.00000000,  32.43300837,  32.43300837,457437.78179069,   0.00731900,  10.00000000,1149.70000000,   0.00061666
    139,                  1,0.01600000,     0.00900000            ,1.00000000            ,0.00000000,  25.38719656,  25.38719656,570581.03941391,   0.00912930,  12.00000000,1095.33333333,   0.00094536
    140,                  1,0.01600000,     0.01100000            ,1.00000000            ,0.00000000,  26.90317326,  26.90317326,560931.13450857,   0.00897490,  12.00000000,1142.25000000,   0.00089209
    141,                  1,0.01600000,     0.00900000            ,1.00000000            ,0.00000000,  33.05663995,  33.05663995,460092.69164139,   0.00736148,  10.00000000,1158.90000000,   0.00060502
    142,                  1,0.01600000,     0.00900000            ,1.00000000            ,0.00000000,  39.88952071,  39.88952071,364563.38083810,   0.00583301,   8.00000000,1185.25000000,   0.00040111
    143,                  1,0.01500000,     0.01000000            ,1.00000000            ,0.00000000,  35.94128477,  35.94128477,421748.19252574,   0.00674797,   9.00000000,1154.33333333,   0.00050082
    144,                  1,0.01800000,     0.00900000            ,1.00000000            ,0.00000000,  26.42118225,  26.42118225,574027.22719817,   0.00918444,  12.00000000,1139.33333333,   0.00090836
    145,                  1,0.01700000,     0.00900000            ,1.00000000            ,0.00000000,  28.05234750,  28.05234750,524698.16246040,   0.00839517,  11.00000000,1098.00000000,   0.00078425
    146,                  1,0.02100000,     0.00900000            ,1.00000000            ,0.00000000,  25.62245984,  25.62245984,529221.62811891,   0.00846755,  11.00000000,1004.36363636,   0.00085862
    147,                  1,0.01300000,     0.00900000            ,1.00000000            ,0.00000000,  58.71821837,  58.71821837,256882.00045065,   0.00411011,   6.00000000,1291.00000000,   0.00020437
    148,                  1,0.01800000,     0.01000000            ,1.00000000            ,0.00000000,  37.33811403,  37.33811403,424893.74845585,   0.00679830,   9.00000000,1183.22222222,   0.00048208
    149,                  1,0.01700000,     0.00900000            ,1.00000000            ,0.00000000,  43.41388856,  43.41388856,347581.97244231,   0.00556131,   8.00000000,1260.25000000,   0.00036855
    150,                  1,0.01700000,     0.00800000            ,1.00000000            ,0.00000000,  25.80278993,  25.80278993,566049.49378604,   0.00905679,  12.00000000,1099.00000000,   0.00093013
    151,                  1,0.01500000,     0.00900000            ,1.00000000            ,0.00000000,  43.20214965,  43.20214965,365668.10651078,   0.00585069,   8.00000000,1188.25000000,   0.00037035
    152,                  1,0.01700000,     0.01000000            ,1.00000000            ,0.00000000,  37.17743604,  37.17743604,385300.50677727,   0.00616481,   8.00000000,1048.12500000,   0.00043037
    153,                  1,0.01600000,     0.01000000            ,1.00000000            ,0.00000000,  26.37622373,  26.37622373,572419.70584536,   0.00915872,  12.00000000,1098.91666667,   0.00090991
    154,                  1,0.01600000,     0.00900000            ,1.00000000            ,0.00000000,  46.38468409,  46.38468409,341265.01900577,   0.00546024,   7.00000000,1126.28571429,   0.00030182
    155,                  1,0.01600000,     0.00900000            ,1.00000000            ,0.00000000,  28.65962278,  28.65962278,518031.31082877,   0.00828850,  11.00000000,1091.09090909,   0.00076763
    156,                  1,0.01800000,     0.01100000            ,1.00000000            ,0.00000000,  38.37507825,  38.37507825,372951.37138277,   0.00596722,   8.00000000,1092.87500000,   0.00041694
    157,                  1,0.01800000,     0.00900000            ,1.00000000            ,0.00000000,  27.95883631,  27.95883631,531665.29170103,   0.00850664,  11.00000000,1078.36363636,   0.00078687
    158,                  1,0.03100000,     0.00900000            ,1.00000000            ,0.00000000,  27.00209051,  27.00209051,565107.95523788,   0.00904173,  12.00000000,1146.00000000,   0.00088882
    159,                  1,0.01800000,     0.00900000            ,1.00000000            ,0.00000000,  30.38993608,  30.38993608,518528.68697366,   0.00829646,  11.00000000,1187.54545455,   0.00072392
    160,                  1,0.01400000,     0.01000000            ,1.00000000            ,0.00000000,  40.72561275,  40.72561275,368720.37263674,   0.00589953,   8.00000000,1173.87500000,   0.00039287
    161,                  1,0.01200000,     0.00900000            ,1.00000000            ,0.00000000,  41.02159681,  41.02159681,359301.26098667,   0.00574882,   8.00000000,1190.75000000,   0.00039004
    162,                  1,0.01600000,     0.00900000            ,1.00000000            ,0.00000000,  29.17450687,  29.17450687,524005.54447576,   0.00838409,  11.00000000,1125.63636364,   0.00075408
    163,                  1,0.01400000,     0.01000000            ,1.00000000            ,0.00000000,  36.58654657,  36.58654657,411721.16850422,   0.00658754,   9.00000000,1187.44444444,   0.00049198
    164,                  1,0.01300000,     0.00900000            ,1.00000000            ,0.00000000,  37.62957712,  37.62957712,412072.40813700,   0.00659316,   9.00000000,1203.77777778,   0.00047835
    165,                  1,0.01700000,     0.00900000            ,1.00000000            ,0.00000000,  39.44446214,  39.44446214,349696.31255457,   0.00559514,   8.00000000,1232.50000000,   0.00040563
    166,                  1,0.01800000,     0.00900000            ,1.00000000            ,0.00000000,  31.63147567,  31.63147567,475058.48151564,   0.00760094,  10.00000000,1120.30000000,   0.00063228
    167,                  1,0.01800000,     0.00900000            ,1.00000000            ,0.00000000,  29.27077348,  29.27077348,524502.56645712,   0.00839204,  11.00000000,1080.90909091,   0.00075160
    168,                  1,0.01500000,     0.00900000            ,1.00000000            ,0.00000000,  23.20139594,  23.20139594,637994.16413436,   0.01020791,  13.00000000,1042.23076923,   0.00112062
    169,                  1,0.01600000,     0.00900000            ,1.00000000            ,0.00000000,  60.24642995,  60.24642995,255715.59881289,   0.00409145,   6.00000000,1337.66666667,   0.00019918
    170,                  1,0.01300000,     0.00900000            ,1.00000000            ,0.00000000,  39.48457171,  39.48457171,383967.32421256,   0.00614348,   8.00000000,1135.37500000,   0.00040522
    171,                  1,0.01600000,     0.01000000            ,1.00000000            ,0.00000000,  34.34390002,  34.34390002,463680.19312685,   0.00741888,  10.00000000,1203.50000000,   0.00058235
    172,                  1,0.01400000,     0.00900000            ,1.00000000            ,0.00000000,  32.42996568,  32.42996568,472143.71795654,   0.00755430,  10.00000000,1153.50000000,   0.00061671
    173,                  1,0.01500000,     0.00900000            ,1.00000000            ,0.00000000,  35.69376202,  35.69376202,426155.08187725,   0.00681848,   9.00000000,1137.88888889,   0.00050429
    174,                  1,0.01800000,     0.00900000            ,1.00000000            ,0.00000000,  38.75892778,  38.75892778,369235.16482427,   0.00590776,   8.00000000,1102.87500000,   0.00041281
    175,                  1,0.01500000,     0.01000000            ,1.00000000            ,0.00000000,  39.23950559,  39.23950559,378747.47099070,   0.00605996,   8.00000000,1141.12500000,   0.00040775
    176,                  1,0.01700000,     0.00800000            ,1.00000000            ,0.00000000,  29.10239411,  29.10239411,514919.07842589,   0.00823871,  11.00000000,1111.63636364,   0.00075595
    177,                  1,0.01800000,     0.01000000            ,1.00000000            ,0.00000000,  29.26832675,  29.26832675,474859.22305172,   0.00759775,  10.00000000,1040.50000000,   0.00068333
    178,                  1,0.01100000,     0.00900000            ,1.00000000            ,0.00000000,  57.99306970,  57.99306970,261842.81755781,   0.00418948,   6.00000000,1263.33333333,   0.00020692
    179,                  1,0.01600000,     0.01000000            ,1.00000000            ,0.00000000,  37.48297523,  37.48297523,418468.91142656,   0.00669550,   9.00000000,1179.44444444,   0.00048022
    180,                  1,0.01400000,     0.00900000            ,1.00000000            ,0.00000000,  42.53716431,  42.53716431,367875.14863580,   0.00588600,   8.00000000,1183.37500000,   0.00037614
    181,                  1,0.01500000,     0.00900000            ,1.00000000            ,0.00000000,  32.28468373,  32.28468373,454251.75479393,   0.00726803,  10.00000000,1172.30000000,   0.00061949
    182,                  1,0.01600000,     0.00900000            ,1.00000000            ,0.00000000,  24.01303913,  24.01303913,624597.42003197,   0.00999356,  13.00000000,1104.00000000,   0.00108275
    183,                  1,0.01800000,     0.00900000            ,1.00000000            ,0.00000000,  30.52204736,  30.52204736,470719.59107492,   0.00753151,  10.00000000,1039.00000000,   0.00065526
    184,                  1,0.01600000,     0.00900000            ,1.00000000            ,0.00000000,  45.46293737,  45.46293737,330980.90146095,   0.00529569,   7.00000000,1089.71428571,   0.00030794
    185,                  1,0.01900000,     0.00900000            ,1.00000000            ,0.00000000,  33.54385985,  33.54385985,466328.02753027,   0.00746125,  10.00000000,1180.20000000,   0.00059623
    186,                  1,0.01600000,     0.01000000            ,1.00000000            ,0.00000000,  32.00198923,  32.00198923,454507.07147516,   0.00727211,  10.00000000,1192.00000000,   0.00062496
    187,                  1,0.01800000,     0.01000000            ,1.00000000            ,0.00000000,  48.15581335,  48.15581335,323593.34550070,   0.00517749,   7.00000000,1185.42857143,   0.00029072
    188,                  1,0.01700000,     0.01000000            ,1.00000000            ,0.00000000,  29.17600530,  29.17600530,519961.70929567,   0.00831939,  11.00000000,1107.54545455,   0.00075404
    189,                  1,0.01800000,     0.01000000            ,1.00000000            ,0.00000000,  31.87488221,  31.87488221,462277.09478970,   0.00739643,  10.00000000,1126.20000000,   0.00062745
    190,                  1,0.01300000,     0.00900000            ,1.00000000            ,0.00000000,  31.45594360,  31.45594360,473041.04482004,   0.00756866,  10.00000000,1142.00000000,   0.00063581
    191,                  1,0.01600000,     0.01000000            ,1.00000000            ,0.00000000,  33.44833759,  33.44833759,450678.11782648,   0.00721085,  10.00000000,1187.10000000,   0.00059794
    192,                  1,0.01600000,     0.00900000            ,1.00000000            ,0.00000000,  28.43777233,  28.43777233,516360.93752612,   0.00826177,  11.00000000,1106.18181818,   0.00077362
    193,                  1,0.01500000,     0.01000000            ,1.00000000            ,0.00000000,  32.34602551,  32.34602551,472036.30046334,   0.00755258,  10.00000000,1150.60000000,   0.00061831
    194,                  1,0.01400000,     0.00900000            ,1.00000000            ,0.00000000,  46.52590650,  46.52590650,322674.68517610,   0.00516279,   7.00000000,1171.28571429,   0.00030091
    195,                  1,0.01600000,     0.01000000            ,1.00000000            ,0.00000000,  29.70697334,  29.70697334,521175.78526467,   0.00833881,  11.00000000,1126.90909091,   0.00074057
    196,                  1,0.01700000,     0.00900000            ,1.00000000            ,0.00000000,  34.44566961,  34.44566961,460813.83515147,   0.00737302,  10.00000000,1212.40000000,   0.00058062
    197,                  1,0.01200000,     0.00900000            ,1.00000000            ,0.00000000,  38.73335177,  38.73335177,403194.00869578,   0.00645110,   9.00000000,1230.77777778,   0.00046472
    198,                  1,0.01600000,     0.00900000            ,1.00000000            ,0.00000000,  26.20049839,  26.20049839,569053.76656741,   0.00910486,  12.00000000,1074.08333333,   0.00091601
    199,                  1,0.01500000,     0.00900000            ,1.00000000            ,0.00000000,  26.30426032,  26.30426032,576908.92434222,   0.00923054,  12.00000000,1081.41666667,   0.00091240
    200,                  1,0.01300000,     0.00800000            ,1.00000000            ,0.00000000,  45.23804282,  45.23804282,313710.48486861,   0.00501937,   7.00000000,1195.28571429,   0.00030947
    201,                  1,0.01300000,     0.00800000            ,1.00000000            ,0.00000000,  55.59304466,  55.59304466,271477.44660067,   0.00434364,   6.00000000,1222.50000000,   0.00021585
    202,                  1,0.01700000,     0.00900000            ,1.00000000            ,0.00000000,  29.98051740,  29.98051740,475834.04099892,   0.00761334,  10.00000000,1037.80000000,   0.00066710
    203,                  1,0.01500000,     0.00800000            ,1.00000000            ,0.00000000,  33.82246710,  33.82246710,431996.08636200,   0.00691194,   9.00000000,1095.22222222,   0.00053219
    204,                  1,0.01400000,     0.01000000            ,1.00000000            ,0.00000000,  29.75755935,  29.75755935,522399.85267794,   0.00835840,  11.00000000,1131.63636364,   0.00073931
    205,                  1,0.01500000,     0.00900000            ,1.00000000            ,0.00000000,  29.15105308,  29.15105308,517932.02811984,   0.00828691,  11.00000000,1108.18181818,   0.00075469
    206,                  1,0.01600000,     0.00900000            ,1.00000000            ,0.00000000,  52.56453942,  52.56453942,279494.07755879,   0.00447191,   6.00000000,1092.00000000,   0.00022829
    207,                  1,0.01600000,     0.00900000            ,1.00000000            ,0.00000000,  28.28996345,  28.28996345,519533.51554926,   0.00831254,  11.00000000,1095.00000000,   0.00077766
    208,                  1,0.01500000,     0.00900000            ,1.00000000            ,0.00000000,  25.98719047,  25.98719047,587568.23175233,   0.00940109,  12.00000000,1065.33333333,   0.00092353
    209,                  1,0.01400000,     0.00900000            ,1.00000000            ,0.00000000,  33.38219154,  33.38219154,462943.35469266,   0.00740709,  10.00000000,1180.30000000,   0.00059912
    210,                  1,0.01600000,     0.00800000            ,1.00000000            ,0.00000000,  28.10214276,  28.10214276,510753.66942289,   0.00817206,  11.00000000,1130.00000000,   0.00078286
    211,                  1,0.01900000,     0.00900000            ,1.00000000            ,0.00000000,  34.24136396,  34.24136396,419566.23379702,   0.00671306,   9.00000000,1115.44444444,   0.00052568
    212,                  1,0.01700000,     0.01000000            ,1.00000000            ,0.00000000,  29.45238651,  29.45238651,519703.39322414,   0.00831525,  11.00000000,1129.63636364,   0.00074697
    213,                  1,0.01500000,     0.00800000            ,1.00000000            ,0.00000000,  37.09379335,  37.09379335,403207.92006326,   0.00645133,   9.00000000,1217.11111111,   0.00048526
    214,                  1,0.01600000,     0.00900000            ,1.00000000            ,0.00000000,  32.99151303,  32.99151303,458327.74655940,   0.00733324,  10.00000000,1153.10000000,   0.00060622
    215,                  1,0.01700000,     0.00900000            ,1.00000000            ,0.00000000,  31.38729415,  31.38729415,453767.00523978,   0.00726027,  10.00000000,1132.40000000,   0.00063720
    216,                  1,0.01700000,     0.01000000            ,1.00000000            ,0.00000000,  89.41513517,  89.41513517,171522.77861277,   0.00274436,   4.00000000,1317.25000000,   0.00008947
    217,                  1,0.03100000,     0.07700000            ,1.00000000            ,0.00000000,  25.22541552,  25.22541552,571750.42312364,   0.00914801,  12.00000000,1079.00000000,   0.00095142
    218,                  1,0.02000000,     0.02500000            ,1.00000000            ,0.00000000,  34.35438621,  34.35438621,423419.11952999,   0.00677471,   9.00000000,1084.55555556,   0.00052395
    219,                  1,0.01800000,     0.01800000            ,1.00000000            ,0.00000000,  39.83794582,  39.83794582,368688.01938680,   0.00589901,   8.00000000,1185.12500000,   0.00040163
    220,                  1,0.02100000,     0.01100000            ,1.00000000            ,0.00000000,  31.76695852,  31.76695852,466153.20368105,   0.00745845,  10.00000000,1144.10000000,   0.00062958
    221,                  1,0.01600000,     0.01400000            ,1.00000000            ,0.00000000,  37.67817840,  37.67817840,419900.38988356,   0.00671841,   9.00000000,1173.33333333,   0.00047773
    222,                  1,0.02400000,     0.01200000            ,1.00000000            ,0.00000000,  32.28918896,  32.28918896,471158.71869493,   0.00753854,  10.00000000,1121.40000000,   0.00061940
    223,                  1,0.01800000,     0.01900000            ,1.00000000            ,0.00000000,  47.65247634,  47.65247634,319765.93590797,   0.00511625,   7.00000000,1209.57142857,   0.00029379
    224,                  1,0.02400000,     0.01800000            ,1.00000000            ,0.00000000,  37.29738339,  37.29738339,416470.88179082,   0.00666353,   9.00000000,1169.66666667,   0.00048261
    225,                  1,0.03300000,     0.01200000            ,1.00000000            ,0.00000000,  25.71188917,  25.71188917,565179.38565960,   0.00904287,  12.00000000,1082.25000000,   0.00093342
    226,                  1,0.01600000,     0.02500000            ,1.00000000            ,0.00000000,  45.84854174,  45.84854174,329802.76358252,   0.00527684,   7.00000000,1176.85714286,   0.00030535
    227,                  1,0.02100000,     0.01300000            ,1.00000000            ,0.00000000,  32.68031379,  32.68031379,461420.64737739,   0.00738273,  10.00000000,1155.10000000,   0.00061199
    228,                  1,0.02100000,     0.01300000            ,1.00000000            ,0.00000000,  29.42850028,  29.42850028,519450.30141153,   0.00831120,  11.00000000,1154.27272727,   0.00074757
    229,                  1,0.02000000,     0.02100000            ,1.00000000            ,0.00000000,  28.31207049,  28.31207049,514700.22652208,   0.00823520,  11.00000000,1150.45454545,   0.00077705
    230,                  1,0.02600000,     0.01500000            ,1.00000000            ,0.00000000,  60.47071365,  60.47071365,255989.71003108,   0.00409584,   6.00000000,1349.66666667,   0.00019844
    231,                  1,0.02300000,     0.01500000            ,1.00000000            ,0.00000000,  27.61601571,  27.61601571,529625.64544095,   0.00847401,  11.00000000,1057.63636364,   0.00079664
    232,                  1,0.02200000,     0.01100000            ,1.00000000            ,0.00000000,  28.92062106,  28.92062106,521753.61459972,   0.00834806,  11.00000000,1150.72727273,   0.00076070
    233,                  1,0.02000000,     0.01600000            ,1.00000000            ,0.00000000,  30.21262232,  30.21262232,507039.83508535,   0.00811264,  11.00000000,1138.90909091,   0.00072817
    234,                  1,0.01300000,     0.01100000            ,1.00000000            ,0.00000000,  39.73150446,  39.73150446,370739.70832784,   0.00593184,   8.00000000,1163.87500000,   0.00040270
    235,                  1,0.01700000,     0.01100000            ,1.00000000            ,0.00000000,  36.36930823,  36.36930823,406956.29490818,   0.00651130,   9.00000000,1188.44444444,   0.00049492
    236,                  1,0.01700000,     0.01100000            ,1.00000000            ,0.00000000,  42.47500759,  42.47500759,342617.68277627,   0.00548188,   8.00000000,1309.12500000,   0.00037669
    237,                  1,0.01800000,     0.01200000            ,1.00000000            ,0.00000000,  39.15890714,  39.15890714,372493.28613019,   0.00595989,   8.00000000,1162.00000000,   0.00040859
    238,                  1,0.01700000,     0.00900000            ,1.00000000            ,0.00000000,  34.15881350,  34.15881350,467319.13258695,   0.00747711,  10.00000000,1196.10000000,   0.00058550
    239,                  1,0.01600000,     0.01200000            ,1.00000000            ,0.00000000,  49.67684488,  49.67684488,306484.39826423,   0.00490375,   7.00000000,1251.85714286,   0.00028182
    240,                  1,0.01600000,     0.01000000            ,1.00000000            ,0.00000000,  30.92221462,  30.92221462,479147.10886824,   0.00766635,  10.00000000,1054.30000000,   0.00064678
    241,                  1,0.01500000,     0.01000000            ,1.00000000            ,0.00000000,  37.45391876,  37.45391876,404513.79108395,   0.00647222,   9.00000000,1188.77777778,   0.00048059
    242,                  1,0.01300000,     0.01000000            ,1.00000000            ,0.00000000,  41.84876951,  41.84876951,355333.40188525,   0.00568533,   8.00000000,1254.00000000,   0.00038233
    243,                  1,0.01800000,     0.01000000            ,1.00000000            ,0.00000000,  36.62869998,  36.62869998,414540.98915343,   0.00663266,   9.00000000,1196.33333333,   0.00049142
    244,                  1,0.01600000,     0.01000000            ,1.00000000            ,0.00000000,  36.18471272,  36.18471272,427233.46290430,   0.00683574,   9.00000000,1154.11111111,   0.00049745
    245,                  1,0.01600000,     0.01100000            ,1.00000000            ,0.00000000,  41.16749707,  41.16749707,378058.90831412,   0.00604894,   8.00000000,1173.25000000,   0.00038866
    246,                  1,0.01500000,     0.01000000            ,1.00000000            ,0.00000000,  40.29815202,  40.29815202,378162.94083047,   0.00605061,   8.00000000,1150.75000000,   0.00039704
    247,                  1,0.01800000,     0.01300000            ,1.00000000            ,0.00000000,  33.13740670,  33.13740670,459691.85046273,   0.00735507,  10.00000000,1204.70000000,   0.00060355
    248,                  1,0.02400000,     0.01200000            ,1.00000000            ,0.00000000,  35.77587245,  35.77587245,416983.01135987,   0.00667173,   9.00000000,1140.88888889,   0.00050313
    249,                  1,0.01600000,     0.01200000            ,1.00000000            ,0.00000000,  32.36636960,  32.36636960,482423.68405861,   0.00771878,  10.00000000,1135.00000000,   0.00061793
    250,                  1,0.01900000,     0.01200000            ,1.00000000            ,0.00000000,  33.09887323,  33.09887323,450027.34196055,   0.00720044,  10.00000000,1191.10000000,   0.00060425
    251,                  1,0.01900000,     0.01100000            ,1.00000000            ,0.00000000,  25.98130855,  25.98130855,571073.14437948,   0.00913717,  12.00000000,1102.25000000,   0.00092374
    252,                  1,0.01700000,     0.01000000            ,1.00000000            ,0.00000000,  32.53879846,  32.53879846,466102.92776389,   0.00745765,  10.00000000,1185.80000000,   0.00061465
    253,                  1,0.01600000,     0.01100000            ,1.00000000            ,0.00000000,  22.91406157,  22.91406157,650331.39191437,   0.01040530,  14.00000000,1123.00000000,   0.00122196
    254,                  1,0.01800000,     0.01100000            ,1.00000000            ,0.00000000,  36.94103663,  36.94103663,420414.51895785,   0.00672663,   9.00000000,1173.33333333,   0.00048726
    255,                  1,0.02000000,     0.01200000            ,1.00000000            ,0.00000000,  32.45708990,  32.45708990,475588.40965219,   0.00760941,  10.00000000,1121.50000000,   0.00061620
    256,                  1,0.02000000,     0.03100000            ,1.00000000            ,0.00000000,  40.77642501,  40.77642501,366507.34867173,   0.00586412,   8.00000000,1190.62500000,   0.00039238
    257,                  1,0.02400000,     0.01700000            ,1.00000000            ,0.00000000,  30.52111716,  30.52111716,455550.67859380,   0.00728881,  10.00000000,1136.80000000,   0.00065528
    258,                  1,0.01900000,     0.01900000            ,1.00000000            ,0.00000000,  25.52688738,  25.52688738,583097.91881785,   0.00932957,  12.00000000,1078.25000000,   0.00094019
    259,                  1,0.02200000,     0.01500000            ,1.00000000            ,0.00000000,  36.67377136,  36.67377136,382649.34017018,   0.00612239,   8.00000000,1042.87500000,   0.00043628
    260,                  1,0.01600000,     0.01900000            ,1.00000000            ,0.00000000,  46.83822274,  46.83822274,330483.94714810,   0.00528774,   7.00000000,1112.71428571,   0.00029890
    261,                  1,0.02300000,     0.01700000            ,1.00000000            ,0.00000000,  37.08012804,  37.08012804,409108.91354196,   0.00654574,   9.00000000,1225.00000000,   0.00048544
    262,                  1,0.01600000,     0.01800000            ,1.00000000            ,0.00000000,  30.18546866,  30.18546866,466936.08066860,   0.00747098,  10.00000000,1125.50000000,   0.00066257
    263,                  1,0.01900000,     0.02200000            ,1.00000000            ,0.00000000,  40.73461647,  40.73461647,361850.08695322,   0.00578960,   8.00000000,1183.50000000,   0.00039279
    264,                  1,0.02000000,     0.01400000            ,1.00000000            ,0.00000000,  26.61396333,  26.61396333,566795.26481239,   0.00906872,  12.00000000,1120.58333333,   0.00090178
    265,                  1,0.02000000,     0.01400000            ,1.00000000            ,0.00000000,  25.80146474,  25.80146474,575738.64581024,   0.00921182,  12.00000000,1060.58333333,   0.00093018
    266,                  1,0.01900000,     0.02600000            ,1.00000000            ,0.00000000,  46.13447339,  46.13447339,332522.47848195,   0.00532036,   7.00000000,1116.28571429,   0.00030346
    267,                  1,0.02400000,     0.01100000            ,1.00000000            ,0.00000000,  30.95475447,  30.95475447,488872.72505749,   0.00782196,  11.00000000,1214.72727273,   0.00071071
    268,                  1,0.01800000,     0.01000000            ,1.00000000            ,0.00000000,  35.01573211,  35.01573211,430307.34035174,   0.00688492,   9.00000000,1117.33333333,   0.00051405
    269,                  1,0.01500000,     0.01300000            ,1.00000000            ,0.00000000,  33.18185942,  33.18185942,454448.83297274,   0.00727118,  10.00000000,1214.70000000,   0.00060274
    270,                  1,0.01900000,     0.01200000            ,1.00000000            ,0.00000000,  36.29660625,  36.29660625,423330.24172035,   0.00677328,   9.00000000,1120.11111111,   0.00049591
    271,                  1,0.01600000,     0.01100000            ,1.00000000            ,0.00000000,  34.12721940,  34.12721940,424070.46049214,   0.00678513,   9.00000000,1131.00000000,   0.00052744
    272,                  1,0.02000000,     0.01100000            ,1.00000000            ,0.00000000,  34.84252234,  34.84252234,424335.63906749,   0.00678937,   9.00000000,1103.33333333,   0.00051661
    273,                  1,0.01300000,     0.01200000            ,1.00000000            ,0.00000000,  41.57934318,  41.57934318,379718.86522460,   0.00607550,   8.00000000,1173.62500000,   0.00038481
    274,                  1,0.01500000,     0.01300000            ,1.00000000            ,0.00000000,  41.61429789,  41.61429789,364077.73324660,   0.00582524,   8.00000000,1190.75000000,   0.00038448
    275,                  1,0.01700000,     0.00900000            ,1.00000000            ,0.00000000,  29.87935829,  29.87935829,493248.20203420,   0.00789197,  10.00000000,1084.30000000,   0.00066936
    276,                  1,0.01000000,     0.01000000            ,1.00000000            ,0.00000000,  55.91507007,  55.91507007,264544.01187717,   0.00423270,   6.00000000,1271.66666667,   0.00021461
    277,                  1,0.01800000,     0.01100000            ,1.00000000            ,0.00000000,  51.01857297,  51.01857297,275984.06221574,   0.00441574,   6.00000000,1118.83333333,   0.00023521
    278,                  1,0.01900000,     0.01100000            ,1.00000000            ,0.00000000,  27.61324481,  27.61324481,542954.40498051,   0.00868727,  11.00000000,1034.45454545,   0.00079672
    279,                  1,0.01700000,     0.01000000            ,1.00000000            ,0.00000000,  41.05928576,  41.05928576,356603.79972439,   0.00570566,   8.00000000,1221.87500000,   0.00038968
    280,                  1,0.01900000,     0.01100000            ,1.00000000            ,0.00000000,  35.35181386,  35.35181386,419717.03238163,   0.00671547,   9.00000000,1169.11111111,   0.00050917
    281,                  1,0.01600000,     0.01000000            ,1.00000000            ,0.00000000,  53.92485187,  53.92485187,274463.49798298,   0.00439142,   6.00000000,1206.66666667,   0.00022253
    282,                  1,0.01200000,     0.01000000            ,1.00000000            ,0.00000000,  53.95659594,  53.95659594,281987.50040980,   0.00451180,   6.00000000,1123.83333333,   0.00022240
    283,                  1,0.01400000,     0.00900000            ,1.00000000            ,0.00000000,  43.64803603,  43.64803603,368780.28446545,   0.00590048,   8.00000000,1232.50000000,   0.00036657
    284,                  1,0.02000000,     0.00900000            ,1.00000000            ,0.00000000,  33.51402936,  33.51402936,426880.54518571,   0.00683009,   9.00000000,1068.11111111,   0.00053709
    285,                  1,0.01600000,     0.01200000            ,1.00000000            ,0.00000000,  43.52688763,  43.52688763,355289.79010991,   0.00568464,   8.00000000,1282.87500000,   0.00036759
    286,                  1,0.01900000,     0.01200000            ,1.00000000            ,0.00000000,  38.91417480,  38.91417480,398598.12979817,   0.00637757,   9.00000000,1274.11111111,   0.00046256
    287,                  1,0.01800000,     0.01100000            ,1.00000000            ,0.00000000,  31.04248815,  31.04248815,468555.84885836,   0.00749689,  10.00000000,1113.30000000,   0.00064428
    288,                  1,0.02400000,     0.01800000            ,1.00000000            ,0.00000000,  36.35335347,  36.35335347,405221.76979309,   0.00648355,   9.00000000,1193.22222222,   0.00049514
    289,                  1,0.01600000,     0.01100000            ,1.00000000            ,0.00000000,  36.76326108,  36.76326108,404366.97927107,   0.00646987,   9.00000000,1239.66666667,   0.00048962
    290,                  1,0.01700000,     0.01100000            ,1.00000000            ,0.00000000,  34.12609975,  34.12609975,429429.88758497,   0.00687088,   9.00000000,1111.44444444,   0.00052746
    291,                  1,0.02900000,     0.01300000            ,1.00000000            ,0.00000000,  41.92381911,  41.92381911,369136.68546822,   0.00590619,   8.00000000,1213.00000000,   0.00038164
    292,                  1,0.02300000,     0.01200000            ,1.00000000            ,0.00000000,  29.05513085,  29.05513085,511751.91729431,   0.00818803,  11.00000000,1127.00000000,   0.00075718
    293,                  1,0.01800000,     0.01000000            ,1.00000000            ,0.00000000,  26.63331171,  26.63331171,533376.81237652,   0.00853403,  11.00000000,1031.72727273,   0.00082603
    294,                  1,0.01900000,     0.01000000            ,1.00000000            ,0.00000000,  36.94787188,  36.94787188,424940.48704291,   0.00679905,   9.00000000,1183.44444444,   0.00048717
    295,                  1,0.02100000,     0.01100000            ,1.00000000            ,0.00000000,  29.73842576,  29.73842576,519274.13422131,   0.00830839,  11.00000000,1132.18181818,   0.00073978
    296,                  1,0.02000000,     0.01000000            ,1.00000000            ,0.00000000,  26.33264674,  26.33264674,580482.21604490,   0.00928772,  12.00000000,1086.41666667,   0.00091142
    297,                  1,0.01700000,     0.01000000            ,1.00000000            ,0.00000000,  35.83998534,  35.83998534,417022.07639193,   0.00667235,   9.00000000,1142.11111111,   0.00050223
    298,                  1,0.01600000,     0.01200000            ,1.00000000            ,0.00000000,  30.26564890,  30.26564890,506480.25548689,   0.00810368,  11.00000000,1166.54545455,   0.00072690
    299,                  1,0.01600000,     0.01200000            ,1.00000000            ,0.00000000,  39.46870448,  39.46870448,354121.07745144,   0.00566594,   8.00000000,1227.87500000,   0.00040538
    300,                  1,0.01500000,     0.01000000            ,1.00000000            ,0.00000000,  40.47879545,  40.47879545,378223.65668186,   0.00605158,   8.00000000,1121.25000000,   0.00039527
---------------------------------------------------------------------------------------------------
Mean Percolation=1.00000000
Mean Processing Time=0.01662000
Mean set up time=0.01057667
Mean correlation Length=0.00000000
Mean Area of component[0]=0.00000000
Mean Area of component[1]=0.00000000
