Component 1 maximum area=0.47 [on 300x300]
Component type: Circle
---------------------------------------------------------------------------------------
--------------|------- Center-----|----- dimensions---------|----------------------
component| id|    X       |     Y      |  Width/a     | height/b |   hoop   |   Slope   
---------------------------------------------------------------------------------------
          1,    1,        137,         14,       50.5,       50.5,          0   ,          0
          1,    2,         63,          6,       50.5,       50.5,          0   ,          0
          1,    3,        241,         61,       50.5,       50.5,          0   ,          0
          1,    4,        226,         99,       50.5,       50.5,          0   ,          0
          1,    5,        189,         20,       50.5,       50.5,          0   ,          0
          1,    6,         57,         24,       50.5,       50.5,          0   ,          0
          1,    7,        154,        130,       50.5,       50.5,          0   ,          0
          1,    8,        223,        102,       50.5,       50.5,          0   ,          0
          1,    9,         14,         15,       50.5,       50.5,          0   ,          0
          1,   10,        155,         82,       50.5,       50.5,          0   ,          0
          1,   11,        174,         19,       50.5,       50.5,          0   ,          0
          1,   12,        242,        268,       50.5,       50.5,          0   ,          0
          1,   13,        132,        202,       50.5,       50.5,          0   ,          0
------------------------------------------------------------------------------
Component[1] Total Spheres = 13