Component 1 maximum area=0.47 [on 300x300]
Component type: Circle
---------------------------------------------------------------------------------------
--------------|------- Center-----|----- dimensions---------|----------------------
component| id|    X       |     Y      |  Width/a     | height/b |   hoop   |   Slope   
---------------------------------------------------------------------------------------
          1,    1,        124,         99,       50.5,       50.5,          0   ,          0
          1,    2,         68,         46,       50.5,       50.5,          0   ,          0
          1,    3,        206,         97,       50.5,       50.5,          0   ,          0
          1,    4,        241,         74,       50.5,       50.5,          0   ,          0
          1,    5,         10,        214,       50.5,       50.5,          0   ,          0
          1,    6,         24,         11,       50.5,       50.5,          0   ,          0
          1,    7,         22,         94,       50.5,       50.5,          0   ,          0
          1,    8,        171,          1,       50.5,       50.5,          0   ,          0
          1,    9,        159,        110,       50.5,       50.5,          0   ,          0
------------------------------------------------------------------------------
Component[1] Total Spheres = 9