Component 1 maximum area=0.47 [on 300x300]
Component type: Circle
---------------------------------------------------------------------------------------
--------------|------- Center-----|----- dimensions---------|----------------------
component| id|    X       |     Y      |  Width/a     | height/b |   hoop   |   Slope   
---------------------------------------------------------------------------------------
          1,    1,        296,         87,       50.5,       50.5,          0   ,          0
          1,    2,        269,        126,       50.5,       50.5,          0   ,          0
          1,    3,          6,         20,       50.5,       50.5,          0   ,          0
          1,    4,        135,         57,       50.5,       50.5,          0   ,          0
          1,    5,        282,        271,       50.5,       50.5,          0   ,          0
          1,    6,        142,        186,       50.5,       50.5,          0   ,          0
          1,    7,        143,        265,       50.5,       50.5,          0   ,          0
          1,    8,        260,        292,       50.5,       50.5,          0   ,          0
          1,    9,        154,         84,       50.5,       50.5,          0   ,          0
------------------------------------------------------------------------------
Component[1] Total Spheres = 9