Component 1 maximum area=0.47 [on 300x300]
Component type: Circle
---------------------------------------------------------------------------------------
--------------|------- Center-----|----- dimensions---------|----------------------
component| id|    X       |     Y      |  Width/a     | height/b |   hoop   |   Slope   
---------------------------------------------------------------------------------------
          1,    1,         84,        213,       50.5,       50.5,          0   ,          0
          1,    2,         90,        184,       50.5,       50.5,          0   ,          0
          1,    3,        225,         57,       50.5,       50.5,          0   ,          0
          1,    4,        272,        290,       50.5,       50.5,          0   ,          0
          1,    5,          3,         37,       50.5,       50.5,          0   ,          0
          1,    6,        105,        177,       50.5,       50.5,          0   ,          0
          1,    7,        119,         84,       50.5,       50.5,          0   ,          0
          1,    8,        166,         17,       50.5,       50.5,          0   ,          0
          1,    9,        208,        189,       50.5,       50.5,          0   ,          0
------------------------------------------------------------------------------
Component[1] Total Spheres = 9