Component 1 maximum area=0.47 [on 300x300]
Component type: Circle
---------------------------------------------------------------------------------------
--------------|------- Center-----|----- dimensions---------|----------------------
component| id|    X       |     Y      |  Width/a     | height/b |   hoop   |   Slope   
---------------------------------------------------------------------------------------
          1,    1,        203,         72,       50.5,       50.5,          0   ,          0
          1,    2,         64,        197,       50.5,       50.5,          0   ,          0
          1,    3,        289,        288,       50.5,       50.5,          0   ,          0
          1,    4,        188,        130,       50.5,       50.5,          0   ,          0
          1,    5,        112,          5,       50.5,       50.5,          0   ,          0
          1,    6,        221,         23,       50.5,       50.5,          0   ,          0
          1,    7,         48,        250,       50.5,       50.5,          0   ,          0
          1,    8,        280,          6,       50.5,       50.5,          0   ,          0
          1,    9,         18,         19,       50.5,       50.5,          0   ,          0
------------------------------------------------------------------------------
Component[1] Total Spheres = 9