Component 1 maximum area=0.47 [on 300x300]
Component type: Circle
---------------------------------------------------------------------------------------
--------------|------- Center-----|----- dimensions---------|----------------------
component| id|    X       |     Y      |  Width/a     | height/b |   hoop   |   Slope   
---------------------------------------------------------------------------------------
          1,    1,        168,        163,       50.5,       50.5,          0   ,          0
          1,    2,         68,        282,       50.5,       50.5,          0   ,          0
          1,    3,        193,         97,       50.5,       50.5,          0   ,          0
          1,    4,         17,        275,       50.5,       50.5,          0   ,          0
          1,    5,        270,          9,       50.5,       50.5,          0   ,          0
          1,    6,        139,        176,       50.5,       50.5,          0   ,          0
          1,    7,        116,        242,       50.5,       50.5,          0   ,          0
          1,    8,         75,         90,       50.5,       50.5,          0   ,          0
          1,    9,        202,        168,       50.5,       50.5,          0   ,          0
------------------------------------------------------------------------------
Component[1] Total Spheres = 9