Component 1 maximum area=0.47 [on 300x300]
Component type: Circle
---------------------------------------------------------------------------------------
--------------|------- Center-----|----- dimensions---------|----------------------
component| id|    X       |     Y      |  Width/a     | height/b |   hoop   |   Slope   
---------------------------------------------------------------------------------------
          1,    1,        249,        200,       50.5,       50.5,          0   ,          0
          1,    2,        119,        155,       50.5,       50.5,          0   ,          0
          1,    3,         86,        278,       50.5,       50.5,          0   ,          0
          1,    4,        249,        134,       50.5,       50.5,          0   ,          0
          1,    5,        230,        260,       50.5,       50.5,          0   ,          0
          1,    6,        287,        120,       50.5,       50.5,          0   ,          0
          1,    7,        115,        207,       50.5,       50.5,          0   ,          0
          1,    8,        101,        221,       50.5,       50.5,          0   ,          0
          1,    9,        217,        255,       50.5,       50.5,          0   ,          0
          1,   10,         65,         89,       50.5,       50.5,          0   ,          0
------------------------------------------------------------------------------
Component[1] Total Spheres = 10