Component 1 maximum area=0.47 [on 300x300]
Component type: Circle
---------------------------------------------------------------------------------------
--------------|------- Center-----|----- dimensions---------|----------------------
component| id|    X       |     Y      |  Width/a     | height/b |   hoop   |   Slope   
---------------------------------------------------------------------------------------
          1,    1,        253,         86,       50.5,       50.5,          0   ,          0
          1,    2,         74,         86,       50.5,       50.5,          0   ,          0
          1,    3,         33,         66,       50.5,       50.5,          0   ,          0
          1,    4,          8,         21,       50.5,       50.5,          0   ,          0
          1,    5,        245,          1,       50.5,       50.5,          0   ,          0
          1,    6,        173,        265,       50.5,       50.5,          0   ,          0
          1,    7,        276,        129,       50.5,       50.5,          0   ,          0
          1,    8,        208,        228,       50.5,       50.5,          0   ,          0
          1,    9,        195,        191,       50.5,       50.5,          0   ,          0
------------------------------------------------------------------------------
Component[1] Total Spheres = 9