Component 1 maximum area=0.47 [on 300x300]
Component type: Circle
---------------------------------------------------------------------------------------
--------------|------- Center-----|----- dimensions---------|----------------------
component| id|    X       |     Y      |  Width/a     | height/b |   hoop   |   Slope   
---------------------------------------------------------------------------------------
          1,    1,        277,         78,       50.5,       50.5,          0   ,          0
          1,    2,         95,        177,       50.5,       50.5,          0   ,          0
          1,    3,        297,        196,       50.5,       50.5,          0   ,          0
          1,    4,        239,        239,       50.5,       50.5,          0   ,          0
          1,    5,        230,        156,       50.5,       50.5,          0   ,          0
          1,    6,        232,        130,       50.5,       50.5,          0   ,          0
          1,    7,         62,        267,       50.5,       50.5,          0   ,          0
          1,    8,         26,        279,       50.5,       50.5,          0   ,          0
          1,    9,        263,        127,       50.5,       50.5,          0   ,          0
          1,   10,         30,         68,       50.5,       50.5,          0   ,          0
------------------------------------------------------------------------------
Component[1] Total Spheres = 10