Component 1 maximum area=0.47 [on 300x300]
Component type: Circle
---------------------------------------------------------------------------------------
--------------|------- Center-----|----- dimensions---------|----------------------
component| id|    X       |     Y      |  Width/a     | height/b |   hoop   |   Slope   
---------------------------------------------------------------------------------------
          1,    1,        197,        226,       50.5,       50.5,          0   ,          0
          1,    2,         84,        293,       50.5,       50.5,          0   ,          0
          1,    3,         31,        289,       50.5,       50.5,          0   ,          0
          1,    4,        281,        168,       50.5,       50.5,          0   ,          0
          1,    5,         29,        193,       50.5,       50.5,          0   ,          0
          1,    6,        274,        249,       50.5,       50.5,          0   ,          0
          1,    7,         46,          7,       50.5,       50.5,          0   ,          0
          1,    8,         49,        213,       50.5,       50.5,          0   ,          0
          1,    9,         97,        126,       50.5,       50.5,          0   ,          0
------------------------------------------------------------------------------
Component[1] Total Spheres = 9