Component 1 maximum area=0.47 [on 300x300]
Component type: Circle
---------------------------------------------------------------------------------------
--------------|------- Center-----|----- dimensions---------|----------------------
component| id|    X       |     Y      |  Width/a     | height/b |   hoop   |   Slope   
---------------------------------------------------------------------------------------
          1,    1,        179,        156,       50.5,       50.5,          0   ,          0
          1,    2,        261,         18,       50.5,       50.5,          0   ,          0
          1,    3,        145,        152,       50.5,       50.5,          0   ,          0
          1,    4,        127,          1,       50.5,       50.5,          0   ,          0
          1,    5,         71,        238,       50.5,       50.5,          0   ,          0
          1,    6,         21,        182,       50.5,       50.5,          0   ,          0
          1,    7,         92,        266,       50.5,       50.5,          0   ,          0
          1,    8,        283,         77,       50.5,       50.5,          0   ,          0
          1,    9,         81,         28,       50.5,       50.5,          0   ,          0
------------------------------------------------------------------------------
Component[1] Total Spheres = 9