Component 1 maximum area=0.47 [on 300x300]
Component type: Circle
---------------------------------------------------------------------------------------
--------------|------- Center-----|----- dimensions---------|----------------------
component| id|    X       |     Y      |  Width/a     | height/b |   hoop   |   Slope   
---------------------------------------------------------------------------------------
          1,    1,        193,        130,       50.5,       50.5,          0   ,          0
          1,    2,        267,          3,       50.5,       50.5,          0   ,          0
          1,    3,        130,        114,       50.5,       50.5,          0   ,          0
          1,    4,        139,         49,       50.5,       50.5,          0   ,          0
          1,    5,        161,         41,       50.5,       50.5,          0   ,          0
          1,    6,          5,         88,       50.5,       50.5,          0   ,          0
          1,    7,        235,         98,       50.5,       50.5,          0   ,          0
          1,    8,        279,         93,       50.5,       50.5,          0   ,          0
          1,    9,         75,        253,       50.5,       50.5,          0   ,          0
------------------------------------------------------------------------------
Component[1] Total Spheres = 9