Component 1 maximum area=0.47 [on 300x300]
Component type: Circle
---------------------------------------------------------------------------------------
--------------|------- Center-----|----- dimensions---------|----------------------
component| id|    X       |     Y      |  Width/a     | height/b |   hoop   |   Slope   
---------------------------------------------------------------------------------------
          1,    1,        228,        107,       50.5,       50.5,          0   ,          0
          1,    2,         83,        186,       50.5,       50.5,          0   ,          0
          1,    3,         58,        280,       50.5,       50.5,          0   ,          0
          1,    4,         42,        246,       50.5,       50.5,          0   ,          0
          1,    5,          7,         85,       50.5,       50.5,          0   ,          0
          1,    6,        182,         10,       50.5,       50.5,          0   ,          0
          1,    7,        205,        289,       50.5,       50.5,          0   ,          0
          1,    8,         18,        226,       50.5,       50.5,          0   ,          0
          1,    9,        183,         98,       50.5,       50.5,          0   ,          0
------------------------------------------------------------------------------
Component[1] Total Spheres = 9