Component 1 maximum area=0.47 [on 300x300]
Component type: Circle
---------------------------------------------------------------------------------------
--------------|------- Center-----|----- dimensions---------|----------------------
component| id|    X       |     Y      |  Width/a     | height/b |   hoop   |   Slope   
---------------------------------------------------------------------------------------
          1,    1,        289,        235,       50.5,       50.5,          0   ,          0
          1,    2,        287,        162,       50.5,       50.5,          0   ,          0
          1,    3,        298,        167,       50.5,       50.5,          0   ,          0
          1,    4,        211,         72,       50.5,       50.5,          0   ,          0
          1,    5,         37,        259,       50.5,       50.5,          0   ,          0
          1,    6,         69,        298,       50.5,       50.5,          0   ,          0
          1,    7,        256,        224,       50.5,       50.5,          0   ,          0
          1,    8,        157,         52,       50.5,       50.5,          0   ,          0
          1,    9,         38,        217,       50.5,       50.5,          0   ,          0
          1,   10,        216,        109,       50.5,       50.5,          0   ,          0
          1,   11,        291,        270,       50.5,       50.5,          0   ,          0
          1,   12,         15,         74,       50.5,       50.5,          0   ,          0
------------------------------------------------------------------------------
Component[1] Total Spheres = 12