Component 1 maximum area=0.47 [on 300x300]
Component type: Circle
---------------------------------------------------------------------------------------
--------------|------- Center-----|----- dimensions---------|----------------------
component| id|    X       |     Y      |  Width/a     | height/b |   hoop   |   Slope   
---------------------------------------------------------------------------------------
          1,    1,        274,        298,       50.5,       50.5,          0   ,          0
          1,    2,        132,        110,       50.5,       50.5,          0   ,          0
          1,    3,         19,         42,       50.5,       50.5,          0   ,          0
          1,    4,         44,        119,       50.5,       50.5,          0   ,          0
          1,    5,        163,        116,       50.5,       50.5,          0   ,          0
          1,    6,         44,        162,       50.5,       50.5,          0   ,          0
          1,    7,        111,        175,       50.5,       50.5,          0   ,          0
          1,    8,         86,        205,       50.5,       50.5,          0   ,          0
          1,    9,         35,         52,       50.5,       50.5,          0   ,          0
          1,   10,        163,          7,       50.5,       50.5,          0   ,          0
------------------------------------------------------------------------------
Component[1] Total Spheres = 10