Component 1 maximum area=0.47 [on 300x300]
Component type: Circle
---------------------------------------------------------------------------------------
--------------|------- Center-----|----- dimensions---------|----------------------
component| id|    X       |     Y      |  Width/a     | height/b |   hoop   |   Slope   
---------------------------------------------------------------------------------------
          1,    1,        203,        202,       50.5,       50.5,          0   ,          0
          1,    2,         29,        284,       50.5,       50.5,          0   ,          0
          1,    3,        165,        263,       50.5,       50.5,          0   ,          0
          1,    4,         14,        296,       50.5,       50.5,          0   ,          0
          1,    5,        172,         25,       50.5,       50.5,          0   ,          0
          1,    6,        161,        106,       50.5,       50.5,          0   ,          0
          1,    7,         20,         40,       50.5,       50.5,          0   ,          0
          1,    8,        222,        187,       50.5,       50.5,          0   ,          0
          1,    9,         81,        220,       50.5,       50.5,          0   ,          0
------------------------------------------------------------------------------
Component[1] Total Spheres = 9