Component 1 maximum area=0.47 [on 300x300]
Component type: Circle
---------------------------------------------------------------------------------------
--------------|------- Center-----|----- dimensions---------|----------------------
component| id|    X       |     Y      |  Width/a     | height/b |   hoop   |   Slope   
---------------------------------------------------------------------------------------
          1,    1,        266,        289,       50.5,       50.5,          0   ,          0
          1,    2,        208,         14,       50.5,       50.5,          0   ,          0
          1,    3,         89,        285,       50.5,       50.5,          0   ,          0
          1,    4,        250,        193,       50.5,       50.5,          0   ,          0
          1,    5,        277,        144,       50.5,       50.5,          0   ,          0
          1,    6,        106,        250,       50.5,       50.5,          0   ,          0
          1,    7,        220,        163,       50.5,       50.5,          0   ,          0
          1,    8,         21,        116,       50.5,       50.5,          0   ,          0
          1,    9,         49,         25,       50.5,       50.5,          0   ,          0
------------------------------------------------------------------------------
Component[1] Total Spheres = 9