Component 1 maximum area=0.47 [on 300x300]
Component type: Circle
---------------------------------------------------------------------------------------
--------------|------- Center-----|----- dimensions---------|----------------------
component| id|    X       |     Y      |  Width/a     | height/b |   hoop   |   Slope   
---------------------------------------------------------------------------------------
          1,    1,         99,        170,       50.5,       50.5,          0   ,          0
          1,    2,         68,        207,       50.5,       50.5,          0   ,          0
          1,    3,        267,        215,       50.5,       50.5,          0   ,          0
          1,    4,         30,        115,       50.5,       50.5,          0   ,          0
          1,    5,         17,        205,       50.5,       50.5,          0   ,          0
          1,    6,         12,         78,       50.5,       50.5,          0   ,          0
          1,    7,        215,        169,       50.5,       50.5,          0   ,          0
          1,    8,         45,        160,       50.5,       50.5,          0   ,          0
          1,    9,        295,        131,       50.5,       50.5,          0   ,          0
          1,   10,        168,        101,       50.5,       50.5,          0   ,          0
------------------------------------------------------------------------------
Component[1] Total Spheres = 10