Component 1 maximum area=0.47 [on 300x300]
Component type: Circle
---------------------------------------------------------------------------------------
--------------|------- Center-----|----- dimensions---------|----------------------
component| id|    X       |     Y      |  Width/a     | height/b |   hoop   |   Slope   
---------------------------------------------------------------------------------------
          1,    1,         26,        285,       50.5,       50.5,          0   ,          0
          1,    2,        201,        171,       50.5,       50.5,          0   ,          0
          1,    3,         89,        278,       50.5,       50.5,          0   ,          0
          1,    4,         32,        215,       50.5,       50.5,          0   ,          0
          1,    5,        180,        290,       50.5,       50.5,          0   ,          0
          1,    6,        148,        240,       50.5,       50.5,          0   ,          0
          1,    7,         94,        203,       50.5,       50.5,          0   ,          0
          1,    8,         26,        240,       50.5,       50.5,          0   ,          0
          1,    9,        250,         76,       50.5,       50.5,          0   ,          0
------------------------------------------------------------------------------
Component[1] Total Spheres = 9