Component 1 maximum area=0.47 [on 300x300]
Component type: Circle
---------------------------------------------------------------------------------------
--------------|------- Center-----|----- dimensions---------|----------------------
component| id|    X       |     Y      |  Width/a     | height/b |   hoop   |   Slope   
---------------------------------------------------------------------------------------
          1,    1,        200,        288,       50.5,       50.5,          0   ,          0
          1,    2,         83,        291,       50.5,       50.5,          0   ,          0
          1,    3,         61,         11,       50.5,       50.5,          0   ,          0
          1,    4,          1,         15,       50.5,       50.5,          0   ,          0
          1,    5,        211,        295,       50.5,       50.5,          0   ,          0
          1,    6,        149,        242,       50.5,       50.5,          0   ,          0
          1,    7,          9,        211,       50.5,       50.5,          0   ,          0
          1,    8,        163,        233,       50.5,       50.5,          0   ,          0
          1,    9,        159,        154,       50.5,       50.5,          0   ,          0
          1,   10,         62,        195,       50.5,       50.5,          0   ,          0
          1,   11,        259,        171,       50.5,       50.5,          0   ,          0
------------------------------------------------------------------------------
Component[1] Total Spheres = 11