Component 1 maximum area=0.47 [on 300x300]
Component type: Circle
---------------------------------------------------------------------------------------
--------------|------- Center-----|----- dimensions---------|----------------------
component| id|    X       |     Y      |  Width/a     | height/b |   hoop   |   Slope   
---------------------------------------------------------------------------------------
          1,    1,         92,        263,       50.5,       50.5,          0   ,          0
          1,    2,         79,        248,       50.5,       50.5,          0   ,          0
          1,    3,         93,        191,       50.5,       50.5,          0   ,          0
          1,    4,        198,          6,       50.5,       50.5,          0   ,          0
          1,    5,        137,         36,       50.5,       50.5,          0   ,          0
          1,    6,        119,        105,       50.5,       50.5,          0   ,          0
          1,    7,        148,        171,       50.5,       50.5,          0   ,          0
          1,    8,         31,        159,       50.5,       50.5,          0   ,          0
          1,    9,        198,        159,       50.5,       50.5,          0   ,          0
------------------------------------------------------------------------------
Component[1] Total Spheres = 9