Component 1 maximum area=0.47 [on 300x300]
Component type: Circle
---------------------------------------------------------------------------------------
--------------|------- Center-----|----- dimensions---------|----------------------
component| id|    X       |     Y      |  Width/a     | height/b |   hoop   |   Slope   
---------------------------------------------------------------------------------------
          1,    1,          3,         84,       50.5,       50.5,          0   ,          0
          1,    2,        244,        153,       50.5,       50.5,          0   ,          0
          1,    3,        269,        270,       50.5,       50.5,          0   ,          0
          1,    4,        218,         43,       50.5,       50.5,          0   ,          0
          1,    5,        236,         77,       50.5,       50.5,          0   ,          0
          1,    6,        297,        101,       50.5,       50.5,          0   ,          0
          1,    7,         86,        168,       50.5,       50.5,          0   ,          0
          1,    8,         25,         86,       50.5,       50.5,          0   ,          0
          1,    9,         45,        291,       50.5,       50.5,          0   ,          0
------------------------------------------------------------------------------
Component[1] Total Spheres = 9