Component 1 maximum area=0.47 [on 300x300]
Component type: Circle
---------------------------------------------------------------------------------------
--------------|------- Center-----|----- dimensions---------|----------------------
component| id|    X       |     Y      |  Width/a     | height/b |   hoop   |   Slope   
---------------------------------------------------------------------------------------
          1,    1,        169,        175,       50.5,       50.5,          0   ,          0
          1,    2,        160,        217,       50.5,       50.5,          0   ,          0
          1,    3,        141,         40,       50.5,       50.5,          0   ,          0
          1,    4,        145,        285,       50.5,       50.5,          0   ,          0
          1,    5,        199,        243,       50.5,       50.5,          0   ,          0
          1,    6,        296,          2,       50.5,       50.5,          0   ,          0
          1,    7,          1,        102,       50.5,       50.5,          0   ,          0
          1,    8,        177,        120,       50.5,       50.5,          0   ,          0
          1,    9,        177,         47,       50.5,       50.5,          0   ,          0
          1,   10,        222,         33,       50.5,       50.5,          0   ,          0
------------------------------------------------------------------------------
Component[1] Total Spheres = 10