Component 1 maximum area=0.47 [on 300x300]
Component type: Circle
---------------------------------------------------------------------------------------
--------------|------- Center-----|----- dimensions---------|----------------------
component| id|    X       |     Y      |  Width/a     | height/b |   hoop   |   Slope   
---------------------------------------------------------------------------------------
          1,    1,         29,        276,       50.5,       50.5,          0   ,          0
          1,    2,        104,          3,       50.5,       50.5,          0   ,          0
          1,    3,        176,        149,       50.5,       50.5,          0   ,          0
          1,    4,         24,        260,       50.5,       50.5,          0   ,          0
          1,    5,        284,        295,       50.5,       50.5,          0   ,          0
          1,    6,        160,        105,       50.5,       50.5,          0   ,          0
          1,    7,         17,        155,       50.5,       50.5,          0   ,          0
          1,    8,         19,         38,       50.5,       50.5,          0   ,          0
          1,    9,         90,        153,       50.5,       50.5,          0   ,          0
------------------------------------------------------------------------------
Component[1] Total Spheres = 9