Component 1 maximum area=0.47 [on 300x300]
Component type: Circle
---------------------------------------------------------------------------------------
--------------|------- Center-----|----- dimensions---------|----------------------
component| id|    X       |     Y      |  Width/a     | height/b |   hoop   |   Slope   
---------------------------------------------------------------------------------------
          1,    1,        213,         69,       50.5,       50.5,          0   ,          0
          1,    2,        251,         87,       50.5,       50.5,          0   ,          0
          1,    3,        106,         25,       50.5,       50.5,          0   ,          0
          1,    4,        168,        162,       50.5,       50.5,          0   ,          0
          1,    5,        282,        247,       50.5,       50.5,          0   ,          0
          1,    6,        296,        120,       50.5,       50.5,          0   ,          0
          1,    7,        111,         41,       50.5,       50.5,          0   ,          0
          1,    8,        260,        285,       50.5,       50.5,          0   ,          0
          1,    9,        282,        123,       50.5,       50.5,          0   ,          0
          1,   10,        166,         73,       50.5,       50.5,          0   ,          0
          1,   11,          6,         39,       50.5,       50.5,          0   ,          0
------------------------------------------------------------------------------
Component[1] Total Spheres = 11