Component 1 maximum area=0.47 [on 300x300]
Component type: Circle
---------------------------------------------------------------------------------------
--------------|------- Center-----|----- dimensions---------|----------------------
component| id|    X       |     Y      |  Width/a     | height/b |   hoop   |   Slope   
---------------------------------------------------------------------------------------
          1,    1,        271,        272,       50.5,       50.5,          0   ,          0
          1,    2,         82,        263,       50.5,       50.5,          0   ,          0
          1,    3,        274,          5,       50.5,       50.5,          0   ,          0
          1,    4,        255,          2,       50.5,       50.5,          0   ,          0
          1,    5,        202,         50,       50.5,       50.5,          0   ,          0
          1,    6,        141,         95,       50.5,       50.5,          0   ,          0
          1,    7,        267,         21,       50.5,       50.5,          0   ,          0
          1,    8,        226,        236,       50.5,       50.5,          0   ,          0
          1,    9,        241,        248,       50.5,       50.5,          0   ,          0
          1,   10,        231,        158,       50.5,       50.5,          0   ,          0
------------------------------------------------------------------------------
Component[1] Total Spheres = 10