Component 1 maximum area=0.47 [on 300x300]
Component type: Circle
---------------------------------------------------------------------------------------
--------------|------- Center-----|----- dimensions---------|----------------------
component| id|    X       |     Y      |  Width/a     | height/b |   hoop   |   Slope   
---------------------------------------------------------------------------------------
          1,    1,        101,        196,       50.5,       50.5,          0   ,          0
          1,    2,        283,        294,       50.5,       50.5,          0   ,          0
          1,    3,         61,        176,       50.5,       50.5,          0   ,          0
          1,    4,          9,        127,       50.5,       50.5,          0   ,          0
          1,    5,        130,         17,       50.5,       50.5,          0   ,          0
          1,    6,        288,        296,       50.5,       50.5,          0   ,          0
          1,    7,        189,          2,       50.5,       50.5,          0   ,          0
          1,    8,         89,        267,       50.5,       50.5,          0   ,          0
          1,    9,         10,        267,       50.5,       50.5,          0   ,          0
          1,   10,        227,         35,       50.5,       50.5,          0   ,          0
          1,   11,        132,        222,       50.5,       50.5,          0   ,          0
------------------------------------------------------------------------------
Component[1] Total Spheres = 11