Component 1 maximum area=0.47 [on 300x300]
Component type: Circle
---------------------------------------------------------------------------------------
--------------|------- Center-----|----- dimensions---------|----------------------
component| id|    X       |     Y      |  Width/a     | height/b |   hoop   |   Slope   
---------------------------------------------------------------------------------------
          1,    1,         67,        137,       50.5,       50.5,          0   ,          0
          1,    2,        143,        139,       50.5,       50.5,          0   ,          0
          1,    3,         57,        185,       50.5,       50.5,          0   ,          0
          1,    4,        166,        110,       50.5,       50.5,          0   ,          0
          1,    5,        105,        106,       50.5,       50.5,          0   ,          0
          1,    6,         26,         46,       50.5,       50.5,          0   ,          0
          1,    7,         87,        174,       50.5,       50.5,          0   ,          0
          1,    8,         16,        270,       50.5,       50.5,          0   ,          0
          1,    9,         32,        100,       50.5,       50.5,          0   ,          0
          1,   10,        170,         61,       50.5,       50.5,          0   ,          0
------------------------------------------------------------------------------
Component[1] Total Spheres = 10