Component 1 maximum area=0.47 [on 300x300]
Component type: Circle
---------------------------------------------------------------------------------------
--------------|------- Center-----|----- dimensions---------|----------------------
component| id|    X       |     Y      |  Width/a     | height/b |   hoop   |   Slope   
---------------------------------------------------------------------------------------
          1,    1,        270,        108,       50.5,       50.5,          0   ,          0
          1,    2,        227,         87,       50.5,       50.5,          0   ,          0
          1,    3,        228,        153,       50.5,       50.5,          0   ,          0
          1,    4,         91,         14,       50.5,       50.5,          0   ,          0
          1,    5,        242,         24,       50.5,       50.5,          0   ,          0
          1,    6,        214,        272,       50.5,       50.5,          0   ,          0
          1,    7,        209,        121,       50.5,       50.5,          0   ,          0
          1,    8,        224,        247,       50.5,       50.5,          0   ,          0
          1,    9,        270,        107,       50.5,       50.5,          0   ,          0
          1,   10,         53,        145,       50.5,       50.5,          0   ,          0
------------------------------------------------------------------------------
Component[1] Total Spheres = 10