Component 1 maximum area=0.47 [on 300x300]
Component type: Circle
---------------------------------------------------------------------------------------
--------------|------- Center-----|----- dimensions---------|----------------------
component| id|    X       |     Y      |  Width/a     | height/b |   hoop   |   Slope   
---------------------------------------------------------------------------------------
          1,    1,        151,          3,       50.5,       50.5,          0   ,          0
          1,    2,        109,         52,       50.5,       50.5,          0   ,          0
          1,    3,         30,         11,       50.5,       50.5,          0   ,          0
          1,    4,         56,        186,       50.5,       50.5,          0   ,          0
          1,    5,        263,        105,       50.5,       50.5,          0   ,          0
          1,    6,         20,        291,       50.5,       50.5,          0   ,          0
          1,    7,          6,        193,       50.5,       50.5,          0   ,          0
          1,    8,         72,         22,       50.5,       50.5,          0   ,          0
          1,    9,         99,        288,       50.5,       50.5,          0   ,          0
          1,   10,        207,         35,       50.5,       50.5,          0   ,          0
------------------------------------------------------------------------------
Component[1] Total Spheres = 10