Component 1 maximum area=0.47 [on 300x300]
Component type: Circle
---------------------------------------------------------------------------------------
--------------|------- Center-----|----- dimensions---------|----------------------
component| id|    X       |     Y      |  Width/a     | height/b |   hoop   |   Slope   
---------------------------------------------------------------------------------------
          1,    1,         64,        271,       50.5,       50.5,          0   ,          0
          1,    2,        251,        131,       50.5,       50.5,          0   ,          0
          1,    3,        273,        127,       50.5,       50.5,          0   ,          0
          1,    4,         73,         45,       50.5,       50.5,          0   ,          0
          1,    5,         47,          5,       50.5,       50.5,          0   ,          0
          1,    6,         83,        127,       50.5,       50.5,          0   ,          0
          1,    7,        284,        129,       50.5,       50.5,          0   ,          0
          1,    8,        266,        126,       50.5,       50.5,          0   ,          0
          1,    9,        170,        259,       50.5,       50.5,          0   ,          0
          1,   10,        225,          6,       50.5,       50.5,          0   ,          0
------------------------------------------------------------------------------
Component[1] Total Spheres = 10