Component 1 maximum area=0.47 [on 300x300]
Component type: Circle
---------------------------------------------------------------------------------------
--------------|------- Center-----|----- dimensions---------|----------------------
component| id|    X       |     Y      |  Width/a     | height/b |   hoop   |   Slope   
---------------------------------------------------------------------------------------
          1,    1,        124,        104,       50.5,       50.5,          0   ,          0
          1,    2,        145,         22,       50.5,       50.5,          0   ,          0
          1,    3,        114,        166,       50.5,       50.5,          0   ,          0
          1,    4,         67,        184,       50.5,       50.5,          0   ,          0
          1,    5,        270,        266,       50.5,       50.5,          0   ,          0
          1,    6,        194,         24,       50.5,       50.5,          0   ,          0
          1,    7,         72,        195,       50.5,       50.5,          0   ,          0
          1,    8,         19,        249,       50.5,       50.5,          0   ,          0
          1,    9,        178,        239,       50.5,       50.5,          0   ,          0
------------------------------------------------------------------------------
Component[1] Total Spheres = 9