Component 1 maximum area=0.47 [on 300x300]
Component type: Circle
---------------------------------------------------------------------------------------
--------------|------- Center-----|----- dimensions---------|----------------------
component| id|    X       |     Y      |  Width/a     | height/b |   hoop   |   Slope   
---------------------------------------------------------------------------------------
          1,    1,        197,        143,       50.5,       50.5,          0   ,          0
          1,    2,        205,        106,       50.5,       50.5,          0   ,          0
          1,    3,         77,        248,       50.5,       50.5,          0   ,          0
          1,    4,        114,          8,       50.5,       50.5,          0   ,          0
          1,    5,        258,        254,       50.5,       50.5,          0   ,          0
          1,    6,         81,         77,       50.5,       50.5,          0   ,          0
          1,    7,        280,        295,       50.5,       50.5,          0   ,          0
          1,    8,        266,        255,       50.5,       50.5,          0   ,          0
          1,    9,        286,        224,       50.5,       50.5,          0   ,          0
          1,   10,        200,        209,       50.5,       50.5,          0   ,          0
------------------------------------------------------------------------------
Component[1] Total Spheres = 10