Component 1 maximum area=0.47 [on 300x300]
Component type: Circle
---------------------------------------------------------------------------------------
--------------|------- Center-----|----- dimensions---------|----------------------
component| id|    X       |     Y      |  Width/a     | height/b |   hoop   |   Slope   
---------------------------------------------------------------------------------------
          1,    1,        242,         28,       50.5,       50.5,          0   ,          0
          1,    2,        191,        120,       50.5,       50.5,          0   ,          0
          1,    3,        299,         12,       50.5,       50.5,          0   ,          0
          1,    4,        196,        113,       50.5,       50.5,          0   ,          0
          1,    5,        161,         67,       50.5,       50.5,          0   ,          0
          1,    6,         82,        182,       50.5,       50.5,          0   ,          0
          1,    7,        292,        158,       50.5,       50.5,          0   ,          0
          1,    8,        136,         76,       50.5,       50.5,          0   ,          0
          1,    9,         41,         66,       50.5,       50.5,          0   ,          0
------------------------------------------------------------------------------
Component[1] Total Spheres = 9