Component 1 maximum area=0.47 [on 300x300]
Component type: Circle
---------------------------------------------------------------------------------------
--------------|------- Center-----|----- dimensions---------|----------------------
component| id|    X       |     Y      |  Width/a     | height/b |   hoop   |   Slope   
---------------------------------------------------------------------------------------
          1,    1,        132,         68,       50.5,       50.5,          0   ,          0
          1,    2,         54,         22,       50.5,       50.5,          0   ,          0
          1,    3,        284,        284,       50.5,       50.5,          0   ,          0
          1,    4,         19,         18,       50.5,       50.5,          0   ,          0
          1,    5,        236,        270,       50.5,       50.5,          0   ,          0
          1,    6,        138,         13,       50.5,       50.5,          0   ,          0
          1,    7,        207,        105,       50.5,       50.5,          0   ,          0
          1,    8,        111,        167,       50.5,       50.5,          0   ,          0
          1,    9,        173,        245,       50.5,       50.5,          0   ,          0
------------------------------------------------------------------------------
Component[1] Total Spheres = 9