Rerclolation 2d
Version 1.6 Cluster Analysis - Electric, Thermal properties - Mechanical properties calculation in progress...Report starting: Thu Jul 18 12:40:01 2024

---------------------------------------------------------------------------------------------------
Inputs
|#  ,%Weights,%Spec. Weights,X Dimension,Y Dimension,Type,Size type,      Area,hoop Dist
   0,     0.32,              1,       1e-08,       1e-08,    4,         3,       0.32,        0
   1,     0.68,              1,       1e-08,       1e-08,    2,         0,       0.68,        0
Pixels Per minimum Size:30
Factor [pixelsPerMinimumCircle / minimumSize]:3e+09
Maximum Dimension:1e-08
Minimum Dimension:1e-08
Grid size =[100x100]
Total iterations: 300
---------------------------------------------------------------------------------------------------
Realiazation No,Percolate Y[1]/N[0], Process Time, Setup Time   ,% Area Comp[0]  ,% Area Comp[1],Electric Conductivity, Thermal Conductivity, Young Modulus, Poisson Ratio ,Total Conductive Paths,Mean Real Path Length,Current Electric Conductivity
      1,                  1,     0.001,          0.001            ,1            ,0,   8.18996643,   8.18996643,81515.98295208,   0.02608511,   7.00000000, 183.42857143,   0.00854704
      2,                  1,0.00100000,     0.00000000            ,1.00000000            ,0.00000000,  29.03322805,  29.03322805,21462.95937252,   0.00686815,   2.00000000, 217.50000000,   0.00068887
      3,                  1,0.00000000,     0.00200000            ,1.00000000            ,0.00000000,   7.99099723,   7.99099723,83302.60320755,   0.02665683,   7.00000000, 176.00000000,   0.00875986
      4,                  1,0.00000000,     0.00100000            ,1.00000000            ,0.00000000,   5.64393845,   5.64393845,112238.85267440,   0.03591643,   9.00000000, 164.44444444,   0.01594631
      5,                  1,0.00000000,     0.00100000            ,1.00000000            ,0.00000000,   7.90636753,   7.90636753,72558.62920601,   0.02321876,   6.00000000, 169.66666667,   0.00758882
      6,                  1,0.00100000,     0.00100000            ,1.00000000            ,0.00000000,   5.24484560,   5.24484560,106568.68498122,   0.03410198,   9.00000000, 169.00000000,   0.01715970
      7,                  1,0.00100000,     0.00100000            ,1.00000000            ,0.00000000,   6.68265127,   6.68265127,83674.54460826,   0.02677585,   7.00000000, 163.71428571,   0.01047488
      8,                  1,0.00100000,     0.00100000            ,1.00000000            ,0.00000000,   7.59870978,   7.59870978,82612.98776667,   0.02643616,   7.00000000, 180.57142857,   0.00921209
      9,                  1,0.00000000,     0.00100000            ,1.00000000            ,0.00000000,   8.48402573,   8.48402573,73051.97442112,   0.02337663,   6.00000000, 169.50000000,   0.00707211
     10,                  1,0.00100000,     0.00000000            ,1.00000000            ,0.00000000,   5.99575839,   5.99575839,95637.00265691,   0.03060384,   8.00000000, 163.25000000,   0.01334277
     11,                  1,0.00100000,     0.00000000            ,1.00000000            ,0.00000000,   6.79525769,   6.79525769,96687.31769989,   0.03093994,   8.00000000, 172.00000000,   0.01177292
     12,                  1,0.00100000,     0.00000000            ,1.00000000            ,0.00000000,   9.89709883,   9.89709883,60255.07639306,   0.01928162,   5.00000000, 177.60000000,   0.00505199
     13,                  1,0.00100000,     0.00100000            ,1.00000000            ,0.00000000,   9.07420875,   9.07420875,70623.64254961,   0.02259957,   6.00000000, 183.00000000,   0.00661215
     14,                  1,0.00100000,     0.00100000            ,1.00000000            ,0.00000000,   8.13403289,   8.13403289,71968.32544602,   0.02302986,   6.00000000, 170.83333333,   0.00737641
     15,                  1,0.00100000,     0.00000000            ,1.00000000            ,0.00000000,   6.71233497,   6.71233497,91685.75881890,   0.02933944,   8.00000000, 176.50000000,   0.01191836
     16,                  1,0.00100000,     0.00000000            ,1.00000000            ,0.00000000,   7.76407848,   7.76407848,85150.88498916,   0.02724828,   7.00000000, 181.42857143,   0.00901588
     17,                  1,0.00100000,     0.00000000            ,1.00000000            ,0.00000000,   7.27627751,   7.27627751,82942.92582488,   0.02654174,   7.00000000, 178.00000000,   0.00962030
     18,                  1,0.00100000,     0.00000000            ,1.00000000            ,0.00000000,   7.24267007,   7.24267007,83461.73586291,   0.02670775,   7.00000000, 177.42857143,   0.00966494
     19,                  1,0.00100000,     0.00000000            ,1.00000000            ,0.00000000,   6.81134111,   6.81134111,82541.55057396,   0.02641330,   7.00000000, 171.14285714,   0.01027698
     20,                  1,0.00100000,     0.00100000            ,1.00000000            ,0.00000000,   8.86527050,   8.86527050,59153.38465798,   0.01892908,   5.00000000, 169.20000000,   0.00563999
     21,                  1,0.00000000,     0.00100000            ,1.00000000            ,0.00000000,  13.04830086,  13.04830086,49010.97053655,   0.01568351,   4.00000000, 180.50000000,   0.00306553
     22,                  1,0.00000000,     0.00100000            ,1.00000000            ,0.00000000,  12.36422601,  12.36422601,49129.12791514,   0.01572132,   4.00000000, 170.75000000,   0.00323514
     23,                  1,0.00100000,     0.00100000            ,1.00000000            ,0.00000000,   5.01077321,   5.01077321,107190.42976307,   0.03430094,   9.00000000, 160.00000000,   0.01796130
     24,                  1,0.00000000,     0.00100000            ,1.00000000            ,0.00000000,   5.73869392,   5.73869392,81768.90535908,   0.02616605,   7.00000000, 157.00000000,   0.01219790
     25,                  1,0.00100000,     0.00000000            ,1.00000000            ,0.00000000,   8.17104831,   8.17104831,80575.33959158,   0.02578411,   7.00000000, 196.00000000,   0.00856683
     26,                  1,0.00100000,     0.00000000            ,1.00000000            ,0.00000000,  10.18880044,  10.18880044,48650.46506738,   0.01556815,   4.00000000, 156.00000000,   0.00392588
     27,                  1,0.00100000,     0.00000000            ,1.00000000            ,0.00000000,   7.43943533,   7.43943533,69921.73260966,   0.02237495,   6.00000000, 170.83333333,   0.00806513
     28,                  1,0.00000000,     0.00100000            ,1.00000000            ,0.00000000,   8.53995953,   8.53995953,58514.70849653,   0.01872471,   5.00000000, 168.80000000,   0.00585483
     29,                  1,0.00000000,     0.00100000            ,1.00000000            ,0.00000000,   7.89563711,   7.89563711,58010.12490457,   0.01856324,   5.00000000, 166.20000000,   0.00633261
     30,                  1,0.00100000,     0.00000000            ,1.00000000            ,0.00000000,  13.80539855,  13.80539855,44468.16370713,   0.01422981,   4.00000000, 193.50000000,   0.00289742
     31,                  1,0.00100000,     0.00000000            ,1.00000000            ,0.00000000,  12.50410185,  12.50410185,42618.25633231,   0.01363784,   4.00000000, 210.75000000,   0.00319895
     32,                  1,0.00000000,     0.00100000            ,1.00000000            ,0.00000000,   8.25630933,   8.25630933,72330.95018186,   0.02314590,   6.00000000, 179.16666667,   0.00726717
     33,                  1,0.00100000,     0.00000000            ,1.00000000            ,0.00000000,   6.14171863,   6.14171863,98410.58525107,   0.03149139,   8.00000000, 161.12500000,   0.01302567
     34,                  1,0.00100000,     0.00000000            ,1.00000000            ,0.00000000,   7.26345327,   7.26345327,85077.76328882,   0.02722488,   7.00000000, 174.14285714,   0.00963729
     35,                  1,0.00100000,     0.00000000            ,1.00000000            ,0.00000000,   6.98515752,   6.98515752,80164.16256444,   0.02565253,   7.00000000, 160.42857143,   0.01002125
     36,                  1,0.00100000,     0.00000000            ,1.00000000            ,0.00000000,   7.36398559,   7.36398559,94079.93385985,   0.03010558,   8.00000000, 183.62500000,   0.01086368
     37,                  1,0.00100000,     0.00100000            ,1.00000000            ,0.00000000,   5.41676226,   5.41676226,93878.25228574,   0.03004104,   8.00000000, 153.37500000,   0.01476897
     38,                  1,0.00100000,     0.00100000            ,1.00000000            ,0.00000000,   9.38197196,   9.38197196,70924.00636801,   0.02269568,   6.00000000, 180.33333333,   0.00639524
     39,                  1,0.00100000,     0.00100000            ,1.00000000            ,0.00000000,   4.85879918,   4.85879918,116562.76887580,   0.03730009,  10.00000000, 158.90000000,   0.02058122
     40,                  1,0.00000000,     0.00100000            ,1.00000000            ,0.00000000,   5.60001226,   5.60001226,95118.71760584,   0.03043799,   8.00000000, 161.37500000,   0.01428568
     41,                  1,0.00100000,     0.00000000            ,1.00000000            ,0.00000000,   8.37769580,   8.37769580,59160.65902068,   0.01893141,   5.00000000, 168.00000000,   0.00596823
     42,                  1,0.00100000,     0.00100000            ,1.00000000            ,0.00000000,  10.95921115,  10.95921115,58166.54923602,   0.01861330,   5.00000000, 183.60000000,   0.00456237
     43,                  1,0.00100000,     0.00000000            ,1.00000000            ,0.00000000,   7.61907732,   7.61907732,83383.37614565,   0.02668268,   7.00000000, 178.00000000,   0.00918746
     44,                  1,0.00100000,     0.00100000            ,1.00000000            ,0.00000000,   6.15619988,   6.15619988,83001.57763527,   0.02656050,   7.00000000, 155.85714286,   0.01137065
     45,                  1,0.00000000,     0.00100000            ,1.00000000            ,0.00000000,  22.85968166,  22.85968166,34188.01205535,   0.01094016,   3.00000000, 220.33333333,   0.00131235
     46,                  1,0.00100000,     0.00000000            ,1.00000000            ,0.00000000,  15.60018642,  15.60018642,49562.97802102,   0.01586015,   4.00000000, 200.50000000,   0.00256407
     47,                  1,0.00100000,     0.00100000            ,1.00000000            ,0.00000000,   7.81051536,   7.81051536,66860.44180725,   0.02139534,   6.00000000, 191.16666667,   0.00768195
     48,                  1,0.00100000,     0.00100000            ,1.00000000            ,0.00000000,  11.44129614,  11.44129614,47017.24069029,   0.01504552,   4.00000000, 168.50000000,   0.00349611
     49,                  1,0.00100000,     0.00100000            ,1.00000000            ,0.00000000,   9.27448887,   9.27448887,67345.22940165,   0.02155047,   6.00000000, 190.00000000,   0.00646936
     50,                  1,0.00000000,     0.00100000            ,1.00000000            ,0.00000000,  13.66481447,  13.66481447,46415.10186025,   0.01485283,   4.00000000, 197.00000000,   0.00292723
     51,                  1,0.00000000,     0.00100000            ,1.00000000            ,0.00000000,   8.58492070,   8.58492070,74573.98761700,   0.02386368,   6.00000000, 174.00000000,   0.00698900
     52,                  1,0.00100000,     0.00000000            ,1.00000000            ,0.00000000,   6.47636863,   6.47636863,96262.12811412,   0.03080388,   8.00000000, 172.50000000,   0.01235260
     53,                  1,0.00100000,     0.00000000            ,1.00000000            ,0.00000000,  15.44251330,  15.44251330,45867.85901362,   0.01467771,   4.00000000, 219.75000000,   0.00259025
     54,                  1,0.00100000,     0.00000000            ,1.00000000            ,0.00000000,  10.23946573,  10.23946573,59309.52555909,   0.01897905,   5.00000000, 174.60000000,   0.00488307
     55,                  1,0.00000000,     0.00100000            ,1.00000000            ,0.00000000,   6.77291659,   6.77291659,82254.51171320,   0.02632144,   7.00000000, 165.28571429,   0.01033528
     56,                  1,0.00100000,     0.00000000            ,1.00000000            ,0.00000000,   6.59694445,   6.59694445,81381.91566598,   0.02604221,   7.00000000, 169.57142857,   0.01061097
     57,                  1,0.00100000,     0.00000000            ,1.00000000            ,0.00000000,   9.30481115,   9.30481115,76420.20255999,   0.02445446,   6.00000000, 171.33333333,   0.00644828
     58,                  1,0.00100000,     0.00000000            ,1.00000000            ,0.00000000,   6.55064297,   6.55064297,83232.53250792,   0.02663441,   7.00000000, 161.14285714,   0.01068597
     59,                  1,0.00100000,     0.00000000            ,1.00000000            ,0.00000000,   9.61263105,   9.61263105,72575.43537372,   0.02322414,   6.00000000, 179.16666667,   0.00624179
     60,                  1,0.00100000,     0.00000000            ,1.00000000            ,0.00000000,  11.75744816,  11.75744816,58816.56190609,   0.01882130,   5.00000000, 193.40000000,   0.00425262
     61,                  1,0.00100000,     0.00000000            ,1.00000000            ,0.00000000,   5.32536244,   5.32536244,116230.69184295,   0.03719382,  10.00000000, 170.00000000,   0.01877806
     62,                  1,0.00100000,     0.00000000            ,1.00000000            ,0.00000000,   8.32574722,   8.32574722,84649.75689622,   0.02708792,   7.00000000, 174.71428571,   0.00840765
     63,                  1,0.00100000,     0.00000000            ,1.00000000            ,0.00000000,   7.21635275,   7.21635275,82064.29673959,   0.02626057,   7.00000000, 177.85714286,   0.00970019
     64,                  1,0.00100000,     0.00100000            ,1.00000000            ,0.00000000,   6.34074654,   6.34074654,84286.18179735,   0.02697158,   7.00000000, 168.57142857,   0.01103971
     65,                  1,0.00000000,     0.00100000            ,1.00000000            ,0.00000000,   7.92578530,   7.92578530,71308.68378070,   0.02281878,   6.00000000, 168.66666667,   0.00757023
     66,                  1,0.00000000,     0.00100000            ,1.00000000            ,0.00000000,   8.33825829,   8.33825829,67149.13969257,   0.02148772,   6.00000000, 176.16666667,   0.00719575
     67,                  1,0.00100000,     0.00000000            ,1.00000000            ,0.00000000,   7.97962405,   7.97962405,71898.01653757,   0.02300736,   6.00000000, 173.50000000,   0.00751915
     68,                  1,0.00100000,     0.00000000            ,1.00000000            ,0.00000000,   8.27461444,   8.27461444,71922.73901440,   0.02301528,   6.00000000, 169.50000000,   0.00725109
     69,                  1,0.00000000,     0.00100000            ,1.00000000            ,0.00000000,   9.55992119,   9.55992119,56456.53607535,   0.01806609,   5.00000000, 185.80000000,   0.00523017
     70,                  1,0.00000000,     0.00100000            ,1.00000000            ,0.00000000,  11.20549524,  11.20549524,47844.81165962,   0.01531034,   4.00000000, 163.75000000,   0.00356968
     71,                  1,0.00100000,     0.00100000            ,1.00000000            ,0.00000000,   9.79782451,   9.79782451,66952.44059254,   0.02142478,   6.00000000, 193.00000000,   0.00612381
     72,                  1,0.00100000,     0.00100000            ,1.00000000            ,0.00000000,  10.52901955,  10.52901955,57156.80501731,   0.01829018,   5.00000000, 177.40000000,   0.00474878
     73,                  1,0.00000000,     0.00100000            ,1.00000000            ,0.00000000,   7.50124021,   7.50124021,81224.71355237,   0.02599191,   7.00000000, 176.28571429,   0.00933179
     74,                  1,0.00000000,     0.00100000            ,1.00000000            ,0.00000000,   8.28023046,   8.28023046,83594.87789645,   0.02675036,   7.00000000, 188.00000000,   0.00845387
     75,                  1,0.00100000,     0.00000000            ,1.00000000            ,0.00000000,   6.25260016,   6.25260016,99847.13864991,   0.03195108,   8.00000000, 162.50000000,   0.01279468
     76,                  1,0.00100000,     0.00000000            ,1.00000000            ,0.00000000,   7.80140689,   7.80140689,71494.50302954,   0.02287824,   6.00000000, 174.16666667,   0.00769092
     77,                  1,0.00100000,     0.00000000            ,1.00000000            ,0.00000000,   7.58886557,   7.58886557,67869.81694240,   0.02171834,   6.00000000, 182.16666667,   0.00790632
     78,                  1,0.00100000,     0.00100000            ,1.00000000            ,0.00000000,   6.24703154,   6.24703154,95552.78715045,   0.03057689,   8.00000000, 159.62500000,   0.01280608
     79,                  1,0.00100000,     0.00000000            ,1.00000000            ,0.00000000,   8.18109483,   8.18109483,70493.53896963,   0.02255793,   6.00000000, 171.50000000,   0.00733398
     80,                  1,0.00100000,     0.00000000            ,1.00000000            ,0.00000000,  11.03151360,  11.03151360,47207.34880492,   0.01510635,   4.00000000, 164.25000000,   0.00362598
     81,                  1,0.00000000,     0.00100000            ,1.00000000            ,0.00000000,   6.34255133,   6.34255133,80630.33583734,   0.02580171,   7.00000000, 160.71428571,   0.01103657
     82,                  1,0.00100000,     0.00000000            ,1.00000000            ,0.00000000,  10.39872465,  10.39872465,60409.31636505,   0.01933098,   5.00000000, 180.60000000,   0.00480828
     83,                  1,0.00100000,     0.00000000            ,1.00000000            ,0.00000000,   5.68893946,   5.68893946,107650.92530933,   0.03444830,   9.00000000, 170.66666667,   0.01582017
     84,                  1,0.00000000,     0.00100000            ,1.00000000            ,0.00000000,  26.78669309,  26.78669309,22176.38242923,   0.00709644,   2.00000000, 191.00000000,   0.00074664
     85,                  1,0.00100000,     0.00000000            ,1.00000000            ,0.00000000,   8.34647736,   8.34647736,70560.06564157,   0.02257922,   6.00000000, 174.33333333,   0.00718866
     86,                  1,0.00100000,     0.00000000            ,1.00000000            ,0.00000000,   6.62698004,   6.62698004,95564.29847122,   0.03058057,   8.00000000, 170.12500000,   0.01207186
     87,                  1,0.00100000,     0.00100000            ,1.00000000            ,0.00000000,   6.32121827,   6.32121827,95695.23932340,   0.03062248,   8.00000000, 167.25000000,   0.01265579
     88,                  1,0.00100000,     0.00000000            ,1.00000000            ,0.00000000,   7.75282511,   7.75282511,72375.53821178,   0.02316017,   6.00000000, 170.83333333,   0.00773911
     89,                  1,0.00000000,     0.00100000            ,1.00000000            ,0.00000000,   7.67105185,   7.67105185,84037.10489007,   0.02689187,   7.00000000, 170.28571429,   0.00912522
     90,                  1,0.00000000,     0.00100000            ,1.00000000            ,0.00000000,   8.32966048,   8.32966048,71555.95250114,   0.02289790,   6.00000000, 181.00000000,   0.00720317
     91,                  1,0.00100000,     0.00000000            ,1.00000000            ,0.00000000,   6.62988048,   6.62988048,81738.00235479,   0.02615616,   7.00000000, 178.71428571,   0.01055826
     92,                  1,0.00100000,     0.00000000            ,1.00000000            ,0.00000000,  15.22160143,  15.22160143,46597.55576800,   0.01491122,   4.00000000, 189.75000000,   0.00262784
     93,                  1,0.00000000,     0.00100000            ,1.00000000            ,0.00000000,  20.69582440,  20.69582440,36267.00049423,   0.01160544,   3.00000000, 200.33333333,   0.00144957
     94,                  1,0.00200000,     0.00000000            ,1.00000000            ,0.00000000,   6.64393597,   6.64393597,91714.93398907,   0.02934878,   8.00000000, 178.75000000,   0.01204106
     95,                  1,0.00000000,     0.00100000            ,1.00000000            ,0.00000000,   8.79718767,   8.79718767,59591.50707553,   0.01906928,   5.00000000, 178.20000000,   0.00568363
     96,                  1,0.00100000,     0.00000000            ,1.00000000            ,0.00000000,   5.84928684,   5.84928684,94835.94133255,   0.03034750,   8.00000000, 164.25000000,   0.01367688
     97,                  1,0.00100000,     0.00000000            ,1.00000000            ,0.00000000,  10.58942906,  10.58942906,59081.33267796,   0.01890603,   5.00000000, 175.60000000,   0.00472169
     98,                  1,0.00100000,     0.00100000            ,1.00000000            ,0.00000000,   8.71445148,   8.71445148,70562.38847427,   0.02257996,   6.00000000, 180.50000000,   0.00688511
     99,                  1,0.00000000,     0.00100000            ,1.00000000            ,0.00000000,   8.90853807,   8.90853807,69552.11118281,   0.02225668,   6.00000000, 181.16666667,   0.00673511
    100,                  1,0.00100000,     0.00000000            ,1.00000000            ,0.00000000,   8.45889160,   8.45889160,70842.56458038,   0.02266962,   6.00000000, 172.66666667,   0.00709313
    101,                  1,0.00100000,     0.00100000            ,1.00000000            ,0.00000000,   8.01319390,   8.01319390,68841.76863712,   0.02202937,   6.00000000, 178.33333333,   0.00748765
    102,                  1,0.00100000,     0.00100000            ,1.00000000            ,0.00000000,   6.71148084,   6.71148084,69355.93025562,   0.02219390,   6.00000000, 162.66666667,   0.00893990
    103,                  1,0.00000000,     0.00100000            ,1.00000000            ,0.00000000,  10.75680794,  10.75680794,59700.00009552,   0.01910400,   5.00000000, 178.80000000,   0.00464822
    104,                  1,0.00100000,     0.00000000            ,1.00000000            ,0.00000000,   6.73988743,   6.73988743,81549.04793947,   0.02609569,   7.00000000, 167.57142857,   0.01038593
    105,                  1,0.00100000,     0.00000000            ,1.00000000            ,0.00000000,   5.87185509,   5.87185509,96004.13864214,   0.03072132,   8.00000000, 158.37500000,   0.01362431
    106,                  1,0.00100000,     0.00000000            ,1.00000000            ,0.00000000,   7.89512968,   7.89512968,72292.54502614,   0.02313361,   6.00000000, 159.33333333,   0.00759962
    107,                  1,0.00100000,     0.00100000            ,1.00000000            ,0.00000000,   7.69814999,   7.69814999,68820.02691129,   0.02202241,   6.00000000, 175.83333333,   0.00779408
    108,                  1,0.00000000,     0.00100000            ,1.00000000            ,0.00000000,   8.25492359,   8.25492359,84115.84851773,   0.02691707,   7.00000000, 181.85714286,   0.00847979
    109,                  1,0.00000000,     0.00100000            ,1.00000000            ,0.00000000,   9.16643583,   9.16643583,57829.06043138,   0.01850530,   5.00000000, 167.60000000,   0.00545468
    110,                  1,0.00100000,     0.00000000            ,1.00000000            ,0.00000000,   6.25356984,   6.25356984,83788.10381340,   0.02681219,   7.00000000, 158.71428571,   0.01119361
    111,                  1,0.00100000,     0.00000000            ,1.00000000            ,0.00000000,   9.01378874,   9.01378874,56259.95933370,   0.01800319,   5.00000000, 183.40000000,   0.00554706
    112,                  1,0.00100000,     0.00100000            ,1.00000000            ,0.00000000,  11.02936242,  11.02936242,59979.06940177,   0.01919330,   5.00000000, 172.40000000,   0.00453335
    113,                  1,0.00000000,     0.00100000            ,1.00000000            ,0.00000000,   7.14728719,   7.14728719,83339.93551115,   0.02666878,   7.00000000, 178.85714286,   0.00979393
    114,                  1,0.00000000,     0.00100000            ,1.00000000            ,0.00000000,   5.96755128,   5.96755128,95834.60385553,   0.03066707,   8.00000000, 157.00000000,   0.01340583
    115,                  1,0.00100000,     0.00000000            ,1.00000000            ,0.00000000,   6.12214656,   6.12214656,80868.07316097,   0.02587778,   7.00000000, 163.71428571,   0.01143390
    116,                  1,0.00100000,     0.00000000            ,1.00000000            ,0.00000000,   8.37256435,   8.37256435,74497.32605755,   0.02383914,   6.00000000, 172.33333333,   0.00716626
    117,                  1,0.00100000,     0.00100000            ,1.00000000            ,0.00000000,   7.59781108,   7.59781108,81558.37693139,   0.02609868,   7.00000000, 179.28571429,   0.00921318
    118,                  1,0.00000000,     0.00100000            ,1.00000000            ,0.00000000,   8.15161724,   8.15161724,73116.29194721,   0.02339721,   6.00000000, 167.16666667,   0.00736050
    119,                  1,0.00100000,     0.00000000            ,1.00000000            ,0.00000000,  12.35399945,  12.35399945,55839.40533814,   0.01786861,   5.00000000, 184.40000000,   0.00404727
    120,                  1,0.00100000,     0.00100000            ,1.00000000            ,0.00000000,   4.93047053,   4.93047053,118137.49843884,   0.03780400,  10.00000000, 159.30000000,   0.02028204
    121,                  1,0.00100000,     0.00100000            ,1.00000000            ,0.00000000,   7.55065438,   7.55065438,70360.66198977,   0.02251541,   6.00000000, 174.83333333,   0.00794633
    122,                  1,0.00000000,     0.00100000            ,1.00000000            ,0.00000000,   8.09874629,   8.09874629,55649.31808637,   0.01780778,   5.00000000, 172.40000000,   0.00617380
    123,                  1,0.00100000,     0.00000000            ,1.00000000            ,0.00000000,   5.32905375,   5.32905375,108686.41624250,   0.03477965,   9.00000000, 160.44444444,   0.01688855
    124,                  1,0.00100000,     0.00000000            ,1.00000000            ,0.00000000,   7.29483302,   7.29483302,83799.83987224,   0.02681595,   7.00000000, 172.42857143,   0.00959583
    125,                  1,0.00100000,     0.00100000            ,1.00000000            ,0.00000000,   6.39229923,   6.39229923,96723.62635540,   0.03095156,   8.00000000, 168.62500000,   0.01251506
    126,                  1,0.00000000,     0.00100000            ,1.00000000            ,0.00000000,  10.75044190,  10.75044190,57213.14635485,   0.01830821,   5.00000000, 187.40000000,   0.00465097
    127,                  1,0.00100000,     0.00000000            ,1.00000000            ,0.00000000,   6.65304274,   6.65304274,95367.62961800,   0.03051764,   8.00000000, 184.87500000,   0.01202457
    128,                  1,0.00100000,     0.00000000            ,1.00000000            ,0.00000000,   9.73555228,   9.73555228,68546.97964478,   0.02193503,   6.00000000, 196.00000000,   0.00616298
    129,                  1,0.00100000,     0.00100000            ,1.00000000            ,0.00000000,   7.93027896,   7.93027896,84114.68914413,   0.02691670,   7.00000000, 171.42857143,   0.00882693
    130,                  1,0.00000000,     0.00100000            ,1.00000000            ,0.00000000,  15.46030154,  15.46030154,33027.04627768,   0.01056865,   3.00000000, 182.66666667,   0.00194045
    131,                  1,0.00100000,     0.00000000            ,1.00000000            ,0.00000000,  13.65814715,  13.65814715,47673.61009684,   0.01525555,   4.00000000, 196.75000000,   0.00292865
    132,                  1,0.00100000,     0.00000000            ,1.00000000            ,0.00000000,   5.33783316,   5.33783316,108158.52136831,   0.03461073,   9.00000000, 158.88888889,   0.01686077
    133,                  1,0.00100000,     0.00100000            ,1.00000000            ,0.00000000,   8.11064255,   8.11064255,73859.49726381,   0.02363504,   6.00000000, 157.83333333,   0.00739769
    134,                  1,0.00000000,     0.00100000            ,1.00000000            ,0.00000000,   9.88148630,   9.88148630,60611.98832434,   0.01939584,   5.00000000, 179.00000000,   0.00505997
    135,                  1,0.00100000,     0.00000000            ,1.00000000            ,0.00000000,   8.90927251,   8.90927251,84173.60678536,   0.02693555,   7.00000000, 177.28571429,   0.00785698
    136,                  1,0.00000000,     0.00100000            ,1.00000000            ,0.00000000,   8.20979196,   8.20979196,72533.04058692,   0.02321057,   6.00000000, 166.83333333,   0.00730835
    137,                  1,0.00100000,     0.00000000            ,1.00000000            ,0.00000000,   6.41397703,   6.41397703,84316.71041071,   0.02698135,   7.00000000, 172.14285714,   0.01091367
    138,                  1,0.00100000,     0.00000000            ,1.00000000            ,0.00000000,   5.39097791,   5.39097791,94525.90237028,   0.03024829,   8.00000000, 162.00000000,   0.01483961
    139,                  1,0.00100000,     0.00000000            ,1.00000000            ,0.00000000,   8.26332492,   8.26332492,69637.82288242,   0.02228410,   6.00000000, 175.00000000,   0.00726100
    140,                  1,0.00100000,     0.00100000            ,1.00000000            ,0.00000000,   5.95689022,   5.95689022,93068.84930397,   0.02978203,   8.00000000, 164.87500000,   0.01342983
    141,                  1,0.00100000,     0.00100000            ,1.00000000            ,0.00000000,   6.53084690,   6.53084690,97015.73469152,   0.03104503,   8.00000000, 165.25000000,   0.01224956
    142,                  1,0.00100000,     0.00100000            ,1.00000000            ,0.00000000,   7.74841373,   7.74841373,81976.20384857,   0.02623238,   7.00000000, 171.14285714,   0.00903411
    143,                  1,0.00000000,     0.00100000            ,1.00000000            ,0.00000000,  13.49723346,  13.49723346,35655.46835134,   0.01140975,   3.00000000, 160.00000000,   0.00222268
    144,                  1,0.00100000,     0.00100000            ,1.00000000            ,0.00000000,   6.31225147,   6.31225147,96064.70753895,   0.03074071,   8.00000000, 156.50000000,   0.01267377
    145,                  1,0.00100000,     0.00000000            ,1.00000000            ,0.00000000,   6.91891192,   6.91891192,68550.89241876,   0.02193629,   6.00000000, 167.50000000,   0.00867188
    146,                  1,0.00000000,     0.00100000            ,1.00000000            ,0.00000000,  16.54439479,  16.54439479,49711.46780202,   0.01590767,   4.00000000, 199.25000000,   0.00241774
    147,                  1,0.00100000,     0.00000000            ,1.00000000            ,0.00000000,   6.67790580,   6.67790580,93780.13803649,   0.03000964,   8.00000000, 172.25000000,   0.01197980
    148,                  1,0.00100000,     0.00000000            ,1.00000000            ,0.00000000,  21.61751024,  21.61751024,34873.64784645,   0.01115957,   3.00000000, 209.00000000,   0.00138776
    149,                  1,0.00100000,     0.00000000            ,1.00000000            ,0.00000000,   4.89653310,   4.89653310,91702.18727851,   0.02934470,   8.00000000, 157.50000000,   0.01633809
    150,                  1,0.00100000,     0.00000000            ,1.00000000            ,0.00000000,   8.53385276,   8.53385276,69772.49528224,   0.02232720,   6.00000000, 190.50000000,   0.00703082
    151,                  1,0.00000000,     0.00100000            ,1.00000000            ,0.00000000,  11.32213529,  11.32213529,61941.11361926,   0.01982116,   5.00000000, 189.00000000,   0.00441613
    152,                  1,0.00100000,     0.00000000            ,1.00000000            ,0.00000000,  14.55995976,  14.55995976,46207.40528645,   0.01478637,   4.00000000, 203.50000000,   0.00274726
    153,                  1,0.00100000,     0.00000000            ,1.00000000            ,0.00000000,   6.35875020,   6.35875020,93820.10478042,   0.03002243,   8.00000000, 172.62500000,   0.01258109
    154,                  1,0.00100000,     0.00100000            ,1.00000000            ,0.00000000,   7.59420643,   7.59420643,69370.84007897,   0.02219867,   6.00000000, 166.00000000,   0.00790076
    155,                  1,0.00000000,     0.00100000            ,1.00000000            ,0.00000000,   8.64286610,   8.64286610,58141.60669207,   0.01860531,   5.00000000, 175.80000000,   0.00578512
    156,                  1,0.00100000,     0.00000000            ,1.00000000            ,0.00000000,   7.37561788,   7.37561788,81288.52995801,   0.02601233,   7.00000000, 177.28571429,   0.00949073
    157,                  1,0.00100000,     0.00000000            ,1.00000000            ,0.00000000,   8.08375357,   8.08375357,69043.41487047,   0.02209389,   6.00000000, 182.16666667,   0.00742229
    158,                  1,0.00100000,     0.00000000            ,1.00000000            ,0.00000000,   7.53838865,   7.53838865,69518.31879199,   0.02224586,   6.00000000, 160.83333333,   0.00795926
    159,                  1,0.00000000,     0.00100000            ,1.00000000            ,0.00000000,   9.57879785,   9.57879785,72191.92512045,   0.02310142,   6.00000000, 185.66666667,   0.00626383
    160,                  1,0.00100000,     0.00000000            ,1.00000000            ,0.00000000,   9.70182192,   9.70182192,60631.55902167,   0.01940210,   5.00000000, 176.80000000,   0.00515367
    161,                  1,0.00100000,     0.00000000            ,1.00000000            ,0.00000000,   5.84381960,   5.84381960,82429.82124929,   0.02637754,   7.00000000, 158.00000000,   0.01197847
    162,                  1,0.00100000,     0.00000000            ,1.00000000            ,0.00000000,  11.64806847,  11.64806847,44779.43639318,   0.01432942,   4.00000000, 185.25000000,   0.00343405
    163,                  1,0.00000000,     0.00100000            ,1.00000000            ,0.00000000,   7.75575416,   7.75575416,81273.00200788,   0.02600736,   7.00000000, 176.71428571,   0.00902556
    164,                  1,0.00000000,     0.00100000            ,1.00000000            ,0.00000000,   8.81569927,   8.81569927,70478.92904968,   0.02255326,   6.00000000, 176.83333333,   0.00680604
    165,                  1,0.00100000,     0.00000000            ,1.00000000            ,0.00000000,   9.19819023,   9.19819023,71497.72024379,   0.02287927,   6.00000000, 179.50000000,   0.00652302
    166,                  1,0.00100000,     0.00000000            ,1.00000000            ,0.00000000,  10.06638941,  10.06638941,73925.52949046,   0.02365617,   6.00000000, 182.50000000,   0.00596043
    167,                  1,0.00100000,     0.00100000            ,1.00000000            ,0.00000000,  18.43972592,  18.43972592,32958.79060078,   0.01054681,   3.00000000, 201.33333333,   0.00162692
    168,                  1,0.00000000,     0.00100000            ,1.00000000            ,0.00000000,   8.07283061,   8.07283061,83605.85678728,   0.02675387,   7.00000000, 173.57142857,   0.00867106
    169,                  1,0.00100000,     0.00000000            ,1.00000000            ,0.00000000,   7.93290510,   7.93290510,72920.37895460,   0.02333452,   6.00000000, 163.00000000,   0.00756343
    170,                  1,0.00100000,     0.00000000            ,1.00000000            ,0.00000000,  12.81295175,  12.81295175,46287.64404613,   0.01481205,   4.00000000, 193.25000000,   0.00312184
    171,                  1,0.00100000,     0.00100000            ,1.00000000            ,0.00000000,   8.66025131,   8.66025131,56217.23852468,   0.01798952,   5.00000000, 180.80000000,   0.00577350
    172,                  1,0.00000000,     0.00100000            ,1.00000000            ,0.00000000,   8.85069157,   8.85069157,71182.62367711,   0.02277844,   6.00000000, 185.66666667,   0.00677913
    173,                  1,0.00100000,     0.00000000            ,1.00000000            ,0.00000000,   8.45578030,   8.45578030,70232.46780405,   0.02247439,   6.00000000, 178.33333333,   0.00709574
    174,                  1,0.00100000,     0.00000000            ,1.00000000            ,0.00000000,   7.71264517,   7.71264517,71745.92583057,   0.02295870,   6.00000000, 163.66666667,   0.00777943
    175,                  1,0.00100000,     0.00100000            ,1.00000000            ,0.00000000,   5.85420999,   5.85420999,96450.49176089,   0.03086416,   8.00000000, 155.87500000,   0.01366538
    176,                  1,0.00100000,     0.00000000            ,1.00000000            ,0.00000000,   9.28920544,   9.28920544,59872.37719321,   0.01915916,   5.00000000, 170.80000000,   0.00538259
    177,                  1,0.00100000,     0.00000000            ,1.00000000            ,0.00000000,   6.05070878,   6.05070878,95271.42144019,   0.03048685,   8.00000000, 168.50000000,   0.01322159
    178,                  1,0.00100000,     0.00100000            ,1.00000000            ,0.00000000,  13.75864685,  13.75864685,42012.03730534,   0.01344385,   4.00000000, 219.50000000,   0.00290726
    179,                  1,0.00000000,     0.00100000            ,1.00000000            ,0.00000000,   8.45407956,   8.45407956,72226.34561865,   0.02311243,   6.00000000, 164.16666667,   0.00709717
    180,                  1,0.00000000,     0.00100000            ,1.00000000            ,0.00000000,   7.46643696,   7.46643696,85270.51465407,   0.02728656,   7.00000000, 165.71428571,   0.00937529
    181,                  1,0.00100000,     0.00000000            ,1.00000000            ,0.00000000,   8.20038925,   8.20038925,72634.47425311,   0.02324303,   6.00000000, 169.33333333,   0.00731673
    182,                  1,0.00100000,     0.00100000            ,1.00000000            ,0.00000000,  11.74734221,  11.74734221,57699.80747078,   0.01846394,   5.00000000, 183.20000000,   0.00425628
    183,                  1,0.00000000,     0.00100000            ,1.00000000            ,0.00000000,  18.84940565,  18.84940565,36351.37978994,   0.01163244,   3.00000000, 185.33333333,   0.00159156
    184,                  1,0.00100000,     0.00100000            ,1.00000000            ,0.00000000,   9.90027151,   9.90027151,58508.55074835,   0.01872274,   5.00000000, 172.00000000,   0.00505037
    185,                  1,0.00100000,     0.00100000            ,1.00000000            ,0.00000000,  10.02187293,  10.02187293,70735.28889497,   0.02263529,   6.00000000, 183.16666667,   0.00598690
    186,                  1,0.00100000,     0.00100000            ,1.00000000            ,0.00000000,   6.28480170,   6.28480170,82736.58202210,   0.02647571,   7.00000000, 168.00000000,   0.01113798
    187,                  1,0.00100000,     0.00100000            ,1.00000000            ,0.00000000,   7.76448666,   7.76448666,85240.34173412,   0.02727691,   7.00000000, 171.14285714,   0.00901541
    188,                  1,0.00100000,     0.00000000            ,1.00000000            ,0.00000000,   5.91317289,   5.91317289,95703.74416472,   0.03062520,   8.00000000, 162.50000000,   0.01352912
    189,                  1,0.00000000,     0.00100000            ,1.00000000            ,0.00000000,  11.04576938,  11.04576938,48686.77237798,   0.01557977,   4.00000000, 163.00000000,   0.00362130
    190,                  1,0.00100000,     0.00100000            ,1.00000000            ,0.00000000,   7.19118508,   7.19118508,92258.73557476,   0.02952279,   8.00000000, 186.62500000,   0.01112473
    191,                  1,0.00100000,     0.00100000            ,1.00000000            ,0.00000000,   8.40173982,   8.40173982,70294.90792009,   0.02249437,   6.00000000, 170.66666667,   0.00714138
    192,                  1,0.00000000,     0.00100000            ,1.00000000            ,0.00000000,   6.98171248,   6.98171248,81285.89033428,   0.02601148,   7.00000000, 167.42857143,   0.01002619
    193,                  1,0.00100000,     0.00100000            ,1.00000000            ,0.00000000,   9.91045207,   9.91045207,68835.16309659,   0.02202725,   6.00000000, 187.83333333,   0.00605421
    194,                  1,0.00100000,     0.00100000            ,1.00000000            ,0.00000000,   9.92739711,   9.92739711,68643.80806072,   0.02196602,   6.00000000, 197.33333333,   0.00604388
    195,                  1,0.00100000,     0.00000000            ,1.00000000            ,0.00000000,   6.36735578,   6.36735578,95308.12814718,   0.03049860,   8.00000000, 168.87500000,   0.01256409
    196,                  1,0.00100000,     0.00100000            ,1.00000000            ,0.00000000,   5.15662034,   5.15662034,103461.42218546,   0.03310765,   9.00000000, 160.00000000,   0.01745329
    197,                  1,0.00100000,     0.00100000            ,1.00000000            ,0.00000000,  10.98685845,  10.98685845,59675.52600103,   0.01909617,   5.00000000, 190.40000000,   0.00455089
    198,                  1,0.00100000,     0.00100000            ,1.00000000            ,0.00000000,   5.32330238,   5.32330238,102381.41277372,   0.03276205,   9.00000000, 168.22222222,   0.01690680
    199,                  1,0.00100000,     0.00000000            ,1.00000000            ,0.00000000,  10.00163156,  10.00163156,58554.39474620,   0.01873741,   5.00000000, 179.40000000,   0.00499918
    200,                  1,0.00000000,     0.00100000            ,1.00000000            ,0.00000000,   7.89391072,   7.89391072,70861.48328465,   0.02267567,   6.00000000, 170.50000000,   0.00760080
    201,                  1,0.00000000,     0.00100000            ,1.00000000            ,0.00000000,   6.19759413,   6.19759413,94743.58437184,   0.03031795,   8.00000000, 174.00000000,   0.01290823
    202,                  1,0.00100000,     0.00100000            ,1.00000000            ,0.00000000,   9.22717716,   9.22717716,70382.13839356,   0.02252228,   6.00000000, 177.16666667,   0.00650253
    203,                  1,0.00100000,     0.00000000            ,1.00000000            ,0.00000000,   8.55333697,   8.55333697,71542.05824927,   0.02289346,   6.00000000, 166.83333333,   0.00701481
    204,                  1,0.00100000,     0.00000000            ,1.00000000            ,0.00000000,   7.86502878,   7.86502878,69199.19410382,   0.02214374,   6.00000000, 172.50000000,   0.00762871
    205,                  1,0.00100000,     0.00000000            ,1.00000000            ,0.00000000,   7.41680451,   7.41680451,70702.22339568,   0.02262471,   6.00000000, 169.00000000,   0.00808974
    206,                  1,0.00000000,     0.00100000            ,1.00000000            ,0.00000000,   7.38983578,   7.38983578,70038.70861091,   0.02241239,   6.00000000, 175.00000000,   0.00811926
    207,                  1,0.00000000,     0.00100000            ,1.00000000            ,0.00000000,   9.09098469,   9.09098469,74075.34203775,   0.02370411,   6.00000000, 170.33333333,   0.00659995
    208,                  1,0.00000000,     0.00100000            ,1.00000000            ,0.00000000,  12.10971725,  12.10971725,47168.87976921,   0.01509404,   4.00000000, 184.75000000,   0.00330313
    209,                  1,0.00100000,     0.00000000            ,1.00000000            ,0.00000000,   6.62356384,   6.62356384,97428.25839127,   0.03117704,   8.00000000, 171.25000000,   0.01207809
    210,                  1,0.00000000,     0.00100000            ,1.00000000            ,0.00000000,   6.82999316,   6.82999316,72022.22063371,   0.02304711,   6.00000000, 160.00000000,   0.00878478
    211,                  1,0.00000000,     0.00100000            ,1.00000000            ,0.00000000,  11.30043194,  11.30043194,47133.54373001,   0.01508273,   4.00000000, 165.50000000,   0.00353969
    212,                  1,0.00100000,     0.00000000            ,1.00000000            ,0.00000000,   8.38991241,   8.38991241,58420.64409577,   0.01869461,   5.00000000, 162.00000000,   0.00595954
    213,                  1,0.00100000,     0.00000000            ,1.00000000            ,0.00000000,   8.45148240,   8.45148240,68030.04011376,   0.02176961,   6.00000000, 183.50000000,   0.00709935
    214,                  1,0.00000000,     0.00100000            ,1.00000000            ,0.00000000,   9.61337426,   9.61337426,74518.08961003,   0.02384579,   6.00000000, 175.50000000,   0.00624130
    215,                  1,0.00000000,     0.00100000            ,1.00000000            ,0.00000000,   8.54796157,   8.54796157,70548.93095046,   0.02257566,   6.00000000, 172.83333333,   0.00701922
    216,                  1,0.00100000,     0.00100000            ,1.00000000            ,0.00000000,   6.78198662,   6.78198662,92933.15081842,   0.02973861,   8.00000000, 165.12500000,   0.01179595
    217,                  1,0.00100000,     0.00100000            ,1.00000000            ,0.00000000,   6.84255242,   6.84255242,84745.84210699,   0.02711867,   7.00000000, 160.14285714,   0.01023010
    218,                  1,0.00100000,     0.00100000            ,1.00000000            ,0.00000000,   8.66153867,   8.66153867,71922.21142963,   0.02301511,   6.00000000, 169.50000000,   0.00692718
    219,                  1,0.00100000,     0.00100000            ,1.00000000            ,0.00000000,   6.73454992,   6.73454992,83915.43605262,   0.02685294,   7.00000000, 165.14285714,   0.01039416
    220,                  1,0.00100000,     0.00000000            ,1.00000000            ,0.00000000,  24.21100129,  24.21100129,32096.38479844,   0.01027084,   3.00000000, 238.66666667,   0.00123911
    221,                  1,0.00100000,     0.00000000            ,1.00000000            ,0.00000000,  10.19251442,  10.19251442,57341.76778537,   0.01834937,   5.00000000, 171.20000000,   0.00490556
    222,                  1,0.00100000,     0.00100000            ,1.00000000            ,0.00000000,   7.88212292,   7.88212292,85998.31019793,   0.02751946,   7.00000000, 170.42857143,   0.00888086
    223,                  1,0.00000000,     0.00100000            ,1.00000000            ,0.00000000,  10.50492881,  10.50492881,59126.44436644,   0.01892046,   5.00000000, 170.80000000,   0.00475967
    224,                  1,0.00000000,     0.00100000            ,1.00000000            ,0.00000000,  11.31710034,  11.31710034,46087.19337261,   0.01474790,   4.00000000, 175.50000000,   0.00353447
    225,                  1,0.00100000,     0.00000000            ,1.00000000            ,0.00000000,  11.92026464,  11.92026464,56876.46804384,   0.01820047,   5.00000000, 197.00000000,   0.00419454
    226,                  1,0.00100000,     0.00000000            ,1.00000000            ,0.00000000,  10.56257788,  10.56257788,62251.03527173,   0.01992033,   5.00000000, 173.80000000,   0.00473369
    227,                  1,0.00100000,     0.00000000            ,1.00000000            ,0.00000000,   7.36572020,   7.36572020,82490.29698599,   0.02639689,   7.00000000, 177.85714286,   0.00950348
    228,                  1,0.00100000,     0.00000000            ,1.00000000            ,0.00000000,   7.15969317,   7.15969317,84205.77340888,   0.02694585,   7.00000000, 163.14285714,   0.00977696
    229,                  1,0.00100000,     0.00000000            ,1.00000000            ,0.00000000,   5.48825884,   5.48825884,95503.66767949,   0.03056117,   8.00000000, 155.25000000,   0.01457657
    230,                  1,0.00100000,     0.00100000            ,1.00000000            ,0.00000000,   8.26904271,   8.26904271,72320.33001871,   0.02314251,   6.00000000, 174.50000000,   0.00725598
    231,                  1,0.00100000,     0.00000000            ,1.00000000            ,0.00000000,  10.93544858,  10.93544858,44574.53982711,   0.01426385,   4.00000000, 186.75000000,   0.00365783
    232,                  1,0.00100000,     0.00000000            ,1.00000000            ,0.00000000,   7.10942372,   7.10942372,95038.65607625,   0.03041237,   8.00000000, 164.62500000,   0.01125267
    233,                  1,0.00100000,     0.00000000            ,1.00000000            ,0.00000000,  10.05227132,  10.05227132,58144.58899871,   0.01860627,   5.00000000, 181.80000000,   0.00497400
    234,                  1,0.00100000,     0.00000000            ,1.00000000            ,0.00000000,   6.86459929,   6.86459929,82507.10764000,   0.02640227,   7.00000000, 167.85714286,   0.01019724
    235,                  1,0.00100000,     0.00000000            ,1.00000000            ,0.00000000,   6.50413914,   6.50413914,81874.59517499,   0.02619987,   7.00000000, 173.14285714,   0.01076238
    236,                  1,0.00100000,     0.00000000            ,1.00000000            ,0.00000000,  14.20776279,  14.20776279,46374.29737844,   0.01483977,   4.00000000, 178.00000000,   0.00281536
    237,                  1,0.00100000,     0.00000000            ,1.00000000            ,0.00000000,   7.98800566,   7.98800566,68992.51775881,   0.02207761,   6.00000000, 183.33333333,   0.00751126
    238,                  1,0.00100000,     0.00100000            ,1.00000000            ,0.00000000,  11.59136936,  11.59136936,60145.97326480,   0.01924671,   5.00000000, 190.20000000,   0.00431355
    239,                  1,0.00100000,     0.00100000            ,1.00000000            ,0.00000000,   6.37136209,   6.37136209,96909.63105328,   0.03101108,   8.00000000, 161.62500000,   0.01255618
    240,                  1,0.00100000,     0.00100000            ,1.00000000            ,0.00000000,  16.44387898,  16.44387898,34077.66192926,   0.01090485,   3.00000000, 190.33333333,   0.00182439
    241,                  1,0.00000000,     0.00100000            ,1.00000000            ,0.00000000,   7.84413925,   7.84413925,69910.63049783,   0.02237140,   6.00000000, 171.50000000,   0.00764902
    242,                  1,0.00000000,     0.00100000            ,1.00000000            ,0.00000000,   8.95471930,   8.95471930,60081.60791676,   0.01922611,   5.00000000, 152.60000000,   0.00558365
    243,                  1,0.00000000,     0.00100000            ,1.00000000            ,0.00000000,   7.37736163,   7.37736163,82672.64417143,   0.02645525,   7.00000000, 179.42857143,   0.00948849
    244,                  1,0.00000000,     0.00100000            ,1.00000000            ,0.00000000,   5.54761890,   5.54761890,94459.49561924,   0.03022704,   8.00000000, 163.12500000,   0.01442060
    245,                  1,0.00100000,     0.00100000            ,1.00000000            ,0.00000000,   8.66242985,   8.66242985,70969.05357703,   0.02271010,   6.00000000, 181.00000000,   0.00692646
    246,                  1,0.00100000,     0.00000000            ,1.00000000            ,0.00000000,  10.91908272,  10.91908272,46743.73268322,   0.01495799,   4.00000000, 170.50000000,   0.00366331
    247,                  1,0.00100000,     0.00100000            ,1.00000000            ,0.00000000,  16.75330427,  16.75330427,50044.15996051,   0.01601413,   4.00000000, 195.00000000,   0.00238759
    248,                  1,0.00000000,     0.00100000            ,1.00000000            ,0.00000000,   8.71958198,   8.71958198,56671.48326684,   0.01813487,   5.00000000, 171.80000000,   0.00573422
    249,                  1,0.00000000,     0.00100000            ,1.00000000            ,0.00000000,   7.64707805,   7.64707805,84002.53149829,   0.02688081,   7.00000000, 173.71428571,   0.00915382
    250,                  1,0.00100000,     0.00100000            ,1.00000000            ,0.00000000,   6.15610638,   6.15610638,93074.06424614,   0.02978370,   8.00000000, 166.12500000,   0.01299523
    251,                  1,0.00100000,     0.00100000            ,1.00000000            ,0.00000000,   9.23731254,   9.23731254,61013.00480596,   0.01952416,   5.00000000, 169.20000000,   0.00541283
    252,                  1,0.00000000,     0.00100000            ,1.00000000            ,0.00000000,   7.45417547,   7.45417547,68130.64518885,   0.02180181,   6.00000000, 170.33333333,   0.00804918
    253,                  1,0.00100000,     0.00000000            ,1.00000000            ,0.00000000,   7.29749677,   7.29749677,81789.51286050,   0.02617264,   7.00000000, 179.14285714,   0.00959233
    254,                  1,0.00100000,     0.00000000            ,1.00000000            ,0.00000000,   8.42746222,   8.42746222,71452.21066091,   0.02286471,   6.00000000, 172.16666667,   0.00711958
    255,                  1,0.00000000,     0.00100000            ,1.00000000            ,0.00000000,   8.47181962,   8.47181962,71346.80502635,   0.02283098,   6.00000000, 174.33333333,   0.00708230
    256,                  1,0.00000000,     0.00100000            ,1.00000000            ,0.00000000,   6.59333644,   6.59333644,96489.10601244,   0.03087651,   8.00000000, 176.62500000,   0.01213346
    257,                  1,0.00100000,     0.00000000            ,1.00000000            ,0.00000000,   5.68893536,   5.68893536,94557.63812477,   0.03025844,   8.00000000, 165.75000000,   0.01406239
    258,                  1,0.00100000,     0.00000000            ,1.00000000            ,0.00000000,   7.63378888,   7.63378888,87703.62874983,   0.02806516,   7.00000000, 172.00000000,   0.00916976
    259,                  1,0.00100000,     0.00000000            ,1.00000000            ,0.00000000,  14.47291865,  14.47291865,43032.42665199,   0.01377038,   4.00000000, 200.00000000,   0.00276378
    260,                  1,0.00100000,     0.00000000            ,1.00000000            ,0.00000000,  14.73522793,  14.73522793,49258.14988515,   0.01576261,   4.00000000, 194.75000000,   0.00271458
    261,                  1,0.00100000,     0.00100000            ,1.00000000            ,0.00000000,   5.18264247,   5.18264247,115418.51320502,   0.03693392,  10.00000000, 161.40000000,   0.01929518
    262,                  1,0.00100000,     0.00000000            ,1.00000000            ,0.00000000,   7.80437518,   7.80437518,81940.14954512,   0.02622085,   7.00000000, 181.85714286,   0.00896933
    263,                  1,0.00100000,     0.00000000            ,1.00000000            ,0.00000000,   7.25881646,   7.25881646,83145.76903842,   0.02660665,   7.00000000, 178.28571429,   0.00964345
    264,                  1,0.00100000,     0.00100000            ,1.00000000            ,0.00000000,   5.83559192,   5.83559192,83448.42845576,   0.02670350,   7.00000000, 158.28571429,   0.01199536
    265,                  1,0.00000000,     0.00100000            ,1.00000000            ,0.00000000,   8.91173485,   8.91173485,74085.03010642,   0.02370721,   6.00000000, 165.50000000,   0.00673270
    266,                  1,0.00100000,     0.00000000            ,1.00000000            ,0.00000000,   8.44116681,   8.44116681,57947.99843582,   0.01854336,   5.00000000, 175.20000000,   0.00592335
    267,                  1,0.00000000,     0.00200000            ,1.00000000            ,0.00000000,  14.30896129,  14.30896129,45610.47160648,   0.01459535,   4.00000000, 210.00000000,   0.00279545
    268,                  1,0.00100000,     0.00100000            ,1.00000000            ,0.00000000,   6.43286116,   6.43286116,84644.35384322,   0.02708619,   7.00000000, 167.00000000,   0.01088163
    269,                  1,0.00100000,     0.00100000            ,1.00000000            ,0.00000000,   5.98770933,   5.98770933,95223.77106141,   0.03047161,   8.00000000, 162.50000000,   0.01336070
    270,                  1,0.00000000,     0.00100000            ,1.00000000            ,0.00000000,   7.94028867,   7.94028867,71124.74881849,   0.02275992,   6.00000000, 171.16666667,   0.00755640
    271,                  1,0.00000000,     0.00100000            ,1.00000000            ,0.00000000,  12.24385334,  12.24385334,60601.45966119,   0.01939247,   5.00000000, 183.00000000,   0.00408368
    272,                  1,0.00100000,     0.00000000            ,1.00000000            ,0.00000000,   9.11293260,   9.11293260,60698.22932645,   0.01942343,   5.00000000, 170.20000000,   0.00548671
    273,                  1,0.00100000,     0.00100000            ,1.00000000            ,0.00000000,   8.61434636,   8.61434636,80987.95728161,   0.02591615,   7.00000000, 191.42857143,   0.00812598
    274,                  1,0.00100000,     0.00100000            ,1.00000000            ,0.00000000,   5.47790456,   5.47790456,108418.62488416,   0.03469396,   9.00000000, 161.11111111,   0.01642964
    275,                  1,0.00100000,     0.00100000            ,1.00000000            ,0.00000000,   8.98764412,   8.98764412,70875.31866898,   0.02268010,   6.00000000, 172.16666667,   0.00667583
    276,                  1,0.00100000,     0.00100000            ,1.00000000            ,0.00000000,  12.04147826,  12.04147826,43902.46135117,   0.01404879,   4.00000000, 194.25000000,   0.00332185
    277,                  1,0.00100000,     0.00100000            ,1.00000000            ,0.00000000,   7.68268331,   7.68268331,85193.08021831,   0.02726179,   7.00000000, 171.71428571,   0.00911140
    278,                  1,0.00100000,     0.00100000            ,1.00000000            ,0.00000000,   7.56082367,   7.56082367,70467.85524593,   0.02254971,   6.00000000, 173.00000000,   0.00793564
    279,                  1,0.00000000,     0.00100000            ,1.00000000            ,0.00000000,   8.63395121,   8.63395121,69772.52096824,   0.02232721,   6.00000000, 173.83333333,   0.00694931
    280,                  1,0.00100000,     0.00000000            ,1.00000000            ,0.00000000,   7.78034269,   7.78034269,70261.79285529,   0.02248377,   6.00000000, 171.50000000,   0.00771174
    281,                  1,0.00100000,     0.00000000            ,1.00000000            ,0.00000000,  11.44272888,  11.44272888,62230.88014442,   0.01991388,   5.00000000, 163.80000000,   0.00436959
    282,                  1,0.00100000,     0.00100000            ,1.00000000            ,0.00000000,   6.44304243,   6.44304243,95636.26668294,   0.03060360,   8.00000000, 163.75000000,   0.01241649
    283,                  1,0.00000000,     0.00100000            ,1.00000000            ,0.00000000,  12.26174210,  12.26174210,45314.72378434,   0.01450071,   4.00000000, 181.50000000,   0.00326218
    284,                  1,0.00100000,     0.00000000            ,1.00000000            ,0.00000000,  10.93589920,  10.93589920,59364.23506865,   0.01899655,   5.00000000, 178.60000000,   0.00457210
    285,                  1,0.00100000,     0.00100000            ,1.00000000            ,0.00000000,   9.89256130,   9.89256130,58251.05557916,   0.01864034,   5.00000000, 176.80000000,   0.00505430
    286,                  1,0.00100000,     0.00100000            ,1.00000000            ,0.00000000,   6.81636148,   6.81636148,94126.04065947,   0.03012033,   8.00000000, 176.62500000,   0.01173647
    287,                  1,0.00100000,     0.00100000            ,1.00000000            ,0.00000000,   7.81837173,   7.81837173,82454.91688949,   0.02638557,   7.00000000, 181.42857143,   0.00895327
    288,                  1,0.00100000,     0.00100000            ,1.00000000            ,0.00000000,   6.39146827,   6.39146827,96824.76009527,   0.03098392,   8.00000000, 167.87500000,   0.01251669
    289,                  1,0.00000000,     0.00100000            ,1.00000000            ,0.00000000,   9.98884206,   9.98884206,58018.05796231,   0.01856578,   5.00000000, 184.60000000,   0.00500559
    290,                  1,0.00000000,     0.00100000            ,1.00000000            ,0.00000000,  10.59466183,  10.59466183,45105.56297366,   0.01443378,   4.00000000, 171.50000000,   0.00377549
    291,                  1,0.00100000,     0.00000000            ,1.00000000            ,0.00000000,   6.53585113,   6.53585113,84513.77828638,   0.02704441,   7.00000000, 166.85714286,   0.01071016
    292,                  1,0.00100000,     0.00000000            ,1.00000000            ,0.00000000,   6.37227280,   6.37227280,98299.68320365,   0.03145590,   8.00000000, 162.00000000,   0.01255439
    293,                  1,0.00100000,     0.00000000            ,1.00000000            ,0.00000000,  13.61778297,  13.61778297,46210.49974703,   0.01478736,   4.00000000, 186.50000000,   0.00293734
    294,                  1,0.00100000,     0.00100000            ,1.00000000            ,0.00000000,   5.99252233,   5.99252233,106843.91845226,   0.03419005,   9.00000000, 173.22222222,   0.01501872
    295,                  1,0.00100000,     0.00100000            ,1.00000000            ,0.00000000,   5.04848622,   5.04848622,106571.04876712,   0.03410273,   9.00000000, 154.22222222,   0.01782713
    296,                  1,0.00100000,     0.00100000            ,1.00000000            ,0.00000000,   5.81545723,   5.81545723,111872.43582964,   0.03579918,   9.00000000, 163.00000000,   0.01547600
    297,                  1,0.00100000,     0.00100000            ,1.00000000            ,0.00000000,  12.19165808,  12.19165808,59194.68496026,   0.01894230,   5.00000000, 204.00000000,   0.00410116
    298,                  1,0.00100000,     0.00000000            ,1.00000000            ,0.00000000,   5.08408361,   5.08408361,95385.03261913,   0.03052321,   8.00000000, 152.00000000,   0.01573538
    299,                  1,0.00100000,     0.00100000            ,1.00000000            ,0.00000000,  13.24356891,  13.24356891,47437.52263353,   0.01518001,   4.00000000, 188.50000000,   0.00302033
    300,                  1,0.00000000,     0.00100000            ,1.00000000            ,0.00000000,   8.52514592,   8.52514592,82076.22759100,   0.02626439,   7.00000000, 187.85714286,   0.00821100
---------------------------------------------------------------------------------------------------
Mean Percolation=1.00000000
Mean Processing Time=0.00073000
Mean set up time=0.00057000
Mean correlation Length=0.00000000
Mean Area of component[0]=0.00000000
Mean Area of component[1]=0.00000000
