Component 1 maximum area=0.38 [on 300x300]
Component type: Circle
---------------------------------------------------------------------------------------
--------------|------- Center-----|----- dimensions---------|----------------------
component| id|    X       |     Y      |  Width/a     | height/b |   hoop   |   Slope   
---------------------------------------------------------------------------------------
          1,    1,        180,         76,       50.5,       50.5,          0   ,          0
          1,    2,        257,         10,       50.5,       50.5,          0   ,          0
          1,    3,        161,        151,       50.5,       50.5,          0   ,          0
          1,    4,        227,         51,       50.5,       50.5,          0   ,          0
          1,    5,        240,         41,       50.5,       50.5,          0   ,          0
          1,    6,         38,        215,       50.5,       50.5,          0   ,          0
          1,    7,         21,        285,       50.5,       50.5,          0   ,          0
          1,    8,        183,         55,       50.5,       50.5,          0   ,          0
          1,    9,        239,         58,       50.5,       50.5,          0   ,          0
------------------------------------------------------------------------------
Component[1] Total Spheres = 9