Component 1 maximum area=0.38 [on 300x300]
Component type: Circle
---------------------------------------------------------------------------------------
--------------|------- Center-----|----- dimensions---------|----------------------
component| id|    X       |     Y      |  Width/a     | height/b |   hoop   |   Slope   
---------------------------------------------------------------------------------------
          1,    1,        175,        294,       50.5,       50.5,          0   ,          0
          1,    2,         20,         10,       50.5,       50.5,          0   ,          0
          1,    3,         14,        104,       50.5,       50.5,          0   ,          0
          1,    4,        105,         28,       50.5,       50.5,          0   ,          0
          1,    5,         10,        243,       50.5,       50.5,          0   ,          0
          1,    6,        101,          2,       50.5,       50.5,          0   ,          0
          1,    7,        169,         34,       50.5,       50.5,          0   ,          0
          1,    8,         39,        240,       50.5,       50.5,          0   ,          0
          1,    9,         10,        226,       50.5,       50.5,          0   ,          0
          1,   10,         56,        256,       50.5,       50.5,          0   ,          0
------------------------------------------------------------------------------
Component[1] Total Spheres = 10