Component 1 maximum area=0.4 [on 300x300]
Component type: Circle
---------------------------------------------------------------------------------------
--------------|------- Center-----|----- dimensions---------|----------------------
component| id|    X       |     Y      |  Width/a     | height/b |   hoop   |   Slope   
---------------------------------------------------------------------------------------
          1,    1,        173,         53,       50.5,       50.5,          0   ,          0
          1,    2,        177,        276,       50.5,       50.5,          0   ,          0
          1,    3,        291,        119,       50.5,       50.5,          0   ,          0
          1,    4,        227,         64,       50.5,       50.5,          0   ,          0
          1,    5,        157,         15,       50.5,       50.5,          0   ,          0
          1,    6,         42,        222,       50.5,       50.5,          0   ,          0
          1,    7,        233,         61,       50.5,       50.5,          0   ,          0
          1,    8,        142,         15,       50.5,       50.5,          0   ,          0
          1,    9,         45,        129,       50.5,       50.5,          0   ,          0
------------------------------------------------------------------------------
Component[1] Total Spheres = 9