Component 1 maximum area=0.4 [on 300x300]
Component type: Circle
---------------------------------------------------------------------------------------
--------------|------- Center-----|----- dimensions---------|----------------------
component| id|    X       |     Y      |  Width/a     | height/b |   hoop   |   Slope   
---------------------------------------------------------------------------------------
          1,    1,         18,         35,       50.5,       50.5,          0   ,          0
          1,    2,        171,         44,       50.5,       50.5,          0   ,          0
          1,    3,        226,        255,       50.5,       50.5,          0   ,          0
          1,    4,        183,        292,       50.5,       50.5,          0   ,          0
          1,    5,        100,         40,       50.5,       50.5,          0   ,          0
          1,    6,         31,         14,       50.5,       50.5,          0   ,          0
          1,    7,         25,         51,       50.5,       50.5,          0   ,          0
          1,    8,        235,          1,       50.5,       50.5,          0   ,          0
          1,    9,        110,        237,       50.5,       50.5,          0   ,          0
------------------------------------------------------------------------------
Component[1] Total Spheres = 9