Component 1 maximum area=0.4 [on 300x300]
Component type: Circle
---------------------------------------------------------------------------------------
--------------|------- Center-----|----- dimensions---------|----------------------
component| id|    X       |     Y      |  Width/a     | height/b |   hoop   |   Slope   
---------------------------------------------------------------------------------------
          1,    1,         98,        176,       50.5,       50.5,          0   ,          0
          1,    2,        135,        208,       50.5,       50.5,          0   ,          0
          1,    3,        122,        244,       50.5,       50.5,          0   ,          0
          1,    4,        222,        105,       50.5,       50.5,          0   ,          0
          1,    5,         88,        292,       50.5,       50.5,          0   ,          0
          1,    6,         55,        250,       50.5,       50.5,          0   ,          0
          1,    7,        112,        144,       50.5,       50.5,          0   ,          0
          1,    8,        131,        220,       50.5,       50.5,          0   ,          0
          1,    9,         41,        112,       50.5,       50.5,          0   ,          0
------------------------------------------------------------------------------
Component[1] Total Spheres = 9