Component 1 maximum area=0.4 [on 300x300]
Component type: Circle
---------------------------------------------------------------------------------------
--------------|------- Center-----|----- dimensions---------|----------------------
component| id|    X       |     Y      |  Width/a     | height/b |   hoop   |   Slope   
---------------------------------------------------------------------------------------
          1,    1,        267,         10,       50.5,       50.5,          0   ,          0
          1,    2,        294,         25,       50.5,       50.5,          0   ,          0
          1,    3,         38,         11,       50.5,       50.5,          0   ,          0
          1,    4,        267,        186,       50.5,       50.5,          0   ,          0
          1,    5,        183,        201,       50.5,       50.5,          0   ,          0
          1,    6,        236,        175,       50.5,       50.5,          0   ,          0
          1,    7,        242,        214,       50.5,       50.5,          0   ,          0
          1,    8,        137,         44,       50.5,       50.5,          0   ,          0
          1,    9,         70,        141,       50.5,       50.5,          0   ,          0
------------------------------------------------------------------------------
Component[1] Total Spheres = 9