Component 1 maximum area=0.4 [on 300x300]
Component type: Circle
---------------------------------------------------------------------------------------
--------------|------- Center-----|----- dimensions---------|----------------------
component| id|    X       |     Y      |  Width/a     | height/b |   hoop   |   Slope   
---------------------------------------------------------------------------------------
          1,    1,         17,        251,       50.5,       50.5,          0   ,          0
          1,    2,          6,        265,       50.5,       50.5,          0   ,          0
          1,    3,        139,        160,       50.5,       50.5,          0   ,          0
          1,    4,        172,         17,       50.5,       50.5,          0   ,          0
          1,    5,         22,        121,       50.5,       50.5,          0   ,          0
          1,    6,        164,        207,       50.5,       50.5,          0   ,          0
          1,    7,         55,        115,       50.5,       50.5,          0   ,          0
          1,    8,        131,        141,       50.5,       50.5,          0   ,          0
          1,    9,        226,        280,       50.5,       50.5,          0   ,          0
------------------------------------------------------------------------------
Component[1] Total Spheres = 9