Component 1 maximum area=0.4 [on 300x300]
Component type: Circle
---------------------------------------------------------------------------------------
--------------|------- Center-----|----- dimensions---------|----------------------
component| id|    X       |     Y      |  Width/a     | height/b |   hoop   |   Slope   
---------------------------------------------------------------------------------------
          1,    1,        182,        117,       50.5,       50.5,          0   ,          0
          1,    2,         25,        134,       50.5,       50.5,          0   ,          0
          1,    3,        217,        151,       50.5,       50.5,          0   ,          0
          1,    4,        194,        286,       50.5,       50.5,          0   ,          0
          1,    5,        189,        276,       50.5,       50.5,          0   ,          0
          1,    6,         20,        215,       50.5,       50.5,          0   ,          0
          1,    7,        224,        124,       50.5,       50.5,          0   ,          0
          1,    8,        240,        143,       50.5,       50.5,          0   ,          0
          1,    9,        237,        256,       50.5,       50.5,          0   ,          0
------------------------------------------------------------------------------
Component[1] Total Spheres = 9