Component 1 maximum area=0.4 [on 300x300]
Component type: Circle
---------------------------------------------------------------------------------------
--------------|------- Center-----|----- dimensions---------|----------------------
component| id|    X       |     Y      |  Width/a     | height/b |   hoop   |   Slope   
---------------------------------------------------------------------------------------
          1,    1,        206,         79,       50.5,       50.5,          0   ,          0
          1,    2,        219,         73,       50.5,       50.5,          0   ,          0
          1,    3,        287,        119,       50.5,       50.5,          0   ,          0
          1,    4,        228,         20,       50.5,       50.5,          0   ,          0
          1,    5,        143,         41,       50.5,       50.5,          0   ,          0
          1,    6,         16,         42,       50.5,       50.5,          0   ,          0
          1,    7,        109,          3,       50.5,       50.5,          0   ,          0
          1,    8,         35,          7,       50.5,       50.5,          0   ,          0
          1,    9,        236,         33,       50.5,       50.5,          0   ,          0
          1,   10,        261,        227,       50.5,       50.5,          0   ,          0
------------------------------------------------------------------------------
Component[1] Total Spheres = 10