Component 2 maximum area=0.316541 [on 1000x1000]
Component type: Sloped rectangle
---------------------------------------------------------------------------------------
--------------|------- Center-----|----- dimensions---------|----------------------
component| id|    X       |     Y      |  Width/a     | height/b |   hoop   |   Slope   
---------------------------------------------------------------------------------------
          2,    1,        164,        896,       10.1,        101,       5.05   ,  -0.362273
          2,    2,        880,        766,       10.1,        101,       5.05   ,  -0.959714
          2,    3,        796,        634,       10.1,        101,       5.05   ,    1.17921
          2,    4,         81,        336,       10.1,        101,       5.05   ,   0.955651
          2,    5,        155,        125,       10.1,        101,       5.05   ,    1.41381
          2,    6,        856,         96,       10.1,        101,       5.05   ,  -0.854758
          2,    7,        452,        838,       10.1,        101,       5.05   ,  -0.509779
          2,    8,        172,        415,       10.1,        101,       5.05   ,   0.281295
          2,    9,        831,        295,       10.1,        101,       5.05   ,    1.46842
          2,   10,        582,        110,       10.1,        101,       5.05   ,    1.18605
          2,   11,        400,         35,       10.1,        101,       5.05   ,  -0.311272
          2,   12,        249,        511,       10.1,        101,       5.05   ,   -1.09722
          2,   13,        134,        210,       10.1,        101,       5.05   ,  -0.506865
          2,   14,        927,        889,       10.1,        101,       5.05   ,   0.485045
          2,   15,        275,        683,       10.1,        101,       5.05   ,  0.0654359
          2,   16,        636,        330,       10.1,        101,       5.05   ,   -1.00215
          2,   17,        133,        333,       10.1,        101,       5.05   ,   0.173856
          2,   18,        256,        592,       10.1,        101,       5.05   ,   -1.45839
          2,   19,        656,        263,       10.1,        101,       5.05   ,  -0.531271
          2,   20,        533,        107,       10.1,        101,       5.05   ,   0.651555
          2,   21,        897,        956,       10.1,        101,       5.05   ,   -1.29249
          2,   22,        631,        309,       10.1,        101,       5.05   ,    0.39948
          2,   23,        711,        638,       10.1,        101,       5.05   ,    1.01361
          2,   24,        374,        668,       10.1,        101,       5.05   ,  -0.773897
          2,   25,        694,         41,       10.1,        101,       5.05   ,   0.337558
          2,   26,        587,        314,       10.1,        101,       5.05   ,   0.809931
          2,   27,        643,        773,       10.1,        101,       5.05   ,  -0.598952
          2,   28,        945,        587,       10.1,        101,       5.05   ,  -0.980336
          2,   29,        271,        529,       10.1,        101,       5.05   ,  -0.230168
          2,   30,        744,        503,       10.1,        101,       5.05   ,  -0.482607
          2,   31,        650,        672,       10.1,        101,       5.05   ,    1.56943
          2,   32,        451,        267,       10.1,        101,       5.05   ,  -0.875018
          2,   33,        557,        272,       10.1,        101,       5.05   ,  -0.353134
          2,   34,        334,        439,       10.1,        101,       5.05   , -0.0163797
          2,   35,        951,        353,       10.1,        101,       5.05   ,  -0.966841
          2,   36,        254,        572,       10.1,        101,       5.05   ,   -1.27093
          2,   37,        954,        862,       10.1,        101,       5.05   ,   -1.27327
          2,   38,        846,        420,       10.1,        101,       5.05   ,    1.37897
          2,   39,        271,        444,       10.1,        101,       5.05   ,  -0.928212
          2,   40,         33,        179,       10.1,        101,       5.05   ,    1.17039
          2,   41,        649,        176,       10.1,        101,       5.05   ,   0.728267
          2,   42,        798,        690,       10.1,        101,       5.05   ,   -1.35954
          2,   43,        619,        140,       10.1,        101,       5.05   ,     1.0377
          2,   44,        970,        759,       10.1,        101,       5.05   ,   0.678513
          2,   45,        436,        682,       10.1,        101,       5.05   ,   0.135304
          2,   46,        955,        537,       10.1,        101,       5.05   ,   -1.39836
          2,   47,        637,        623,       10.1,        101,       5.05   ,  -0.668333
          2,   48,        324,        594,       10.1,        101,       5.05   ,  -0.842802
          2,   49,        686,        108,       10.1,        101,       5.05   ,  -0.920911
          2,   50,        696,        403,       10.1,        101,       5.05   ,    0.27789
          2,   51,        571,         84,       10.1,        101,       5.05   ,  0.0165214
          2,   52,        596,        233,       10.1,        101,       5.05   ,   0.262185
          2,   53,        861,        795,       10.1,        101,       5.05   ,   0.578802
          2,   54,         27,        186,       10.1,        101,       5.05   ,   0.327334
          2,   55,        512,        320,       10.1,        101,       5.05   , -0.0911342
          2,   56,        616,        179,       10.1,        101,       5.05   ,    1.49084
          2,   57,        383,         48,       10.1,        101,       5.05   ,  -0.710888
          2,   58,        382,        958,       10.1,        101,       5.05   ,  -0.275188
          2,   59,        249,        509,       10.1,        101,       5.05   ,   -1.48892
          2,   60,        636,        377,       10.1,        101,       5.05   ,   0.476879
          2,   61,         66,        820,       10.1,        101,       5.05   ,  -0.425137
          2,   62,        142,        150,       10.1,        101,       5.05   , -0.0471469
          2,   63,        739,        782,       10.1,        101,       5.05   ,    1.31106
          2,   64,        448,        262,       10.1,        101,       5.05   ,   0.862035
          2,   65,        764,        178,       10.1,        101,       5.05   ,    0.23731
          2,   66,        690,        862,       10.1,        101,       5.05   ,   0.507154
          2,   67,        869,        592,       10.1,        101,       5.05   ,   0.876598
          2,   68,        164,        641,       10.1,        101,       5.05   ,   0.978334
          2,   69,        837,        695,       10.1,        101,       5.05   ,    0.51414
          2,   70,        756,        663,       10.1,        101,       5.05   ,    1.27657
          2,   71,        894,         83,       10.1,        101,       5.05   ,  -0.528581
          2,   72,        475,        497,       10.1,        101,       5.05   ,    1.24308
          2,   73,         70,        846,       10.1,        101,       5.05   ,   -1.33481
          2,   74,        333,        548,       10.1,        101,       5.05   ,  -0.954557
          2,   75,        908,        383,       10.1,        101,       5.05   ,  -0.564972
          2,   76,        199,        427,       10.1,        101,       5.05   ,  -0.886341
          2,   77,        726,        942,       10.1,        101,       5.05   ,    1.29575
          2,   78,        366,        338,       10.1,        101,       5.05   ,   0.432305
          2,   79,        833,        562,       10.1,        101,       5.05   ,   0.261313
          2,   80,         58,        875,       10.1,        101,       5.05   ,     0.2689
          2,   81,        134,        440,       10.1,        101,       5.05   ,   0.133702
          2,   82,        896,        694,       10.1,        101,       5.05   ,    1.52981
          2,   83,        718,        911,       10.1,        101,       5.05   ,  -0.149694
          2,   84,        530,        404,       10.1,        101,       5.05   ,   -0.48598
          2,   85,        630,        938,       10.1,        101,       5.05   ,  -0.456854
          2,   86,        522,        913,       10.1,        101,       5.05   ,   -1.06388
          2,   87,        280,          5,       10.1,        101,       5.05   ,   -1.31025
          2,   88,        284,        835,       10.1,        101,       5.05   ,   -1.24472
          2,   89,        331,        905,       10.1,        101,       5.05   ,   0.550629
          2,   90,        433,        892,       10.1,        101,       5.05   ,  -0.338849
          2,   91,        936,        735,       10.1,        101,       5.05   ,   -1.07884
          2,   92,        691,        456,       10.1,        101,       5.05   ,   -1.07892
          2,   93,        658,        253,       10.1,        101,       5.05   ,   0.334614
          2,   94,        675,        186,       10.1,        101,       5.05   ,   0.188732
          2,   95,        492,        534,       10.1,        101,       5.05   ,   -1.18189
          2,   96,        338,        220,       10.1,        101,       5.05   ,  -0.616707
          2,   97,        475,        692,       10.1,        101,       5.05   ,   -1.21074
          2,   98,        429,        962,       10.1,        101,       5.05   ,  -0.696548
          2,   99,        177,        842,       10.1,        101,       5.05   ,   -1.28515
          2,  100,        136,         72,       10.1,        101,       5.05   ,  -0.531337
          2,  101,        584,        268,       10.1,        101,       5.05   ,  -0.622522
          2,  102,        258,        501,       10.1,        101,       5.05   ,     1.5205
          2,  103,        176,         49,       10.1,        101,       5.05   ,   0.392419
          2,  104,        502,        882,       10.1,        101,       5.05   ,   0.156519
          2,  105,         31,        682,       10.1,        101,       5.05   ,    1.39876
          2,  106,        483,         32,       10.1,        101,       5.05   ,   0.327961
          2,  107,        606,         32,       10.1,        101,       5.05   ,    0.87888
          2,  108,        266,        938,       10.1,        101,       5.05   ,  -0.988809
          2,  109,        917,        611,       10.1,        101,       5.05   ,    1.50191
          2,  110,        972,        955,       10.1,        101,       5.05   ,   -1.29316
          2,  111,        605,        858,       10.1,        101,       5.05   ,   0.573146
          2,  112,        287,        223,       10.1,        101,       5.05   ,   -1.25608
          2,  113,         68,        670,       10.1,        101,       5.05   ,  -0.443358
          2,  114,        538,        821,       10.1,        101,       5.05   ,  -0.664959
          2,  115,        392,        701,       10.1,        101,       5.05   ,  -0.344684
          2,  116,        811,        415,       10.1,        101,       5.05   ,  -0.519996
          2,  117,         51,        723,       10.1,        101,       5.05   ,   -1.39942
          2,  118,        911,        675,       10.1,        101,       5.05   ,    0.79012
          2,  119,        432,        232,       10.1,        101,       5.05   ,    1.28597
          2,  120,        365,        502,       10.1,        101,       5.05   ,  -0.589461
          2,  121,        588,        768,       10.1,        101,       5.05   ,   -1.32335
          2,  122,        177,        621,       10.1,        101,       5.05   ,  0.0615271
          2,  123,        736,         98,       10.1,        101,       5.05   ,   -1.08047
          2,  124,        724,        785,       10.1,        101,       5.05   ,   0.781251
          2,  125,        444,         73,       10.1,        101,       5.05   ,    0.42156
          2,  126,        814,        450,       10.1,        101,       5.05   ,   -0.96325
          2,  127,        501,        826,       10.1,        101,       5.05   ,    1.01807
          2,  128,        482,        506,       10.1,        101,       5.05   ,   0.908581
          2,  129,        261,         67,       10.1,        101,       5.05   ,  -0.459956
          2,  130,        357,         44,       10.1,        101,       5.05   ,   -1.23258
          2,  131,        918,        882,       10.1,        101,       5.05   ,   -1.06419
          2,  132,        684,        681,       10.1,        101,       5.05   ,   0.394264
          2,  133,        612,        247,       10.1,        101,       5.05   , -0.0384417
          2,  134,        538,        717,       10.1,        101,       5.05   , -0.0816343
          2,  135,        982,        168,       10.1,        101,       5.05   ,   0.766781
          2,  136,         53,        110,       10.1,        101,       5.05   , -0.0949094
          2,  137,        402,        764,       10.1,        101,       5.05   ,   0.355465
          2,  138,        345,        867,       10.1,        101,       5.05   ,  -0.316726
          2,  139,        887,        488,       10.1,        101,       5.05   ,    1.46407
          2,  140,         89,        900,       10.1,        101,       5.05   ,   -1.45854
          2,  141,         38,         46,       10.1,        101,       5.05   ,   -1.44224
          2,  142,        950,        384,       10.1,        101,       5.05   ,    -1.0705
          2,  143,        349,         94,       10.1,        101,       5.05   ,   -1.08975
          2,  144,        892,        386,       10.1,        101,       5.05   ,   0.517584
          2,  145,        902,        628,       10.1,        101,       5.05   ,   0.334797
          2,  146,        353,        254,       10.1,        101,       5.05   ,  -0.914765
          2,  147,        340,        671,       10.1,        101,       5.05   ,   0.826911
          2,  148,        747,        851,       10.1,        101,       5.05   ,    1.51643
          2,  149,        715,        513,       10.1,        101,       5.05   ,   0.781781
          2,  150,        219,          6,       10.1,        101,       5.05   ,   -1.22696
          2,  151,        502,        307,       10.1,        101,       5.05   ,  -0.646186
          2,  152,        583,         88,       10.1,        101,       5.05   ,   0.677886
          2,  153,        550,         66,       10.1,        101,       5.05   ,   0.747519
          2,  154,         55,        973,       10.1,        101,       5.05   ,   -1.31895
          2,  155,        971,        651,       10.1,        101,       5.05   ,  -0.716214
          2,  156,        401,         45,       10.1,        101,       5.05   ,   0.118513
          2,  157,        445,        378,       10.1,        101,       5.05   ,  -0.821873
          2,  158,        118,        884,       10.1,        101,       5.05   ,   0.337845
          2,  159,        586,        506,       10.1,        101,       5.05   ,  -0.813308
          2,  160,        777,        797,       10.1,        101,       5.05   ,   -1.51164
          2,  161,        407,        229,       10.1,        101,       5.05   ,  -0.260007
          2,  162,        780,        783,       10.1,        101,       5.05   ,  -0.382124
          2,  163,         61,        291,       10.1,        101,       5.05   ,   -1.36511
          2,  164,        165,        193,       10.1,        101,       5.05   ,   0.790519
          2,  165,        771,        111,       10.1,        101,       5.05   ,   -1.43953
          2,  166,        690,        790,       10.1,        101,       5.05   ,  -0.936827
          2,  167,        212,         45,       10.1,        101,       5.05   ,   0.759511
          2,  168,        868,        798,       10.1,        101,       5.05   ,   -1.48256
          2,  169,        331,        968,       10.1,        101,       5.05   ,   -1.27359
          2,  170,        675,        455,       10.1,        101,       5.05   ,   0.659394
          2,  171,        501,         59,       10.1,        101,       5.05   ,  -0.779337
          2,  172,        881,        398,       10.1,        101,       5.05   ,   -1.32715
          2,  173,        429,        942,       10.1,        101,       5.05   ,     0.2457
          2,  174,        263,        957,       10.1,        101,       5.05   ,   -1.32733
          2,  175,        338,        608,       10.1,        101,       5.05   ,   0.803725
          2,  176,        129,        739,       10.1,        101,       5.05   ,  -0.758497
          2,  177,        569,         37,       10.1,        101,       5.05   ,   0.829381
          2,  178,        516,        886,       10.1,        101,       5.05   ,  -0.886634
          2,  179,        651,         96,       10.1,        101,       5.05   ,  0.0305428
          2,  180,        512,        210,       10.1,        101,       5.05   ,    1.23892
          2,  181,         21,        200,       10.1,        101,       5.05   ,   -1.54215
          2,  182,        962,        715,       10.1,        101,       5.05   , -0.0718268
          2,  183,        870,        624,       10.1,        101,       5.05   ,  -0.194764
          2,  184,        337,        711,       10.1,        101,       5.05   ,   0.383782
          2,  185,        620,        449,       10.1,        101,       5.05   ,   0.922842
          2,  186,        635,         72,       10.1,        101,       5.05   ,   0.907248
          2,  187,        798,         73,       10.1,        101,       5.05   ,    1.21028
          2,  188,        232,        913,       10.1,        101,       5.05   ,    1.16245
          2,  189,        399,        764,       10.1,        101,       5.05   ,   -1.03874
          2,  190,        969,        552,       10.1,        101,       5.05   ,   0.564949
          2,  191,        557,        834,       10.1,        101,       5.05   ,  -0.122258
          2,  192,        501,        337,       10.1,        101,       5.05   ,  -0.723142
          2,  193,        554,        274,       10.1,        101,       5.05   ,   -1.16744
          2,  194,        727,        708,       10.1,        101,       5.05   ,   -0.40693
          2,  195,        454,        559,       10.1,        101,       5.05   ,  -0.351678
          2,  196,        133,        233,       10.1,        101,       5.05   ,    1.41425
          2,  197,        321,        575,       10.1,        101,       5.05   ,    1.46103
          2,  198,        911,        537,       10.1,        101,       5.05   ,   -1.29198
          2,  199,        707,        899,       10.1,        101,       5.05   ,    1.01657
          2,  200,        296,        963,       10.1,        101,       5.05   ,  -0.545475
          2,  201,        673,        598,       10.1,        101,       5.05   ,  -0.933811
          2,  202,        322,        724,       10.1,        101,       5.05   ,  0.0994716
          2,  203,        695,        979,       10.1,        101,       5.05   ,   0.879415
          2,  204,        813,        574,       10.1,        101,       5.05   ,   0.295734
          2,  205,        498,        470,       10.1,        101,       5.05   ,  -0.438859
          2,  206,        179,        528,       10.1,        101,       5.05   ,   0.682234
          2,  207,        916,        326,       10.1,        101,       5.05   ,   0.936969
          2,  208,        169,        384,       10.1,        101,       5.05   ,     1.0707
          2,  209,        746,        725,       10.1,        101,       5.05   ,   0.218446
          2,  210,        383,        797,       10.1,        101,       5.05   ,   0.832344
          2,  211,        747,        324,       10.1,        101,       5.05   ,  -0.653402
          2,  212,        704,        468,       10.1,        101,       5.05   ,   0.781042
          2,  213,        290,        946,       10.1,        101,       5.05   ,    1.02159
          2,  214,        667,        269,       10.1,        101,       5.05   ,    1.41379
          2,  215,        470,        469,       10.1,        101,       5.05   ,   0.631026
          2,  216,        902,        962,       10.1,        101,       5.05   ,  -0.484726
          2,  217,        982,        971,       10.1,        101,       5.05   ,   -0.26921
          2,  218,        997,        129,       10.1,        101,       5.05   ,    1.53062
          2,  219,        500,        879,       10.1,        101,       5.05   , -0.0490814
          2,  220,        611,        559,       10.1,        101,       5.05   ,    1.55762
          2,  221,        628,        114,       10.1,        101,       5.05   ,    1.40982
          2,  222,        381,         39,       10.1,        101,       5.05   ,   -1.03637
          2,  223,        925,        262,       10.1,        101,       5.05   ,    1.29411
          2,  224,        376,        523,       10.1,        101,       5.05   ,   0.180263
          2,  225,        309,         60,       10.1,        101,       5.05   ,    1.47942
          2,  226,        413,        431,       10.1,        101,       5.05   ,   0.685271
          2,  227,        366,        399,       10.1,        101,       5.05   ,   -0.52622
          2,  228,        621,        232,       10.1,        101,       5.05   ,   -1.04796
          2,  229,        888,         33,       10.1,        101,       5.05   ,    1.38917
          2,  230,        313,        655,       10.1,        101,       5.05   ,   0.373954
          2,  231,        293,        602,       10.1,        101,       5.05   ,   -1.17774
          2,  232,        619,        158,       10.1,        101,       5.05   ,   0.685146
          2,  233,        226,        742,       10.1,        101,       5.05   ,    1.24588
          2,  234,        768,        927,       10.1,        101,       5.05   ,   -1.46211
          2,  235,        239,        438,       10.1,        101,       5.05   ,   -0.90304
          2,  236,        751,        421,       10.1,        101,       5.05   ,   -1.07166
          2,  237,        800,        187,       10.1,        101,       5.05   ,  -0.662137
          2,  238,        975,         69,       10.1,        101,       5.05   ,    0.79019
          2,  239,        373,        717,       10.1,        101,       5.05   ,    1.02343
          2,  240,        732,        228,       10.1,        101,       5.05   ,   0.350275
          2,  241,        619,        266,       10.1,        101,       5.05   ,   -1.08044
          2,  242,        230,        634,       10.1,        101,       5.05   ,   0.648271
          2,  243,        471,        685,       10.1,        101,       5.05   ,   0.154318
          2,  244,        784,        685,       10.1,        101,       5.05   ,   0.113623
          2,  245,        317,        606,       10.1,        101,       5.05   ,    1.52863
          2,  246,        116,        587,       10.1,        101,       5.05   ,    1.11886
          2,  247,        847,         49,       10.1,        101,       5.05   ,    -1.5303
          2,  248,        116,        517,       10.1,        101,       5.05   ,   0.382165
          2,  249,        637,        885,       10.1,        101,       5.05   ,   -1.17596
          2,  250,        973,        376,       10.1,        101,       5.05   ,  -0.721089
          2,  251,        955,         83,       10.1,        101,       5.05   ,    1.50912
          2,  252,        463,        394,       10.1,        101,       5.05   ,   0.254691
          2,  253,        928,          6,       10.1,        101,       5.05   ,    0.21145
          2,  254,        218,        864,       10.1,        101,       5.05   ,    1.43742
          2,  255,        957,        936,       10.1,        101,       5.05   ,   0.279603
          2,  256,        248,        509,       10.1,        101,       5.05   ,    1.51205
          2,  257,        786,        648,       10.1,        101,       5.05   ,   -1.09799
          2,  258,        854,        517,       10.1,        101,       5.05   ,  -0.102581
          2,  259,        453,        306,       10.1,        101,       5.05   ,   0.225589
          2,  260,        182,        252,       10.1,        101,       5.05   ,    -1.5239
          2,  261,        291,        742,       10.1,        101,       5.05   ,   0.493718
          2,  262,        491,        932,       10.1,        101,       5.05   ,  -0.478971
          2,  263,        193,        138,       10.1,        101,       5.05   ,  -0.821942
          2,  264,        622,        805,       10.1,        101,       5.05   ,    1.52056
          2,  265,        843,        911,       10.1,        101,       5.05   ,  -0.860333
          2,  266,        345,        184,       10.1,        101,       5.05   ,  -0.476162
          2,  267,        661,        220,       10.1,        101,       5.05   ,  -0.177043
          2,  268,          9,        500,       10.1,        101,       5.05   ,   0.796176
          2,  269,        606,        362,       10.1,        101,       5.05   ,   0.541044
          2,  270,        352,        429,       10.1,        101,       5.05   ,  -0.128561
          2,  271,        996,         59,       10.1,        101,       5.05   ,   0.310642
          2,  272,        702,        439,       10.1,        101,       5.05   ,   -1.23115
          2,  273,        815,        252,       10.1,        101,       5.05   , 0.00468237
          2,  274,        252,        767,       10.1,        101,       5.05   ,   0.556317
          2,  275,        862,        797,       10.1,        101,       5.05   ,  -0.311654
          2,  276,        842,        777,       10.1,        101,       5.05   ,   -1.17547
          2,  277,        557,        486,       10.1,        101,       5.05   ,  -0.996829
          2,  278,        334,        812,       10.1,        101,       5.05   ,   0.892326
          2,  279,        280,        229,       10.1,        101,       5.05   ,  -0.808795
          2,  280,        502,        375,       10.1,        101,       5.05   ,    1.26874
          2,  281,         33,        114,       10.1,        101,       5.05   ,   -1.24392
          2,  282,        235,        736,       10.1,        101,       5.05   ,  -0.719887
          2,  283,        993,          2,       10.1,        101,       5.05   ,   0.990346
          2,  284,        200,        867,       10.1,        101,       5.05   ,    1.11026
          2,  285,        667,        503,       10.1,        101,       5.05   ,  -0.128408
          2,  286,        532,        605,       10.1,        101,       5.05   ,  -0.921653
          2,  287,        435,        394,       10.1,        101,       5.05   ,   0.634213
          2,  288,        425,         56,       10.1,        101,       5.05   ,  -0.185227
          2,  289,        921,        830,       10.1,        101,       5.05   ,   -1.02965
          2,  290,        355,        565,       10.1,        101,       5.05   ,   0.757074
          2,  291,        317,        813,       10.1,        101,       5.05   ,    1.23232
          2,  292,        687,        739,       10.1,        101,       5.05   ,   -1.03896
          2,  293,        395,        828,       10.1,        101,       5.05   ,  -0.657059
          2,  294,         60,        889,       10.1,        101,       5.05   ,   -1.41017
          2,  295,        479,        393,       10.1,        101,       5.05   ,   0.479318
          2,  296,        680,        998,       10.1,        101,       5.05   ,  -0.950758
          2,  297,        895,        708,       10.1,        101,       5.05   ,    1.28343
          2,  298,        347,        237,       10.1,        101,       5.05   ,    1.43842
          2,  299,         45,        135,       10.1,        101,       5.05   ,    1.26083
          2,  300,        932,        495,       10.1,        101,       5.05   ,   -1.31954
          2,  301,        331,        798,       10.1,        101,       5.05   ,    1.54615
          2,  302,        819,        462,       10.1,        101,       5.05   ,    1.44607
          2,  303,        998,        558,       10.1,        101,       5.05   ,   0.278152
          2,  304,        306,         18,       10.1,        101,       5.05   ,     1.4494
          2,  305,        996,        506,       10.1,        101,       5.05   ,     1.0052
          2,  306,         72,        131,       10.1,        101,       5.05   ,   -1.42063
          2,  307,        553,        831,       10.1,        101,       5.05   ,    1.35841
          2,  308,        323,        743,       10.1,        101,       5.05   ,  -0.263696
          2,  309,        952,        535,       10.1,        101,       5.05   ,  -0.820826
          2,  310,        560,        453,       10.1,        101,       5.05   ,   0.301245
          2,  311,        336,        913,       10.1,        101,       5.05   , -0.0623505
          2,  312,        934,        866,       10.1,        101,       5.05   ,   0.563081
          2,  313,        621,        913,       10.1,        101,       5.05   ,   -1.17891
          2,  314,         12,        708,       10.1,        101,       5.05   ,    0.67963
          2,  315,        950,        957,       10.1,        101,       5.05   ,   0.804866
          2,  316,        631,        443,       10.1,        101,       5.05   ,   0.646451
          2,  317,        859,        739,       10.1,        101,       5.05   ,  -0.889254
          2,  318,        379,        542,       10.1,        101,       5.05   ,   0.740151
          2,  319,        270,        825,       10.1,        101,       5.05   ,   -1.42472
          2,  320,        903,        259,       10.1,        101,       5.05   ,   -1.18917
          2,  321,        258,        458,       10.1,        101,       5.05   ,   0.738596
          2,  322,        208,        103,       10.1,        101,       5.05   ,  -0.985201
          2,  323,        630,        798,       10.1,        101,       5.05   ,    1.37519
          2,  324,        909,        995,       10.1,        101,       5.05   ,    1.42651
          2,  325,        141,        875,       10.1,        101,       5.05   ,  -0.230607
          2,  326,        270,        144,       10.1,        101,       5.05   ,  -0.634358
          2,  327,        116,        271,       10.1,        101,       5.05   ,   0.869659
          2,  328,        588,        351,       10.1,        101,       5.05   ,     1.5594
          2,  329,        520,        165,       10.1,        101,       5.05   ,  0.0200424
          2,  330,        320,         85,       10.1,        101,       5.05   ,   -1.21351
          2,  331,        825,        820,       10.1,        101,       5.05   ,     1.1867
          2,  332,        176,        123,       10.1,        101,       5.05   ,   0.639333
          2,  333,        231,        273,       10.1,        101,       5.05   ,    1.46301
          2,  334,        996,        971,       10.1,        101,       5.05   ,   0.552378
          2,  335,        381,        388,       10.1,        101,       5.05   ,  -0.323653
          2,  336,        466,        682,       10.1,        101,       5.05   ,  -0.214788
          2,  337,        823,        558,       10.1,        101,       5.05   ,   0.957265
          2,  338,        159,        155,       10.1,        101,       5.05   ,  -0.661891
          2,  339,        460,        878,       10.1,        101,       5.05   ,  -0.408097
          2,  340,        992,        508,       10.1,        101,       5.05   ,   -1.51758
          2,  341,        219,        430,       10.1,        101,       5.05   ,    1.22065
          2,  342,        425,        527,       10.1,        101,       5.05   ,  -0.345506
          2,  343,        762,        229,       10.1,        101,       5.05   ,   0.577706
          2,  344,        448,        341,       10.1,        101,       5.05   ,    1.55001
          2,  345,        791,        972,       10.1,        101,       5.05   ,  -0.667852
          2,  346,         79,        900,       10.1,        101,       5.05   ,  -0.861873
          2,  347,        620,        674,       10.1,        101,       5.05   , -0.0439581
          2,  348,        547,        280,       10.1,        101,       5.05   ,   0.314928
          2,  349,        449,        374,       10.1,        101,       5.05   ,   0.135121
          2,  350,        981,        123,       10.1,        101,       5.05   ,   0.748377
          2,  351,        361,        974,       10.1,        101,       5.05   ,    0.36723
          2,  352,         52,        245,       10.1,        101,       5.05   ,   0.656832
          2,  353,        752,         69,       10.1,        101,       5.05   ,   0.796573
          2,  354,        116,        474,       10.1,        101,       5.05   ,  -0.226367
          2,  355,        303,        749,       10.1,        101,       5.05   ,   -1.14285
          2,  356,         86,        386,       10.1,        101,       5.05   ,  -0.546488
          2,  357,        215,        338,       10.1,        101,       5.05   ,   0.873551
          2,  358,        302,        109,       10.1,        101,       5.05   ,  -0.416673
          2,  359,        455,        841,       10.1,        101,       5.05   ,  -0.353965
          2,  360,         31,        755,       10.1,        101,       5.05   ,  -0.443664
          2,  361,        512,        452,       10.1,        101,       5.05   ,   0.780217
          2,  362,        522,        244,       10.1,        101,       5.05   ,   0.658494
          2,  363,         44,        755,       10.1,        101,       5.05   ,   0.752209
          2,  364,         82,        413,       10.1,        101,       5.05   ,  -0.185879
          2,  365,        158,        797,       10.1,        101,       5.05   ,0.000713416
          2,  366,        797,        191,       10.1,        101,       5.05   ,   0.608968
          2,  367,        622,        828,       10.1,        101,       5.05   ,    1.28892
          2,  368,        532,        274,       10.1,        101,       5.05   ,  -0.269846
          2,  369,        539,          8,       10.1,        101,       5.05   ,   0.104196
          2,  370,        377,        163,       10.1,        101,       5.05   ,    1.44254
          2,  371,        894,        342,       10.1,        101,       5.05   ,   0.701073
          2,  372,        733,        797,       10.1,        101,       5.05   ,  -0.538825
          2,  373,        655,        417,       10.1,        101,       5.05   ,  -0.629734
          2,  374,        804,        727,       10.1,        101,       5.05   ,    1.09269
          2,  375,        718,        630,       10.1,        101,       5.05   , -0.0357618
          2,  376,        528,        784,       10.1,        101,       5.05   ,   0.780651
          2,  377,        906,        908,       10.1,        101,       5.05   ,   -1.02315
          2,  378,         61,        957,       10.1,        101,       5.05   ,  -0.546212
          2,  379,        270,        883,       10.1,        101,       5.05   ,   0.857481
          2,  380,        438,        256,       10.1,        101,       5.05   ,   0.411027
          2,  381,        998,        375,       10.1,        101,       5.05   ,  -0.511087
          2,  382,        517,        959,       10.1,        101,       5.05   ,    1.44462
          2,  383,        622,        696,       10.1,        101,       5.05   ,  -0.695275
          2,  384,        996,          7,       10.1,        101,       5.05   ,   0.138511
          2,  385,         33,        453,       10.1,        101,       5.05   ,  -0.895423
          2,  386,        744,        768,       10.1,        101,       5.05   ,   -0.60832
          2,  387,         37,        494,       10.1,        101,       5.05   ,   0.280152
          2,  388,        175,        811,       10.1,        101,       5.05   ,  -0.472619
          2,  389,        183,         55,       10.1,        101,       5.05   ,  0.0397306
          2,  390,        282,         88,       10.1,        101,       5.05   ,   0.427925
          2,  391,        947,        458,       10.1,        101,       5.05   ,   -1.37233
          2,  392,        168,        273,       10.1,        101,       5.05   ,    1.26348
          2,  393,         45,        313,       10.1,        101,       5.05   ,    1.13024
          2,  394,        746,        516,       10.1,        101,       5.05   ,  -0.351072
          2,  395,          3,          5,       10.1,        101,       5.05   ,   -1.34524
          2,  396,        570,        987,       10.1,        101,       5.05   ,   -1.42552
          2,  397,        588,        435,       10.1,        101,       5.05   ,  0.0169024
          2,  398,        755,         12,       10.1,        101,       5.05   ,   -1.03482
          2,  399,        737,        700,       10.1,        101,       5.05   ,   0.503475
          2,  400,        376,        944,       10.1,        101,       5.05   ,   -0.30872
          2,  401,        387,        899,       10.1,        101,       5.05   ,   0.403158
          2,  402,        394,        657,       10.1,        101,       5.05   ,  -0.842721
          2,  403,        319,        597,       10.1,        101,       5.05   ,   0.662513
          2,  404,        372,        393,       10.1,        101,       5.05   ,   -1.30141
          2,  405,        513,         27,       10.1,        101,       5.05   ,    0.66694
          2,  406,        177,        378,       10.1,        101,       5.05   ,  -0.426121
          2,  407,        941,        127,       10.1,        101,       5.05   ,    1.35887
          2,  408,        983,        862,       10.1,        101,       5.05   ,   -1.37885
          2,  409,        950,        371,       10.1,        101,       5.05   ,  -0.939665
          2,  410,        329,         34,       10.1,        101,       5.05   ,    1.53872
          2,  411,        701,        713,       10.1,        101,       5.05   ,   -1.48924
          2,  412,        588,        742,       10.1,        101,       5.05   ,   0.830375
          2,  413,        851,        865,       10.1,        101,       5.05   ,   -1.41841
          2,  414,        400,        487,       10.1,        101,       5.05   ,  -0.563199
          2,  415,        169,        398,       10.1,        101,       5.05   ,   0.027394
          2,  416,        836,        474,       10.1,        101,       5.05   ,     1.0076
          2,  417,        391,        843,       10.1,        101,       5.05   ,   0.606139
          2,  418,         98,        981,       10.1,        101,       5.05   ,  -0.339752
          2,  419,        329,        324,       10.1,        101,       5.05   ,    1.40294
          2,  420,        714,        994,       10.1,        101,       5.05   ,   -1.49883
          2,  421,        435,        697,       10.1,        101,       5.05   ,    1.42902
          2,  422,        648,        647,       10.1,        101,       5.05   ,  -0.836182
          2,  423,        202,        188,       10.1,        101,       5.05   ,    1.50107
          2,  424,        783,        288,       10.1,        101,       5.05   ,  -0.421646
          2,  425,        393,         73,       10.1,        101,       5.05   ,   0.556158
          2,  426,        349,        575,       10.1,        101,       5.05   ,  0.0666199
          2,  427,        428,         10,       10.1,        101,       5.05   ,    1.13561
          2,  428,        273,        929,       10.1,        101,       5.05   ,   -1.35879
          2,  429,        550,        457,       10.1,        101,       5.05   ,  -0.388201
          2,  430,        860,         73,       10.1,        101,       5.05   ,  0.0248507
          2,  431,        183,         39,       10.1,        101,       5.05   ,  -0.737099
          2,  432,         69,        577,       10.1,        101,       5.05   ,    1.19464
          2,  433,        403,        990,       10.1,        101,       5.05   ,    1.28011
          2,  434,        851,        108,       10.1,        101,       5.05   ,  -0.752222
          2,  435,        233,        186,       10.1,        101,       5.05   ,    1.41542
          2,  436,        378,        149,       10.1,        101,       5.05   ,   0.129452
          2,  437,        440,        918,       10.1,        101,       5.05   ,   0.130719
          2,  438,        626,        714,       10.1,        101,       5.05   ,     -1.294
          2,  439,        510,        911,       10.1,        101,       5.05   ,   0.171945
          2,  440,        923,        822,       10.1,        101,       5.05   ,   0.296394
          2,  441,        846,        508,       10.1,        101,       5.05   ,  -0.494014
          2,  442,        300,          2,       10.1,        101,       5.05   ,  -0.725089
          2,  443,        148,        292,       10.1,        101,       5.05   ,   -1.30206
          2,  444,        263,        414,       10.1,        101,       5.05   ,    -1.0771
          2,  445,        998,        920,       10.1,        101,       5.05   ,  -0.944038
          2,  446,        274,         65,       10.1,        101,       5.05   ,  -0.208977
          2,  447,        906,        563,       10.1,        101,       5.05   ,   0.758143
          2,  448,        943,        715,       10.1,        101,       5.05   ,   -1.56201
          2,  449,        633,        861,       10.1,        101,       5.05   ,   0.785467
          2,  450,        338,        937,       10.1,        101,       5.05   ,   -1.13094
          2,  451,         67,        361,       10.1,        101,       5.05   ,    1.28805
          2,  452,        848,        292,       10.1,        101,       5.05   ,   -1.03055
          2,  453,        341,        832,       10.1,        101,       5.05   ,   0.440792
          2,  454,        758,        611,       10.1,        101,       5.05   ,    1.33376
          2,  455,        735,        399,       10.1,        101,       5.05   ,    1.46145
          2,  456,        376,        835,       10.1,        101,       5.05   ,   0.972869
          2,  457,        313,        755,       10.1,        101,       5.05   ,   -1.33216
          2,  458,        756,         29,       10.1,        101,       5.05   ,    -1.2186
          2,  459,        165,         25,       10.1,        101,       5.05   ,  -0.444156
          2,  460,        193,        737,       10.1,        101,       5.05   , -0.0436508
          2,  461,        850,        230,       10.1,        101,       5.05   ,  -0.962397
          2,  462,        384,        690,       10.1,        101,       5.05   ,   0.114934
          2,  463,        909,        231,       10.1,        101,       5.05   ,  -0.583454
          2,  464,        973,        568,       10.1,        101,       5.05   ,    0.96556
          2,  465,         40,        224,       10.1,        101,       5.05   ,  -0.920764
          2,  466,        853,        262,       10.1,        101,       5.05   ,   0.951865
          2,  467,        264,        122,       10.1,        101,       5.05   ,   -0.66491
          2,  468,        177,        456,       10.1,        101,       5.05   ,   0.733327
          2,  469,        280,        412,       10.1,        101,       5.05   ,  -0.917892
          2,  470,        842,        926,       10.1,        101,       5.05   ,   -1.01599
          2,  471,        777,        463,       10.1,        101,       5.05   ,  0.0678518
          2,  472,         69,        125,       10.1,        101,       5.05   ,    0.51361
          2,  473,        661,        248,       10.1,        101,       5.05   ,   -0.74431
          2,  474,        427,        104,       10.1,        101,       5.05   ,  -0.557646
          2,  475,        497,        981,       10.1,        101,       5.05   ,   -1.20225
          2,  476,        971,        567,       10.1,        101,       5.05   ,  -0.134528
          2,  477,        519,        433,       10.1,        101,       5.05   ,   0.324042
          2,  478,        943,        954,       10.1,        101,       5.05   ,     1.5241
          2,  479,        607,        172,       10.1,        101,       5.05   ,   0.568921
          2,  480,        553,        623,       10.1,        101,       5.05   ,  -0.413858
          2,  481,        892,        634,       10.1,        101,       5.05   ,     1.5544
          2,  482,        955,        287,       10.1,        101,       5.05   ,   0.152862
          2,  483,        657,        887,       10.1,        101,       5.05   ,    1.12053
          2,  484,        893,        728,       10.1,        101,       5.05   ,    0.65615
          2,  485,        783,        139,       10.1,        101,       5.05   ,  -0.421455
          2,  486,        991,        907,       10.1,        101,       5.05   ,   0.417683
          2,  487,        507,        173,       10.1,        101,       5.05   ,    1.11209
          2,  488,        420,        886,       10.1,        101,       5.05   ,   0.611821
          2,  489,        946,        718,       10.1,        101,       5.05   ,   0.582338
          2,  490,         93,        717,       10.1,        101,       5.05   ,   0.469301
          2,  491,        108,        911,       10.1,        101,       5.05   ,    0.26674
          2,  492,         78,        859,       10.1,        101,       5.05   ,   0.913151
          2,  493,        427,        682,       10.1,        101,       5.05   ,   0.916891
          2,  494,         70,        619,       10.1,        101,       5.05   ,   0.575017
          2,  495,         60,         94,       10.1,        101,       5.05   ,  -0.285711
          2,  496,        698,         20,       10.1,        101,       5.05   ,   0.255062
          2,  497,         44,        440,       10.1,        101,       5.05   ,  -0.145623
          2,  498,        999,        306,       10.1,        101,       5.05   ,   0.869938
          2,  499,        313,        833,       10.1,        101,       5.05   ,   0.275869
          2,  500,        310,        520,       10.1,        101,       5.05   ,   0.946729
          2,  501,        752,        382,       10.1,        101,       5.05   ,  -0.465579
          2,  502,        167,        420,       10.1,        101,       5.05   ,    1.31476
          2,  503,        209,         96,       10.1,        101,       5.05   ,   0.779416
          2,  504,        482,        245,       10.1,        101,       5.05   ,   0.367119
          2,  505,        240,        866,       10.1,        101,       5.05   ,   -1.26199
          2,  506,        443,        801,       10.1,        101,       5.05   ,   -1.22637
          2,  507,        390,         80,       10.1,        101,       5.05   ,  -0.292814
          2,  508,        638,        160,       10.1,        101,       5.05   ,    1.21501
          2,  509,         87,        162,       10.1,        101,       5.05   ,    1.18228
          2,  510,        476,        754,       10.1,        101,       5.05   ,    1.02884
          2,  511,        132,        684,       10.1,        101,       5.05   ,   -1.07662
          2,  512,        928,        531,       10.1,        101,       5.05   ,    1.17779
          2,  513,        562,        297,       10.1,        101,       5.05   ,   -0.79582
          2,  514,        501,        367,       10.1,        101,       5.05   ,    1.16865
          2,  515,        559,        328,       10.1,        101,       5.05   ,   -1.34535
          2,  516,        649,        419,       10.1,        101,       5.05   ,   0.242501
          2,  517,        167,        879,       10.1,        101,       5.05   ,   -1.27662
          2,  518,        280,        500,       10.1,        101,       5.05   ,   0.510934
          2,  519,        103,         42,       10.1,        101,       5.05   ,    0.55818
          2,  520,        494,        998,       10.1,        101,       5.05   ,  -0.684168
          2,  521,        923,        103,       10.1,        101,       5.05   ,   -1.54995
          2,  522,        313,         77,       10.1,        101,       5.05   ,   0.723038
          2,  523,        814,        782,       10.1,        101,       5.05   ,  0.0262792
          2,  524,        722,         29,       10.1,        101,       5.05   ,   -1.10935
          2,  525,        925,        605,       10.1,        101,       5.05   ,  0.0470006
          2,  526,        762,        163,       10.1,        101,       5.05   ,  -0.287676
          2,  527,        381,        191,       10.1,        101,       5.05   ,   -1.28244
          2,  528,        683,        736,       10.1,        101,       5.05   ,   0.764563
          2,  529,        504,         62,       10.1,        101,       5.05   ,  -0.496541
          2,  530,        821,        911,       10.1,        101,       5.05   , -0.0431021
          2,  531,        575,        859,       10.1,        101,       5.05   ,  -0.887661
          2,  532,        996,        555,       10.1,        101,       5.05   ,   0.378241
          2,  533,         96,        276,       10.1,        101,       5.05   ,    1.47356
          2,  534,        206,        533,       10.1,        101,       5.05   ,  -0.371236
          2,  535,        276,        197,       10.1,        101,       5.05   ,   0.351179
          2,  536,        969,        671,       10.1,        101,       5.05   ,   -1.22932
          2,  537,        311,        360,       10.1,        101,       5.05   ,     1.5483
          2,  538,        723,        681,       10.1,        101,       5.05   ,  -0.679698
          2,  539,        910,        539,       10.1,        101,       5.05   ,   -1.09568
          2,  540,        368,        846,       10.1,        101,       5.05   ,   -1.49443
          2,  541,        564,        800,       10.1,        101,       5.05   ,  -0.955528
          2,  542,        907,        500,       10.1,        101,       5.05   ,  -0.136181
          2,  543,        381,        901,       10.1,        101,       5.05   ,   -1.01104
          2,  544,        271,        694,       10.1,        101,       5.05   ,    1.46993
          2,  545,        520,        340,       10.1,        101,       5.05   ,  0.0307992
          2,  546,         19,        918,       10.1,        101,       5.05   ,   -1.52301
          2,  547,        522,        768,       10.1,        101,       5.05   ,    1.37664
          2,  548,        801,        883,       10.1,        101,       5.05   ,    1.31339
          2,  549,        830,        191,       10.1,        101,       5.05   ,  -0.328536
          2,  550,        446,        971,       10.1,        101,       5.05   ,   0.382417
          2,  551,        849,         62,       10.1,        101,       5.05   ,  -0.345201
          2,  552,        764,         58,       10.1,        101,       5.05   ,   -1.14242
          2,  553,        552,        998,       10.1,        101,       5.05   ,  -0.117387
          2,  554,        308,        313,       10.1,        101,       5.05   ,  -0.425516
          2,  555,        696,        836,       10.1,        101,       5.05   ,  -0.694851
          2,  556,        813,        682,       10.1,        101,       5.05   ,    1.43983
          2,  557,        702,        241,       10.1,        101,       5.05   ,   0.667804
          2,  558,        928,        860,       10.1,        101,       5.05   ,  -0.929036
          2,  559,        221,        863,       10.1,        101,       5.05   ,   0.592346
          2,  560,        420,        394,       10.1,        101,       5.05   ,   0.396227
          2,  561,        741,        147,       10.1,        101,       5.05   ,   0.706997
          2,  562,        949,         18,       10.1,        101,       5.05   ,    -1.1845
          2,  563,        219,        712,       10.1,        101,       5.05   ,  -0.633376
          2,  564,        274,        946,       10.1,        101,       5.05   ,  -0.332933
          2,  565,         24,        920,       10.1,        101,       5.05   ,  -0.451076
          2,  566,        681,        296,       10.1,        101,       5.05   ,   0.636589
          2,  567,        144,        485,       10.1,        101,       5.05   ,    1.49192
          2,  568,        737,        501,       10.1,        101,       5.05   ,   0.429123
          2,  569,        317,        170,       10.1,        101,       5.05   ,  -0.429947
          2,  570,        338,        722,       10.1,        101,       5.05   ,   0.200783
          2,  571,        304,        103,       10.1,        101,       5.05   ,    -1.4012
          2,  572,        823,        240,       10.1,        101,       5.05   ,  0.0580753
          2,  573,        117,        729,       10.1,        101,       5.05   ,   0.467747
          2,  574,        245,        755,       10.1,        101,       5.05   ,   -1.16227
          2,  575,        562,        300,       10.1,        101,       5.05   ,  -0.531539
          2,  576,        570,        509,       10.1,        101,       5.05   ,   0.250922
          2,  577,        465,        568,       10.1,        101,       5.05   ,   0.133222
          2,  578,        320,        369,       10.1,        101,       5.05   ,    1.05317
          2,  579,        252,        491,       10.1,        101,       5.05   ,    1.10719
          2,  580,        100,        855,       10.1,        101,       5.05   ,  -0.224758
          2,  581,        397,        855,       10.1,        101,       5.05   ,   0.709359
          2,  582,        187,        453,       10.1,        101,       5.05   ,   -1.56935
          2,  583,        991,        706,       10.1,        101,       5.05   ,    1.39819
          2,  584,        462,         64,       10.1,        101,       5.05   , -0.0728092
          2,  585,         59,        358,       10.1,        101,       5.05   ,    1.50084
          2,  586,        925,        457,       10.1,        101,       5.05   ,  -0.235035
          2,  587,        838,        929,       10.1,        101,       5.05   ,    1.30594
          2,  588,        763,        132,       10.1,        101,       5.05   ,  -0.115447
          2,  589,        796,        940,       10.1,        101,       5.05   ,  -0.877035
          2,  590,        621,        436,       10.1,        101,       5.05   , -0.0392383
          2,  591,        194,        416,       10.1,        101,       5.05   ,   0.919942
          2,  592,        214,        431,       10.1,        101,       5.05   ,   -1.22802
          2,  593,        823,        899,       10.1,        101,       5.05   ,    1.29484
          2,  594,        816,        344,       10.1,        101,       5.05   ,   -1.38669
          2,  595,        578,        911,       10.1,        101,       5.05   ,   0.747632
          2,  596,        734,         66,       10.1,        101,       5.05   ,   0.853503
          2,  597,        791,        588,       10.1,        101,       5.05   ,    1.41757
          2,  598,        487,        430,       10.1,        101,       5.05   ,  -0.733604
          2,  599,        151,        194,       10.1,        101,       5.05   ,    1.08569
          2,  600,        478,        114,       10.1,        101,       5.05   ,   0.592861
          2,  601,        872,         90,       10.1,        101,       5.05   ,  -0.192126
          2,  602,        575,        818,       10.1,        101,       5.05   ,    1.07133
          2,  603,        601,        383,       10.1,        101,       5.05   ,   -0.75714
          2,  604,        134,        604,       10.1,        101,       5.05   ,   0.920963
          2,  605,        361,        959,       10.1,        101,       5.05   ,   0.206163
          2,  606,        752,        747,       10.1,        101,       5.05   ,  -0.481517
          2,  607,        108,        360,       10.1,        101,       5.05   ,   0.244773
          2,  608,        358,        507,       10.1,        101,       5.05   ,  -0.542875
          2,  609,        813,        251,       10.1,        101,       5.05   ,   -1.12897
          2,  610,        756,        491,       10.1,        101,       5.05   ,  -0.871683
          2,  611,        127,        987,       10.1,        101,       5.05   ,  -0.559351
          2,  612,        201,        951,       10.1,        101,       5.05   ,   -1.03467
          2,  613,        267,        311,       10.1,        101,       5.05   ,   -1.33649
          2,  614,        612,        351,       10.1,        101,       5.05   ,  0.0416254
          2,  615,         27,        944,       10.1,        101,       5.05   ,  -0.219792
          2,  616,        826,        461,       10.1,        101,       5.05   ,   0.273915
          2,  617,        802,        556,       10.1,        101,       5.05   ,  -0.713483
          2,  618,        735,         43,       10.1,        101,       5.05   ,    1.21668
          2,  619,        824,        262,       10.1,        101,       5.05   ,   -0.76299
          2,  620,        949,        283,       10.1,        101,       5.05   ,    1.37725
          2,  621,        633,        371,       10.1,        101,       5.05   ,   -1.50877
          2,  622,        961,        686,       10.1,        101,       5.05   ,    1.06604
          2,  623,        258,        562,       10.1,        101,       5.05   ,   0.673073
          2,  624,        189,        969,       10.1,        101,       5.05   ,  -0.991142
          2,  625,        381,        706,       10.1,        101,       5.05   ,   0.353074
          2,  626,        675,         89,       10.1,        101,       5.05   ,   -1.33405
          2,  627,        549,        685,       10.1,        101,       5.05   ,  -0.963641
          2,  628,        544,         56,       10.1,        101,       5.05   ,  -0.423066
          2,  629,        410,        232,       10.1,        101,       5.05   ,    1.28935
          2,  630,        534,        897,       10.1,        101,       5.05   ,    0.79835
          2,  631,        182,        338,       10.1,        101,       5.05   ,    1.27829
          2,  632,        646,        220,       10.1,        101,       5.05   ,     1.4811
          2,  633,        352,        510,       10.1,        101,       5.05   ,   -1.28587
          2,  634,        604,        770,       10.1,        101,       5.05   ,  -0.721632
          2,  635,        145,        592,       10.1,        101,       5.05   ,    1.09907
          2,  636,        351,        260,       10.1,        101,       5.05   ,    1.19348
          2,  637,        190,        787,       10.1,        101,       5.05   ,  -0.235667
          2,  638,        653,        637,       10.1,        101,       5.05   ,   -0.37651
          2,  639,        710,        228,       10.1,        101,       5.05   ,  -0.405972
          2,  640,         30,        846,       10.1,        101,       5.05   ,   0.391591
          2,  641,        196,        298,       10.1,        101,       5.05   ,   0.450372
          2,  642,         57,        217,       10.1,        101,       5.05   ,     1.0061
          2,  643,        841,        414,       10.1,        101,       5.05   ,   -0.54268
          2,  644,         99,        163,       10.1,        101,       5.05   ,   0.253264
          2,  645,        220,        462,       10.1,        101,       5.05   ,   -1.06251
          2,  646,        956,        508,       10.1,        101,       5.05   ,    1.38601
          2,  647,         27,        135,       10.1,        101,       5.05   ,     1.4299
          2,  648,        659,         65,       10.1,        101,       5.05   ,     1.2009
          2,  649,        374,        381,       10.1,        101,       5.05   ,   -1.52337
          2,  650,        793,        754,       10.1,        101,       5.05   ,  0.0505688
          2,  651,        605,        712,       10.1,        101,       5.05   ,   0.820053
          2,  652,        217,        505,       10.1,        101,       5.05   ,   -1.46631
          2,  653,        681,        910,       10.1,        101,       5.05   ,    1.10196
          2,  654,        147,        278,       10.1,        101,       5.05   ,   0.649945
          2,  655,        670,        817,       10.1,        101,       5.05   , -0.0575869
          2,  656,        288,        761,       10.1,        101,       5.05   ,   0.637407
          2,  657,        717,        604,       10.1,        101,       5.05   , -0.0250942
          2,  658,        182,        537,       10.1,        101,       5.05   ,    1.10886
          2,  659,        732,        748,       10.1,        101,       5.05   ,   0.687734
          2,  660,        385,        794,       10.1,        101,       5.05   ,   -1.27922
          2,  661,        748,        846,       10.1,        101,       5.05   ,  0.0844887
          2,  662,        223,        186,       10.1,        101,       5.05   ,  -0.629342
          2,  663,        662,        871,       10.1,        101,       5.05   ,     1.0409
          2,  664,         23,        608,       10.1,        101,       5.05   ,   0.452599
          2,  665,        371,        710,       10.1,        101,       5.05   ,    1.07394
          2,  666,        614,        261,       10.1,        101,       5.05   ,   -1.23089
          2,  667,        598,        815,       10.1,        101,       5.05   ,    1.29866
          2,  668,        807,        737,       10.1,        101,       5.05   ,  -0.260123
          2,  669,        287,        213,       10.1,        101,       5.05   ,    1.49959
          2,  670,        437,        962,       10.1,        101,       5.05   ,  -0.034452
          2,  671,        565,        532,       10.1,        101,       5.05   ,  -0.179314
          2,  672,        352,         76,       10.1,        101,       5.05   ,   0.135335
          2,  673,        705,        956,       10.1,        101,       5.05   ,   0.357846
          2,  674,        266,        394,       10.1,        101,       5.05   ,   0.592368
          2,  675,        189,        201,       10.1,        101,       5.05   ,   0.528523
          2,  676,        708,        525,       10.1,        101,       5.05   ,   0.819377
          2,  677,        229,        835,       10.1,        101,       5.05   ,  -0.306722
          2,  678,        365,        664,       10.1,        101,       5.05   ,   0.823196
          2,  679,        437,        534,       10.1,        101,       5.05   ,  -0.727411
          2,  680,        462,        721,       10.1,        101,       5.05   ,    1.32686
          2,  681,        192,         46,       10.1,        101,       5.05   ,   -0.44501
          2,  682,        238,        802,       10.1,        101,       5.05   ,   0.433081
          2,  683,        756,        398,       10.1,        101,       5.05   ,  0.0579318
          2,  684,        700,        966,       10.1,        101,       5.05   ,  -0.218302
          2,  685,        364,        405,       10.1,        101,       5.05   ,    0.66645
          2,  686,        946,        522,       10.1,        101,       5.05   ,   -1.54872
          2,  687,        102,         33,       10.1,        101,       5.05   ,  -0.973081
          2,  688,        398,         12,       10.1,        101,       5.05   ,  -0.400523
          2,  689,        217,        285,       10.1,        101,       5.05   ,   0.401803
          2,  690,        370,        669,       10.1,        101,       5.05   ,   -1.15143
          2,  691,        195,        832,       10.1,        101,       5.05   ,   0.454525
          2,  692,        534,        427,       10.1,        101,       5.05   ,    1.04638
          2,  693,        606,        494,       10.1,        101,       5.05   ,   -0.96911
          2,  694,        132,        795,       10.1,        101,       5.05   ,    1.10673
          2,  695,        241,        754,       10.1,        101,       5.05   , -0.0688742
          2,  696,        181,        453,       10.1,        101,       5.05   ,   0.792102
          2,  697,        729,        531,       10.1,        101,       5.05   ,   -1.21358
          2,  698,         74,        631,       10.1,        101,       5.05   ,   -1.29899
          2,  699,         45,        266,       10.1,        101,       5.05   ,   0.836205
          2,  700,        701,        878,       10.1,        101,       5.05   ,   -1.11627
          2,  701,        153,         33,       10.1,        101,       5.05   ,    1.01505
          2,  702,        839,        602,       10.1,        101,       5.05   ,  -0.369562
          2,  703,        914,        738,       10.1,        101,       5.05   ,  -0.655209
          2,  704,        856,        575,       10.1,        101,       5.05   ,   0.923507
          2,  705,        151,        159,       10.1,        101,       5.05   ,   -1.23215
          2,  706,         67,        278,       10.1,        101,       5.05   ,   -1.45587
          2,  707,        830,        149,       10.1,        101,       5.05   ,   0.781137
          2,  708,         54,         79,       10.1,        101,       5.05   ,   -1.03163
          2,  709,        947,        458,       10.1,        101,       5.05   ,  -0.152646
          2,  710,        342,        595,       10.1,        101,       5.05   ,    1.05307
          2,  711,         64,        967,       10.1,        101,       5.05   ,  -0.395434
          2,  712,        382,        285,       10.1,        101,       5.05   ,   -1.23728
          2,  713,        307,        641,       10.1,        101,       5.05   ,    1.10981
          2,  714,        887,        268,       10.1,        101,       5.05   ,    1.24449
          2,  715,        915,        859,       10.1,        101,       5.05   ,    1.37125
          2,  716,         26,        606,       10.1,        101,       5.05   ,  -0.166931
          2,  717,        105,        862,       10.1,        101,       5.05   ,   -1.16932
          2,  718,        320,        525,       10.1,        101,       5.05   ,   -1.53498
          2,  719,        214,        476,       10.1,        101,       5.05   ,   -1.33121
          2,  720,        387,        217,       10.1,        101,       5.05   ,    1.10886
          2,  721,        196,        981,       10.1,        101,       5.05   ,  -0.884667
          2,  722,        875,        560,       10.1,        101,       5.05   ,   0.399932
          2,  723,        507,        429,       10.1,        101,       5.05   ,    1.05466
          2,  724,        805,        428,       10.1,        101,       5.05   ,   -0.63145
          2,  725,        207,        278,       10.1,        101,       5.05   ,   -1.16469
          2,  726,        644,        767,       10.1,        101,       5.05   ,  -0.557102
          2,  727,        833,        546,       10.1,        101,       5.05   ,    1.22514
          2,  728,        609,         87,       10.1,        101,       5.05   ,   0.650915
          2,  729,        880,        602,       10.1,        101,       5.05   ,  -0.185429
          2,  730,        421,        256,       10.1,        101,       5.05   ,     1.5481
          2,  731,        931,        510,       10.1,        101,       5.05   ,   0.606129
          2,  732,        533,         47,       10.1,        101,       5.05   ,   -1.42053
          2,  733,        662,        135,       10.1,        101,       5.05   ,    1.47758
          2,  734,        644,        185,       10.1,        101,       5.05   ,  -0.643833
          2,  735,        992,        464,       10.1,        101,       5.05   ,   0.734691
          2,  736,        435,        479,       10.1,        101,       5.05   ,   -1.22321
          2,  737,        389,        476,       10.1,        101,       5.05   ,   0.565396
          2,  738,        750,        140,       10.1,        101,       5.05   ,   -1.00961
          2,  739,        919,        149,       10.1,        101,       5.05   ,    1.51394
          2,  740,        293,        811,       10.1,        101,       5.05   ,   -1.29934
          2,  741,        364,        248,       10.1,        101,       5.05   ,  -0.221981
          2,  742,        450,        929,       10.1,        101,       5.05   ,   -1.39108
          2,  743,        165,        797,       10.1,        101,       5.05   ,    1.14407
          2,  744,        917,         95,       10.1,        101,       5.05   ,   0.941714
          2,  745,        754,        574,       10.1,        101,       5.05   , 0.00254053
          2,  746,        532,        889,       10.1,        101,       5.05   ,  -0.332965
          2,  747,        782,        243,       10.1,        101,       5.05   ,  -0.359061
          2,  748,        104,        359,       10.1,        101,       5.05   ,  -0.311489
          2,  749,        193,        381,       10.1,        101,       5.05   ,  0.0477473
          2,  750,        298,        947,       10.1,        101,       5.05   ,   0.124756
          2,  751,        197,        581,       10.1,        101,       5.05   ,     1.3369
          2,  752,        468,        444,       10.1,        101,       5.05   ,   -1.28611
          2,  753,        757,         52,       10.1,        101,       5.05   ,  -0.890095
          2,  754,        771,        334,       10.1,        101,       5.05   ,   -1.46294
          2,  755,        477,        694,       10.1,        101,       5.05   ,   -1.13901
          2,  756,        997,         88,       10.1,        101,       5.05   ,  -0.060467
          2,  757,        511,        402,       10.1,        101,       5.05   ,   -1.37713
          2,  758,        596,        603,       10.1,        101,       5.05   ,   -1.23209
          2,  759,        500,        587,       10.1,        101,       5.05   ,    1.41786
          2,  760,        616,        558,       10.1,        101,       5.05   ,    1.55224
          2,  761,        456,        103,       10.1,        101,       5.05   ,   -1.54062
          2,  762,        313,        300,       10.1,        101,       5.05   ,  -0.292888
          2,  763,        202,        736,       10.1,        101,       5.05   ,   -1.45553
          2,  764,        392,        540,       10.1,        101,       5.05   ,   0.125355
          2,  765,        481,        448,       10.1,        101,       5.05   ,    1.36074
          2,  766,        733,        254,       10.1,        101,       5.05   ,   0.861654
          2,  767,        167,        631,       10.1,        101,       5.05   ,   0.272987
          2,  768,        612,        769,       10.1,        101,       5.05   ,  -0.326318
          2,  769,        415,        896,       10.1,        101,       5.05   ,  -0.110423
          2,  770,        462,        268,       10.1,        101,       5.05   ,   -1.11268
          2,  771,        215,         82,       10.1,        101,       5.05   ,    1.31303
          2,  772,        228,        952,       10.1,        101,       5.05   ,    1.38732
          2,  773,        411,        665,       10.1,        101,       5.05   ,   -1.01553
          2,  774,        994,         83,       10.1,        101,       5.05   ,     1.2759
          2,  775,        845,        125,       10.1,        101,       5.05   ,   -1.08482
          2,  776,        802,        577,       10.1,        101,       5.05   ,   -1.00354
          2,  777,        147,        657,       10.1,        101,       5.05   ,    1.31814
          2,  778,        150,        343,       10.1,        101,       5.05   ,   -1.00231
          2,  779,        772,         16,       10.1,        101,       5.05   ,  -0.709985
          2,  780,        871,        543,       10.1,        101,       5.05   ,    0.55918
          2,  781,        425,        930,       10.1,        101,       5.05   ,   -1.10391
          2,  782,        582,        550,       10.1,        101,       5.05   ,   0.350496
          2,  783,        101,        643,       10.1,        101,       5.05   ,   0.181247
          2,  784,         23,        534,       10.1,        101,       5.05   ,  -0.144455
          2,  785,        378,        272,       10.1,        101,       5.05   ,   -1.01474
          2,  786,        271,        416,       10.1,        101,       5.05   ,   0.156198
          2,  787,        325,        504,       10.1,        101,       5.05   ,   0.283249
          2,  788,        372,        167,       10.1,        101,       5.05   ,  -0.527348
          2,  789,        740,        484,       10.1,        101,       5.05   ,  -0.807439
          2,  790,         57,        935,       10.1,        101,       5.05   ,   0.919292
          2,  791,        586,        715,       10.1,        101,       5.05   ,    1.02111
          2,  792,        173,         42,       10.1,        101,       5.05   ,   0.897562
          2,  793,        409,        559,       10.1,        101,       5.05   ,   0.915926
          2,  794,        969,         56,       10.1,        101,       5.05   ,   0.852871
          2,  795,        218,        230,       10.1,        101,       5.05   ,    1.17704
          2,  796,        904,        259,       10.1,        101,       5.05   ,   0.874008
          2,  797,        219,        207,       10.1,        101,       5.05   ,      1.442
          2,  798,         60,        234,       10.1,        101,       5.05   ,  -0.935891
          2,  799,        578,        936,       10.1,        101,       5.05   ,  -0.788312
          2,  800,         33,        860,       10.1,        101,       5.05   ,     1.0718
          2,  801,        686,        160,       10.1,        101,       5.05   ,  -0.725189
          2,  802,        107,        599,       10.1,        101,       5.05   ,  -0.578925
          2,  803,        793,         28,       10.1,        101,       5.05   ,   0.266276
          2,  804,        656,        796,       10.1,        101,       5.05   ,   -1.43135
          2,  805,        498,        423,       10.1,        101,       5.05   ,   0.496142
          2,  806,        641,        512,       10.1,        101,       5.05   ,  -0.205852
          2,  807,        296,        380,       10.1,        101,       5.05   ,  -0.499945
          2,  808,        602,        811,       10.1,        101,       5.05   ,   -1.30796
          2,  809,        348,        258,       10.1,        101,       5.05   ,   0.530088
          2,  810,        391,        338,       10.1,        101,       5.05   ,  -0.657927
          2,  811,        171,        478,       10.1,        101,       5.05   ,   0.542337
          2,  812,        110,        205,       10.1,        101,       5.05   ,   -1.52847
          2,  813,        936,        988,       10.1,        101,       5.05   ,   0.585816
          2,  814,        934,        346,       10.1,        101,       5.05   ,  -0.738961
          2,  815,        516,        168,       10.1,        101,       5.05   ,  -0.822548
          2,  816,         94,        810,       10.1,        101,       5.05   ,   0.578888
          2,  817,         59,        411,       10.1,        101,       5.05   ,  -0.903999
          2,  818,        851,         29,       10.1,        101,       5.05   ,    1.24807
------------------------------------------------------------------------------
Component[2] Total Sloped Parallelepiped = 818