Component 1 maximum area=0.426504 [on 1000x1000]
Component type: Ellipse
---------------------------------------------------------------------------------------
--------------|------- Center-----|----- dimensions---------|----------------------
component| id|    X       |     Y      |  Width/a     | height/b |   hoop   |   Slope   
---------------------------------------------------------------------------------------
          1,    1,        321,        918,       50.5,       50.5,      2.525   ,   0.862664
          1,    2,         55,        640,       50.5,       50.5,      2.525   ,   0.453626
          1,    3,        983,        312,       50.5,       50.5,      2.525   ,  -0.330413
          1,    4,        736,        643,       50.5,       50.5,      2.525   ,   0.751214
          1,    5,         40,        636,       50.5,       50.5,      2.525   ,   0.236298
          1,    6,         55,        538,       50.5,       50.5,      2.525   ,   0.475331
          1,    7,        994,        118,       50.5,       50.5,      2.525   ,   -1.44631
          1,    8,        872,        602,       50.5,       50.5,      2.525   ,    -1.1244
          1,    9,        854,        219,       50.5,       50.5,      2.525   ,   0.774594
          1,   10,        704,        768,       50.5,       50.5,      2.525   ,   -1.02847
          1,   11,        755,        445,       50.5,       50.5,      2.525   ,     1.2636
          1,   12,         26,        275,       50.5,       50.5,      2.525   ,   -1.05738
          1,   13,         22,        595,       50.5,       50.5,      2.525   ,   -1.10932
          1,   14,        216,        502,       50.5,       50.5,      2.525   ,-0.00275585
          1,   15,        289,        563,       50.5,       50.5,      2.525   ,    1.18765
          1,   16,        893,        546,       50.5,       50.5,      2.525   ,  -0.373832
          1,   17,        322,        348,       50.5,       50.5,      2.525   ,  -0.667106
          1,   18,        389,        134,       50.5,       50.5,      2.525   , -0.0546456
          1,   19,        621,        585,       50.5,       50.5,      2.525   ,   0.980331
          1,   20,         18,         77,       50.5,       50.5,      2.525   ,  -0.753882
          1,   21,        695,        316,       50.5,       50.5,      2.525   ,   -1.21323
          1,   22,        791,        138,       50.5,       50.5,      2.525   ,   0.684331
          1,   23,        408,        141,       50.5,       50.5,      2.525   ,    1.41982
          1,   24,        765,        566,       50.5,       50.5,      2.525   ,  -0.560601
          1,   25,        526,        851,       50.5,       50.5,      2.525   ,  -0.127993
          1,   26,        296,         56,       50.5,       50.5,      2.525   ,    1.01446
          1,   27,        430,        436,       50.5,       50.5,      2.525   ,    1.43022
          1,   28,         89,        939,       50.5,       50.5,      2.525   ,   0.663805
          1,   29,        499,        201,       50.5,       50.5,      2.525   ,   -1.31341
          1,   30,        516,        381,       50.5,       50.5,      2.525   ,  -0.812749
          1,   31,        121,        752,       50.5,       50.5,      2.525   ,   0.484245
          1,   32,        249,        755,       50.5,       50.5,      2.525   ,    1.07856
          1,   33,        359,        105,       50.5,       50.5,      2.525   , -0.0738239
          1,   34,        670,        316,       50.5,       50.5,      2.525   ,  -0.774518
          1,   35,        833,        899,       50.5,       50.5,      2.525   ,    1.41484
          1,   36,        711,        520,       50.5,       50.5,      2.525   ,   -1.47544
          1,   37,        415,        700,       50.5,       50.5,      2.525   ,-0.00994301
          1,   38,        616,        384,       50.5,       50.5,      2.525   ,   0.251994
          1,   39,        392,        207,       50.5,       50.5,      2.525   ,   0.913815
          1,   40,        322,        648,       50.5,       50.5,      2.525   , -0.0227796
          1,   41,        910,        146,       50.5,       50.5,      2.525   ,    1.56824
          1,   42,        788,        350,       50.5,       50.5,      2.525   ,    1.27792
          1,   43,        189,        954,       50.5,       50.5,      2.525   ,    1.19835
          1,   44,        222,        354,       50.5,       50.5,      2.525   ,  -0.387942
          1,   45,        585,         67,       50.5,       50.5,      2.525   ,  -0.904094
          1,   46,        188,        889,       50.5,       50.5,      2.525   ,  -0.406708
          1,   47,        666,         91,       50.5,       50.5,      2.525   , -0.0272757
          1,   48,        309,        639,       50.5,       50.5,      2.525   ,    1.24811
          1,   49,        851,        183,       50.5,       50.5,      2.525   ,    1.29258
          1,   50,        962,        545,       50.5,       50.5,      2.525   ,  -0.269171
          1,   51,        154,        189,       50.5,       50.5,      2.525   , 0.00630008
          1,   52,        138,        144,       50.5,       50.5,      2.525   ,  -0.435815
          1,   53,        778,        528,       50.5,       50.5,      2.525   ,   -1.00434
          1,   54,        843,        334,       50.5,       50.5,      2.525   ,    1.33746
          1,   55,        144,        511,       50.5,       50.5,      2.525   ,   0.661179
          1,   56,        542,        158,       50.5,       50.5,      2.525   ,    1.52687
          1,   57,        338,         65,       50.5,       50.5,      2.525   ,    -1.4601
          1,   58,        855,        886,       50.5,       50.5,      2.525   ,   -1.52937
          1,   59,        760,        287,       50.5,       50.5,      2.525   ,   -1.26839
          1,   60,         19,        526,       50.5,       50.5,      2.525   ,   -1.44781
          1,   61,         49,        950,       50.5,       50.5,      2.525   ,   -1.24315
          1,   62,        264,        819,       50.5,       50.5,      2.525   ,  -0.705653
          1,   63,        589,        717,       50.5,       50.5,      2.525   ,   -0.95098
          1,   64,        639,        562,       50.5,       50.5,      2.525   ,  -0.556106
          1,   65,        613,        864,       50.5,       50.5,      2.525   ,  -0.862133
          1,   66,        615,        890,       50.5,       50.5,      2.525   ,   0.656505
          1,   67,        418,        449,       50.5,       50.5,      2.525   ,   -1.22918
          1,   68,         42,        454,       50.5,       50.5,      2.525   ,   -1.13993
          1,   69,        975,        475,       50.5,       50.5,      2.525   ,   0.982156
          1,   70,        958,        191,       50.5,       50.5,      2.525   ,   0.556651
------------------------------------------------------------------------------
Component[1] Total Ellipsoids = 70