Component 2 maximum area=0.316541 [on 1000x1000]
Component type: Sloped rectangle
---------------------------------------------------------------------------------------
--------------|------- Center-----|----- dimensions---------|----------------------
component| id|    X       |     Y      |  Width/a     | height/b |   hoop   |   Slope   
---------------------------------------------------------------------------------------
          2,    1,        286,        367,       10.1,        101,       5.05   ,   0.362716
          2,    2,        184,        657,       10.1,        101,       5.05   ,    1.56764
          2,    3,        107,        543,       10.1,        101,       5.05   ,  -0.236874
          2,    4,        724,        385,       10.1,        101,       5.05   ,   -1.11971
          2,    5,        102,        857,       10.1,        101,       5.05   ,  0.0389852
          2,    6,        890,        406,       10.1,        101,       5.05   ,   -1.06406
          2,    7,        684,        476,       10.1,        101,       5.05   ,   0.923439
          2,    8,        532,        964,       10.1,        101,       5.05   ,  -0.131104
          2,    9,        670,        243,       10.1,        101,       5.05   ,    1.34779
          2,   10,        368,        805,       10.1,        101,       5.05   ,   0.227219
          2,   11,        157,         73,       10.1,        101,       5.05   ,   0.323856
          2,   12,        273,        241,       10.1,        101,       5.05   ,   -1.55312
          2,   13,        606,        565,       10.1,        101,       5.05   ,  -0.110402
          2,   14,        674,        661,       10.1,        101,       5.05   ,  -0.835021
          2,   15,          7,        675,       10.1,        101,       5.05   ,      1.163
          2,   16,        215,        700,       10.1,        101,       5.05   ,    1.22014
          2,   17,        155,        164,       10.1,        101,       5.05   ,   -1.47761
          2,   18,        534,        395,       10.1,        101,       5.05   ,   0.766967
          2,   19,        740,        453,       10.1,        101,       5.05   ,   0.666501
          2,   20,        173,        881,       10.1,        101,       5.05   ,   0.425006
          2,   21,         39,         91,       10.1,        101,       5.05   ,   0.819203
          2,   22,        986,        466,       10.1,        101,       5.05   ,   -1.02359
          2,   23,        180,        437,       10.1,        101,       5.05   ,   -1.23737
          2,   24,        523,        683,       10.1,        101,       5.05   ,   0.351208
          2,   25,        610,        891,       10.1,        101,       5.05   ,    -1.0275
          2,   26,         99,        476,       10.1,        101,       5.05   ,   0.201621
          2,   27,        880,        296,       10.1,        101,       5.05   ,   0.453804
          2,   28,        102,        572,       10.1,        101,       5.05   ,   0.765691
          2,   29,        216,        669,       10.1,        101,       5.05   ,   -1.40651
          2,   30,        973,          6,       10.1,        101,       5.05   ,  -0.220413
          2,   31,        229,        224,       10.1,        101,       5.05   ,   -1.41859
          2,   32,        872,        155,       10.1,        101,       5.05   ,  -0.100768
          2,   33,        783,        174,       10.1,        101,       5.05   ,   0.968653
          2,   34,        553,        907,       10.1,        101,       5.05   ,    0.43769
          2,   35,         28,        155,       10.1,        101,       5.05   ,    0.71861
          2,   36,         93,        908,       10.1,        101,       5.05   ,    1.33786
          2,   37,        776,         16,       10.1,        101,       5.05   ,  -0.984123
          2,   38,        523,        534,       10.1,        101,       5.05   ,     1.1146
          2,   39,        401,        893,       10.1,        101,       5.05   ,  -0.953103
          2,   40,        924,         90,       10.1,        101,       5.05   ,  -0.205264
          2,   41,        190,        380,       10.1,        101,       5.05   ,    1.05675
          2,   42,        188,        250,       10.1,        101,       5.05   ,   0.982476
          2,   43,        898,        534,       10.1,        101,       5.05   , -0.0933719
          2,   44,        187,        246,       10.1,        101,       5.05   ,   -1.37653
          2,   45,        199,         52,       10.1,        101,       5.05   ,  -0.701716
          2,   46,        311,        643,       10.1,        101,       5.05   ,  -0.515794
          2,   47,        302,        434,       10.1,        101,       5.05   ,   0.427269
          2,   48,        960,        171,       10.1,        101,       5.05   ,   -1.45181
          2,   49,        551,        792,       10.1,        101,       5.05   ,   0.516368
          2,   50,         35,        960,       10.1,        101,       5.05   ,   0.541731
          2,   51,        465,        241,       10.1,        101,       5.05   ,  -0.812454
          2,   52,        812,        246,       10.1,        101,       5.05   ,  -0.398065
          2,   53,        966,        272,       10.1,        101,       5.05   ,    1.17021
          2,   54,        230,        124,       10.1,        101,       5.05   ,  -0.222574
          2,   55,         91,        503,       10.1,        101,       5.05   ,    0.40901
          2,   56,        878,        697,       10.1,        101,       5.05   ,    1.24506
          2,   57,        648,        743,       10.1,        101,       5.05   ,  -0.319979
          2,   58,        265,        505,       10.1,        101,       5.05   ,  -0.535517
          2,   59,        377,        156,       10.1,        101,       5.05   , -0.0305875
          2,   60,        832,        224,       10.1,        101,       5.05   ,  -0.741003
          2,   61,        688,        642,       10.1,        101,       5.05   ,   0.300313
          2,   62,        588,        636,       10.1,        101,       5.05   ,    1.06898
          2,   63,        440,        971,       10.1,        101,       5.05   , -0.0447595
          2,   64,        838,        927,       10.1,        101,       5.05   ,   0.433438
          2,   65,        822,        267,       10.1,        101,       5.05   ,   0.563923
          2,   66,        441,        271,       10.1,        101,       5.05   ,  -0.515764
          2,   67,        508,        945,       10.1,        101,       5.05   ,   0.352827
          2,   68,        724,        435,       10.1,        101,       5.05   ,  0.0711069
          2,   69,        905,        870,       10.1,        101,       5.05   ,   0.793168
          2,   70,        418,        624,       10.1,        101,       5.05   ,   0.302608
          2,   71,        318,        443,       10.1,        101,       5.05   ,    1.49442
          2,   72,        939,        778,       10.1,        101,       5.05   ,   0.665472
          2,   73,        286,        464,       10.1,        101,       5.05   ,    1.40954
          2,   74,        337,        995,       10.1,        101,       5.05   ,    1.14602
          2,   75,        593,        384,       10.1,        101,       5.05   ,  -0.290897
          2,   76,         25,        333,       10.1,        101,       5.05   ,  -0.981107
          2,   77,        183,        576,       10.1,        101,       5.05   ,   -1.40905
          2,   78,        254,        964,       10.1,        101,       5.05   ,   -1.45309
          2,   79,        290,        102,       10.1,        101,       5.05   ,  -0.162601
          2,   80,        671,        859,       10.1,        101,       5.05   ,    -1.2428
          2,   81,        555,        754,       10.1,        101,       5.05   ,   0.911722
          2,   82,         49,        357,       10.1,        101,       5.05   ,  -0.083927
          2,   83,        464,        626,       10.1,        101,       5.05   ,    1.15886
          2,   84,        367,        859,       10.1,        101,       5.05   ,   0.879949
          2,   85,        177,        796,       10.1,        101,       5.05   ,   0.758411
          2,   86,        960,        685,       10.1,        101,       5.05   ,  -0.567184
          2,   87,        197,        663,       10.1,        101,       5.05   ,  -0.763466
          2,   88,        478,        635,       10.1,        101,       5.05   ,  -0.565019
          2,   89,        199,        638,       10.1,        101,       5.05   ,   0.948546
          2,   90,        831,        901,       10.1,        101,       5.05   ,   0.346544
          2,   91,        158,        116,       10.1,        101,       5.05   , -0.0230158
          2,   92,        183,        927,       10.1,        101,       5.05   ,   0.377375
          2,   93,        540,        799,       10.1,        101,       5.05   ,    1.41835
          2,   94,        459,        403,       10.1,        101,       5.05   ,   -1.11565
          2,   95,        172,        495,       10.1,        101,       5.05   ,   -1.12857
          2,   96,        782,        287,       10.1,        101,       5.05   ,    1.15662
          2,   97,         60,        354,       10.1,        101,       5.05   ,  -0.595241
          2,   98,         44,        776,       10.1,        101,       5.05   ,    1.10243
          2,   99,        919,        865,       10.1,        101,       5.05   ,   0.562819
          2,  100,        949,        440,       10.1,        101,       5.05   ,  -0.139841
          2,  101,        573,        437,       10.1,        101,       5.05   ,   -1.33025
          2,  102,        549,        908,       10.1,        101,       5.05   ,   -1.15379
          2,  103,        664,        619,       10.1,        101,       5.05   ,   0.824727
          2,  104,        254,        458,       10.1,        101,       5.05   ,    1.22956
          2,  105,        113,        430,       10.1,        101,       5.05   ,  -0.556965
          2,  106,         71,        236,       10.1,        101,       5.05   ,   -1.33017
          2,  107,        145,        652,       10.1,        101,       5.05   ,   0.273685
          2,  108,        838,        451,       10.1,        101,       5.05   ,  -0.634639
          2,  109,        204,        175,       10.1,        101,       5.05   ,   -1.37386
          2,  110,        311,        758,       10.1,        101,       5.05   ,   0.739887
          2,  111,        858,        727,       10.1,        101,       5.05   ,   0.261981
          2,  112,        742,        686,       10.1,        101,       5.05   ,   0.204771
          2,  113,        945,        602,       10.1,        101,       5.05   ,   0.704818
          2,  114,        807,        213,       10.1,        101,       5.05   ,    1.52511
          2,  115,        356,        760,       10.1,        101,       5.05   ,   0.540048
          2,  116,        534,        735,       10.1,        101,       5.05   ,   -1.37481
          2,  117,        650,        486,       10.1,        101,       5.05   ,   -1.51672
          2,  118,        830,        274,       10.1,        101,       5.05   ,   0.213546
          2,  119,        263,         82,       10.1,        101,       5.05   ,   -1.30365
          2,  120,        261,        574,       10.1,        101,       5.05   ,   0.867408
          2,  121,        526,        371,       10.1,        101,       5.05   ,   0.288352
          2,  122,        301,        183,       10.1,        101,       5.05   ,   -1.13034
          2,  123,        341,        763,       10.1,        101,       5.05   ,    1.49918
          2,  124,        585,        239,       10.1,        101,       5.05   ,  -0.495481
          2,  125,        482,         62,       10.1,        101,       5.05   ,   0.106296
          2,  126,        103,        491,       10.1,        101,       5.05   ,      1.278
          2,  127,        736,        803,       10.1,        101,       5.05   ,     1.5194
          2,  128,        618,        816,       10.1,        101,       5.05   ,-0.00326896
          2,  129,        514,        463,       10.1,        101,       5.05   ,   0.381224
          2,  130,        358,        736,       10.1,        101,       5.05   ,   -1.27375
          2,  131,        789,        840,       10.1,        101,       5.05   ,  -0.810063
          2,  132,        230,        856,       10.1,        101,       5.05   ,    1.52149
          2,  133,        643,        313,       10.1,        101,       5.05   ,    1.22762
          2,  134,        784,        970,       10.1,        101,       5.05   ,   -1.30716
          2,  135,        208,        910,       10.1,        101,       5.05   ,   0.513066
          2,  136,        594,        345,       10.1,        101,       5.05   ,   -1.17199
          2,  137,        189,        239,       10.1,        101,       5.05   ,  -0.299094
          2,  138,        720,        524,       10.1,        101,       5.05   ,   -1.22281
          2,  139,        917,        704,       10.1,        101,       5.05   ,    1.11058
          2,  140,        519,        496,       10.1,        101,       5.05   ,   0.547644
          2,  141,        496,        476,       10.1,        101,       5.05   ,    1.54003
          2,  142,         10,        642,       10.1,        101,       5.05   ,  -0.342801
          2,  143,        937,        726,       10.1,        101,       5.05   ,    1.44036
          2,  144,        697,          2,       10.1,        101,       5.05   ,   0.638115
          2,  145,        909,        220,       10.1,        101,       5.05   ,   0.568364
          2,  146,        430,         29,       10.1,        101,       5.05   ,   0.437297
          2,  147,        246,         75,       10.1,        101,       5.05   ,    1.08659
          2,  148,        879,        368,       10.1,        101,       5.05   ,  -0.459973
          2,  149,        935,         43,       10.1,        101,       5.05   ,   0.720161
          2,  150,         45,        361,       10.1,        101,       5.05   ,  -0.732411
          2,  151,        179,        800,       10.1,        101,       5.05   ,  -0.731133
          2,  152,        172,        304,       10.1,        101,       5.05   ,  -0.851333
          2,  153,        356,        352,       10.1,        101,       5.05   ,   0.147146
          2,  154,        632,        195,       10.1,        101,       5.05   ,   0.822519
          2,  155,        748,        633,       10.1,        101,       5.05   ,   -1.00232
          2,  156,        909,        658,       10.1,        101,       5.05   ,   0.756492
          2,  157,        492,        403,       10.1,        101,       5.05   ,   0.951301
          2,  158,        557,        581,       10.1,        101,       5.05   ,    0.23967
          2,  159,        834,        139,       10.1,        101,       5.05   ,  -0.296429
          2,  160,        327,        501,       10.1,        101,       5.05   , -0.0657639
          2,  161,        296,        772,       10.1,        101,       5.05   ,  -0.584831
          2,  162,        560,        114,       10.1,        101,       5.05   ,    1.46473
          2,  163,        265,        894,       10.1,        101,       5.05   ,-0.00147163
          2,  164,        599,        822,       10.1,        101,       5.05   ,  -0.942411
          2,  165,        219,        954,       10.1,        101,       5.05   ,    0.99854
          2,  166,        301,        340,       10.1,        101,       5.05   ,  -0.906353
          2,  167,        948,        420,       10.1,        101,       5.05   ,    0.76994
          2,  168,        538,          6,       10.1,        101,       5.05   ,   0.111791
          2,  169,        352,        240,       10.1,        101,       5.05   ,   0.173737
          2,  170,        981,        277,       10.1,        101,       5.05   ,  -0.626857
          2,  171,        496,        586,       10.1,        101,       5.05   ,   0.414158
          2,  172,        798,        957,       10.1,        101,       5.05   ,   -1.42748
          2,  173,         69,        254,       10.1,        101,       5.05   ,   -1.20256
          2,  174,         54,        150,       10.1,        101,       5.05   ,   -1.26704
          2,  175,          5,        287,       10.1,        101,       5.05   ,  -0.258046
          2,  176,        301,         68,       10.1,        101,       5.05   ,   -1.20292
          2,  177,        570,        311,       10.1,        101,       5.05   ,  0.0728866
          2,  178,         21,        536,       10.1,        101,       5.05   ,    1.26164
          2,  179,        719,        613,       10.1,        101,       5.05   ,   0.875566
          2,  180,        589,        607,       10.1,        101,       5.05   ,  -0.752135
          2,  181,        815,        114,       10.1,        101,       5.05   ,    0.21537
          2,  182,        300,        100,       10.1,        101,       5.05   ,    1.16847
          2,  183,        947,        136,       10.1,        101,       5.05   ,    1.17598
          2,  184,        100,        313,       10.1,        101,       5.05   ,  -0.311635
          2,  185,        935,        370,       10.1,        101,       5.05   ,    1.03531
          2,  186,        162,        217,       10.1,        101,       5.05   ,   0.753027
          2,  187,        884,        376,       10.1,        101,       5.05   ,   -1.38594
          2,  188,        681,        901,       10.1,        101,       5.05   ,  -0.754315
          2,  189,        666,        878,       10.1,        101,       5.05   ,   -1.44218
          2,  190,         38,        639,       10.1,        101,       5.05   ,  0.0573295
          2,  191,        331,        153,       10.1,        101,       5.05   ,    1.38437
          2,  192,        158,        962,       10.1,        101,       5.05   ,    1.46947
          2,  193,        805,        689,       10.1,        101,       5.05   ,   -1.09829
          2,  194,        755,        638,       10.1,        101,       5.05   ,  -0.954362
          2,  195,        752,        591,       10.1,        101,       5.05   ,    0.43058
          2,  196,        243,        805,       10.1,        101,       5.05   ,  -0.782469
          2,  197,         39,        738,       10.1,        101,       5.05   ,  -0.913318
          2,  198,        726,        906,       10.1,        101,       5.05   ,   0.269824
          2,  199,        662,        726,       10.1,        101,       5.05   ,   -1.38353
          2,  200,        832,        372,       10.1,        101,       5.05   ,   0.797252
          2,  201,        358,         92,       10.1,        101,       5.05   ,   -1.12333
          2,  202,        380,        851,       10.1,        101,       5.05   ,    1.08625
          2,  203,        328,        118,       10.1,        101,       5.05   ,    1.08157
          2,  204,        682,          8,       10.1,        101,       5.05   ,  -0.867775
          2,  205,        716,        412,       10.1,        101,       5.05   ,   0.534217
          2,  206,        286,        602,       10.1,        101,       5.05   ,  -0.980572
          2,  207,        768,        794,       10.1,        101,       5.05   ,    1.40673
          2,  208,        283,        103,       10.1,        101,       5.05   ,   0.487074
          2,  209,        826,        218,       10.1,        101,       5.05   ,   0.491994
          2,  210,        367,        690,       10.1,        101,       5.05   ,  -0.688605
          2,  211,        949,        771,       10.1,        101,       5.05   ,    1.44183
          2,  212,        731,        480,       10.1,        101,       5.05   ,    1.12986
          2,  213,        777,         32,       10.1,        101,       5.05   ,   0.813222
          2,  214,        103,        217,       10.1,        101,       5.05   ,   0.222592
          2,  215,        302,         29,       10.1,        101,       5.05   ,  -0.238815
          2,  216,        768,        729,       10.1,        101,       5.05   ,     1.2947
          2,  217,        155,        726,       10.1,        101,       5.05   ,  -0.845297
          2,  218,        982,        743,       10.1,        101,       5.05   ,    1.48103
          2,  219,        154,        596,       10.1,        101,       5.05   ,   0.610199
          2,  220,        182,        606,       10.1,        101,       5.05   ,  -0.840053
          2,  221,        709,        145,       10.1,        101,       5.05   ,   -0.89116
          2,  222,        467,        728,       10.1,        101,       5.05   ,    0.74671
          2,  223,        616,        552,       10.1,        101,       5.05   ,   0.303748
          2,  224,         49,        249,       10.1,        101,       5.05   , -0.0496062
          2,  225,        643,        649,       10.1,        101,       5.05   ,   0.485875
          2,  226,        667,          0,       10.1,        101,       5.05   ,   0.460697
          2,  227,        296,        207,       10.1,        101,       5.05   ,    1.24302
          2,  228,        323,        359,       10.1,        101,       5.05   ,    0.30977
          2,  229,        375,        154,       10.1,        101,       5.05   ,   0.632232
          2,  230,        456,        149,       10.1,        101,       5.05   ,    0.71407
          2,  231,        206,        951,       10.1,        101,       5.05   ,     0.9303
          2,  232,        415,         85,       10.1,        101,       5.05   ,    1.12816
          2,  233,        124,         60,       10.1,        101,       5.05   ,   -1.55301
          2,  234,        442,        872,       10.1,        101,       5.05   ,   -1.55157
          2,  235,        549,        870,       10.1,        101,       5.05   ,  -0.379682
          2,  236,        422,        223,       10.1,        101,       5.05   ,   -1.44204
          2,  237,        171,        929,       10.1,        101,       5.05   ,   -0.59661
          2,  238,        908,        765,       10.1,        101,       5.05   ,   0.306069
          2,  239,        330,        907,       10.1,        101,       5.05   ,   0.182585
          2,  240,        663,        429,       10.1,        101,       5.05   ,   0.903434
          2,  241,        916,        495,       10.1,        101,       5.05   ,   0.349085
          2,  242,        503,        210,       10.1,        101,       5.05   ,  -0.546884
          2,  243,        579,        533,       10.1,        101,       5.05   ,   0.205254
          2,  244,        647,        329,       10.1,        101,       5.05   ,  -0.515677
          2,  245,        680,        325,       10.1,        101,       5.05   ,   -1.16672
          2,  246,        208,        954,       10.1,        101,       5.05   ,    1.24392
          2,  247,        592,        983,       10.1,        101,       5.05   ,   0.945534
          2,  248,        264,        966,       10.1,        101,       5.05   ,    1.39675
          2,  249,        886,        456,       10.1,        101,       5.05   ,   0.301911
          2,  250,        272,        226,       10.1,        101,       5.05   ,  -0.530732
          2,  251,        535,        150,       10.1,        101,       5.05   ,    1.17076
          2,  252,        574,        759,       10.1,        101,       5.05   ,   0.751895
          2,  253,        776,         56,       10.1,        101,       5.05   ,    1.17592
          2,  254,        754,        491,       10.1,        101,       5.05   ,    1.09123
          2,  255,        910,        131,       10.1,        101,       5.05   ,  -0.869563
          2,  256,        579,        413,       10.1,        101,       5.05   ,  -0.751379
          2,  257,        560,        817,       10.1,        101,       5.05   ,   -1.28939
          2,  258,         38,        264,       10.1,        101,       5.05   ,   -1.09643
          2,  259,        518,        955,       10.1,        101,       5.05   ,   -1.05888
          2,  260,         58,        637,       10.1,        101,       5.05   ,    1.21336
          2,  261,        306,        741,       10.1,        101,       5.05   ,   0.790229
          2,  262,        728,        150,       10.1,        101,       5.05   ,   0.761418
          2,  263,         32,        666,       10.1,        101,       5.05   ,   0.648463
          2,  264,        968,        417,       10.1,        101,       5.05   ,   0.199009
          2,  265,        713,         68,       10.1,        101,       5.05   ,    1.34583
          2,  266,        577,        509,       10.1,        101,       5.05   ,  -0.748529
          2,  267,        383,        105,       10.1,        101,       5.05   ,    1.55508
          2,  268,        118,        613,       10.1,        101,       5.05   ,  -0.948349
          2,  269,        275,        625,       10.1,        101,       5.05   ,   0.357803
          2,  270,         89,        944,       10.1,        101,       5.05   ,   -1.25652
          2,  271,        650,        677,       10.1,        101,       5.05   ,  -0.218016
          2,  272,        278,        571,       10.1,        101,       5.05   ,    1.12956
          2,  273,        740,        828,       10.1,        101,       5.05   ,    1.38524
          2,  274,        867,        848,       10.1,        101,       5.05   ,    1.01188
          2,  275,        762,        896,       10.1,        101,       5.05   ,   0.427835
          2,  276,         82,        911,       10.1,        101,       5.05   ,   0.499308
          2,  277,        424,        660,       10.1,        101,       5.05   ,   0.378771
          2,  278,        914,        632,       10.1,        101,       5.05   ,   0.620522
          2,  279,         35,        795,       10.1,        101,       5.05   ,  -0.733918
          2,  280,        580,        646,       10.1,        101,       5.05   ,  -0.380042
          2,  281,        270,        871,       10.1,        101,       5.05   ,  -0.333542
          2,  282,        851,        668,       10.1,        101,       5.05   ,  -0.358418
          2,  283,        775,        455,       10.1,        101,       5.05   ,   0.667123
          2,  284,        797,        740,       10.1,        101,       5.05   ,    0.73489
          2,  285,        198,        665,       10.1,        101,       5.05   ,   0.128793
          2,  286,        287,        321,       10.1,        101,       5.05   ,   0.567546
          2,  287,        244,        895,       10.1,        101,       5.05   ,  -0.542538
          2,  288,        119,        796,       10.1,        101,       5.05   ,    1.46127
          2,  289,        500,        165,       10.1,        101,       5.05   ,  0.0843108
          2,  290,        829,        119,       10.1,        101,       5.05   ,    1.04062
          2,  291,        556,         95,       10.1,        101,       5.05   ,  -0.219336
          2,  292,        296,        168,       10.1,        101,       5.05   ,  -0.500233
          2,  293,        288,        933,       10.1,        101,       5.05   ,   0.540433
          2,  294,        634,        863,       10.1,        101,       5.05   ,   -1.46572
          2,  295,        331,        219,       10.1,        101,       5.05   ,   0.994339
          2,  296,        600,        579,       10.1,        101,       5.05   ,  -0.815165
          2,  297,        186,        220,       10.1,        101,       5.05   ,  -0.160651
          2,  298,        329,        869,       10.1,        101,       5.05   ,   -1.14271
          2,  299,        653,         44,       10.1,        101,       5.05   ,    1.29632
          2,  300,        765,        358,       10.1,        101,       5.05   ,   0.223244
          2,  301,        493,        671,       10.1,        101,       5.05   ,  -0.647184
          2,  302,        609,        327,       10.1,        101,       5.05   ,     1.5071
          2,  303,        286,        949,       10.1,        101,       5.05   ,   0.935254
          2,  304,        958,        831,       10.1,        101,       5.05   ,  -0.140646
          2,  305,        731,        408,       10.1,        101,       5.05   ,  -0.397591
          2,  306,        656,        280,       10.1,        101,       5.05   ,   0.465174
          2,  307,         58,        938,       10.1,        101,       5.05   ,   -1.51835
          2,  308,        795,        929,       10.1,        101,       5.05   ,  -0.173134
          2,  309,        175,         60,       10.1,        101,       5.05   ,   0.660752
          2,  310,        240,        448,       10.1,        101,       5.05   ,   -1.38252
          2,  311,        165,        458,       10.1,        101,       5.05   ,   -1.47617
          2,  312,        891,        917,       10.1,        101,       5.05   ,    1.14251
          2,  313,        367,        593,       10.1,        101,       5.05   ,   0.924213
          2,  314,         63,        441,       10.1,        101,       5.05   ,   0.471731
          2,  315,        572,        497,       10.1,        101,       5.05   ,  -0.531866
          2,  316,        533,        896,       10.1,        101,       5.05   ,     1.2085
          2,  317,        587,        293,       10.1,        101,       5.05   ,    1.51744
          2,  318,        448,         39,       10.1,        101,       5.05   ,     1.0379
          2,  319,        375,        210,       10.1,        101,       5.05   ,  -0.704999
          2,  320,        401,        248,       10.1,        101,       5.05   ,    1.45663
          2,  321,        933,        388,       10.1,        101,       5.05   ,   0.954754
          2,  322,        835,        450,       10.1,        101,       5.05   ,  -0.301752
          2,  323,        118,        305,       10.1,        101,       5.05   ,   0.526874
          2,  324,        783,        764,       10.1,        101,       5.05   ,  -0.268378
          2,  325,        397,        243,       10.1,        101,       5.05   ,   -1.23862
          2,  326,        302,        888,       10.1,        101,       5.05   ,   -1.17308
          2,  327,        321,        489,       10.1,        101,       5.05   ,  -0.133802
          2,  328,        283,        204,       10.1,        101,       5.05   ,   0.579796
          2,  329,        301,        810,       10.1,        101,       5.05   ,  -0.323779
          2,  330,        880,        472,       10.1,        101,       5.05   ,  -0.785837
          2,  331,        446,        873,       10.1,        101,       5.05   ,   0.703061
          2,  332,         80,        867,       10.1,        101,       5.05   ,    1.03344
          2,  333,        374,         74,       10.1,        101,       5.05   ,   0.637388
          2,  334,        219,        922,       10.1,        101,       5.05   ,  -0.773011
          2,  335,        583,        936,       10.1,        101,       5.05   ,    1.18144
          2,  336,        543,         83,       10.1,        101,       5.05   ,   -1.10399
          2,  337,        217,        939,       10.1,        101,       5.05   ,    0.29299
          2,  338,        428,         39,       10.1,        101,       5.05   ,   0.599446
          2,  339,        396,        430,       10.1,        101,       5.05   ,   0.754861
          2,  340,        461,        190,       10.1,        101,       5.05   ,     1.5019
          2,  341,          2,        420,       10.1,        101,       5.05   ,   -1.50616
          2,  342,        431,        500,       10.1,        101,       5.05   ,    1.47564
          2,  343,        608,        585,       10.1,        101,       5.05   ,  -0.765504
          2,  344,        701,        393,       10.1,        101,       5.05   ,   0.264974
          2,  345,        392,        187,       10.1,        101,       5.05   ,     1.1465
          2,  346,         13,         92,       10.1,        101,       5.05   ,  -0.881158
          2,  347,        228,        152,       10.1,        101,       5.05   ,   0.865283
          2,  348,        733,        631,       10.1,        101,       5.05   ,    1.02619
          2,  349,        469,          9,       10.1,        101,       5.05   ,  -0.859112
          2,  350,        348,        608,       10.1,        101,       5.05   ,   0.425179
          2,  351,         43,        924,       10.1,        101,       5.05   ,   -1.37985
          2,  352,        606,        637,       10.1,        101,       5.05   ,    1.12711
          2,  353,        575,        246,       10.1,        101,       5.05   ,   -0.69007
          2,  354,        764,        275,       10.1,        101,       5.05   ,   -1.07428
          2,  355,         94,        437,       10.1,        101,       5.05   ,    1.04785
          2,  356,        398,        480,       10.1,        101,       5.05   ,  -0.335145
          2,  357,        702,        977,       10.1,        101,       5.05   ,    1.55956
          2,  358,        656,        720,       10.1,        101,       5.05   ,    -1.3582
          2,  359,        100,        832,       10.1,        101,       5.05   ,  -0.371938
          2,  360,        512,         69,       10.1,        101,       5.05   ,    -1.3384
          2,  361,        302,        407,       10.1,        101,       5.05   , -0.0700548
          2,  362,        331,        369,       10.1,        101,       5.05   ,  0.0655021
          2,  363,        139,        297,       10.1,        101,       5.05   ,   -1.13203
          2,  364,        813,        260,       10.1,        101,       5.05   ,   -1.26224
          2,  365,        303,        668,       10.1,        101,       5.05   ,  -0.921969
          2,  366,        341,        583,       10.1,        101,       5.05   ,    1.08425
          2,  367,         33,        321,       10.1,        101,       5.05   ,   -0.82588
          2,  368,        448,        382,       10.1,        101,       5.05   ,  -0.797838
          2,  369,        688,        220,       10.1,        101,       5.05   ,   0.514686
          2,  370,        820,        850,       10.1,        101,       5.05   ,  -0.214659
          2,  371,        600,        842,       10.1,        101,       5.05   ,    1.23511
          2,  372,        878,        435,       10.1,        101,       5.05   ,    1.14316
          2,  373,        916,        431,       10.1,        101,       5.05   ,   -1.45388
          2,  374,        589,        410,       10.1,        101,       5.05   ,   -1.20529
          2,  375,        222,        377,       10.1,        101,       5.05   ,   -1.29961
          2,  376,        419,        739,       10.1,        101,       5.05   ,   -1.48627
          2,  377,         97,        478,       10.1,        101,       5.05   ,   0.973035
          2,  378,        417,        188,       10.1,        101,       5.05   ,   0.752582
          2,  379,         10,        908,       10.1,        101,       5.05   ,   0.179505
          2,  380,        901,        747,       10.1,        101,       5.05   ,  -0.901941
          2,  381,        571,        347,       10.1,        101,       5.05   ,  -0.878089
          2,  382,        870,        538,       10.1,        101,       5.05   ,    1.11116
          2,  383,        742,        370,       10.1,        101,       5.05   ,  -0.720431
          2,  384,        452,        764,       10.1,        101,       5.05   ,   0.845827
          2,  385,        879,        103,       10.1,        101,       5.05   ,     -1.007
          2,  386,        498,        855,       10.1,        101,       5.05   ,   -1.20561
          2,  387,        560,        503,       10.1,        101,       5.05   ,   -1.06071
          2,  388,        602,        380,       10.1,        101,       5.05   ,   -0.40281
          2,  389,        934,        931,       10.1,        101,       5.05   ,   0.440468
          2,  390,        687,        773,       10.1,        101,       5.05   ,  -0.815729
          2,  391,        483,        440,       10.1,        101,       5.05   ,   -1.48948
          2,  392,        563,        450,       10.1,        101,       5.05   ,   0.212115
          2,  393,        958,        139,       10.1,        101,       5.05   ,   0.182443
          2,  394,        938,        884,       10.1,        101,       5.05   ,   0.852934
          2,  395,        176,          4,       10.1,        101,       5.05   ,  -0.937562
          2,  396,         78,        922,       10.1,        101,       5.05   ,    1.26095
          2,  397,        922,        435,       10.1,        101,       5.05   ,  -0.119247
          2,  398,        306,        190,       10.1,        101,       5.05   ,  -0.456609
          2,  399,        854,        383,       10.1,        101,       5.05   ,  -0.897408
          2,  400,        737,        438,       10.1,        101,       5.05   ,  0.0105086
          2,  401,        742,        133,       10.1,        101,       5.05   ,   0.556638
          2,  402,        290,        776,       10.1,        101,       5.05   ,  -0.259089
          2,  403,        447,        569,       10.1,        101,       5.05   ,  -0.451313
          2,  404,        561,        999,       10.1,        101,       5.05   ,    0.56988
          2,  405,        350,        674,       10.1,        101,       5.05   ,   0.637458
          2,  406,         23,        207,       10.1,        101,       5.05   ,   0.509425
          2,  407,        561,        259,       10.1,        101,       5.05   ,   0.284629
          2,  408,        757,        440,       10.1,        101,       5.05   ,   -1.03445
          2,  409,         44,        380,       10.1,        101,       5.05   ,    1.43208
          2,  410,        978,        874,       10.1,        101,       5.05   ,    0.59579
          2,  411,        553,        829,       10.1,        101,       5.05   ,   0.611591
          2,  412,        693,        159,       10.1,        101,       5.05   ,   0.548619
          2,  413,        178,         15,       10.1,        101,       5.05   ,   0.910065
          2,  414,        755,         53,       10.1,        101,       5.05   ,  -0.863493
          2,  415,        744,        665,       10.1,        101,       5.05   ,   0.853091
          2,  416,        936,         48,       10.1,        101,       5.05   ,    1.08373
          2,  417,        483,        785,       10.1,        101,       5.05   , -0.0566366
          2,  418,        881,        225,       10.1,        101,       5.05   ,  -0.134827
          2,  419,         47,        660,       10.1,        101,       5.05   ,   0.525513
          2,  420,         32,        500,       10.1,        101,       5.05   ,   -1.39738
          2,  421,         49,        246,       10.1,        101,       5.05   ,   -1.51111
          2,  422,        493,        702,       10.1,        101,       5.05   ,    1.29696
          2,  423,        601,        220,       10.1,        101,       5.05   ,   0.878562
          2,  424,        583,        829,       10.1,        101,       5.05   ,   0.854747
          2,  425,         23,        904,       10.1,        101,       5.05   ,  0.0184736
          2,  426,        679,         42,       10.1,        101,       5.05   ,  -0.728375
          2,  427,        725,        394,       10.1,        101,       5.05   ,   0.360219
          2,  428,        278,        246,       10.1,        101,       5.05   ,    1.10612
          2,  429,        680,        505,       10.1,        101,       5.05   ,  -0.040675
          2,  430,        500,        806,       10.1,        101,       5.05   ,  -0.529359
          2,  431,        873,        317,       10.1,        101,       5.05   ,   -0.69736
          2,  432,        558,        427,       10.1,        101,       5.05   ,  -0.977934
          2,  433,        485,        998,       10.1,        101,       5.05   ,   -1.42744
          2,  434,        924,        893,       10.1,        101,       5.05   ,  -0.722734
          2,  435,        822,        196,       10.1,        101,       5.05   , -0.0134724
          2,  436,        871,        620,       10.1,        101,       5.05   ,   -1.18705
          2,  437,        224,        195,       10.1,        101,       5.05   ,  -0.831651
          2,  438,        917,        968,       10.1,        101,       5.05   ,  -0.924378
          2,  439,        249,        242,       10.1,        101,       5.05   ,   -1.49427
          2,  440,        725,        631,       10.1,        101,       5.05   ,   -1.42323
          2,  441,        967,        777,       10.1,        101,       5.05   ,   -1.04877
          2,  442,        262,        686,       10.1,        101,       5.05   ,  -0.249461
          2,  443,        827,        756,       10.1,        101,       5.05   ,  -0.897091
          2,  444,        714,        718,       10.1,        101,       5.05   ,  -0.483611
          2,  445,         73,        497,       10.1,        101,       5.05   ,   0.394019
          2,  446,        263,        625,       10.1,        101,       5.05   ,  -0.882429
          2,  447,        936,        624,       10.1,        101,       5.05   ,   -1.26764
          2,  448,        561,        846,       10.1,        101,       5.05   ,    1.22635
          2,  449,        947,        389,       10.1,        101,       5.05   ,   0.564781
          2,  450,        865,        191,       10.1,        101,       5.05   ,     1.0457
          2,  451,        997,        214,       10.1,        101,       5.05   ,   0.762193
          2,  452,        720,        628,       10.1,        101,       5.05   ,  -0.970372
          2,  453,        398,        796,       10.1,        101,       5.05   ,  0.0626498
          2,  454,         73,         41,       10.1,        101,       5.05   ,   0.771745
          2,  455,        731,        315,       10.1,        101,       5.05   ,    1.13231
          2,  456,        436,        767,       10.1,        101,       5.05   ,   0.790833
          2,  457,         64,        174,       10.1,        101,       5.05   ,     1.1856
          2,  458,        632,        722,       10.1,        101,       5.05   ,  -0.380628
          2,  459,        404,        529,       10.1,        101,       5.05   ,  -0.250548
          2,  460,        347,        262,       10.1,        101,       5.05   ,   -1.32442
          2,  461,        627,        699,       10.1,        101,       5.05   ,   -1.14342
          2,  462,        833,        822,       10.1,        101,       5.05   ,  -0.126724
          2,  463,         85,        110,       10.1,        101,       5.05   ,   0.524076
          2,  464,        556,        581,       10.1,        101,       5.05   ,  -0.881352
          2,  465,        139,        646,       10.1,        101,       5.05   ,  -0.211869
          2,  466,        192,        207,       10.1,        101,       5.05   ,   -1.49933
          2,  467,        239,        556,       10.1,        101,       5.05   ,     1.0012
          2,  468,        703,        749,       10.1,        101,       5.05   ,     1.1226
          2,  469,        116,         31,       10.1,        101,       5.05   , -0.0274688
          2,  470,        421,        436,       10.1,        101,       5.05   ,   -1.12469
          2,  471,        217,        895,       10.1,        101,       5.05   ,  -0.875437
          2,  472,        355,         98,       10.1,        101,       5.05   ,   -1.34062
          2,  473,        841,        460,       10.1,        101,       5.05   ,   0.669261
          2,  474,        552,        399,       10.1,        101,       5.05   ,   0.567148
          2,  475,        386,        966,       10.1,        101,       5.05   ,  -0.981382
          2,  476,        427,        771,       10.1,        101,       5.05   ,   -1.40195
          2,  477,        936,        707,       10.1,        101,       5.05   ,  -0.357761
          2,  478,        504,         69,       10.1,        101,       5.05   ,   0.530447
          2,  479,         55,        809,       10.1,        101,       5.05   ,  -0.691754
          2,  480,         41,        914,       10.1,        101,       5.05   , -0.0522885
          2,  481,        287,        580,       10.1,        101,       5.05   ,   -1.45074
          2,  482,        782,        165,       10.1,        101,       5.05   ,  -0.740668
          2,  483,        196,        831,       10.1,        101,       5.05   ,   -1.06229
          2,  484,         84,        591,       10.1,        101,       5.05   ,   -1.11698
          2,  485,        637,        267,       10.1,        101,       5.05   ,    1.16317
          2,  486,        238,        542,       10.1,        101,       5.05   ,   0.457006
          2,  487,        170,        849,       10.1,        101,       5.05   ,   0.247358
          2,  488,        396,        815,       10.1,        101,       5.05   ,    1.23913
          2,  489,        105,        274,       10.1,        101,       5.05   ,   -1.43739
          2,  490,        503,        531,       10.1,        101,       5.05   ,  -0.175542
          2,  491,         81,        603,       10.1,        101,       5.05   ,  -0.599709
          2,  492,        846,         77,       10.1,        101,       5.05   ,   -0.87888
          2,  493,        150,         83,       10.1,        101,       5.05   ,   0.393209
          2,  494,         86,        337,       10.1,        101,       5.05   ,   0.211429
          2,  495,        909,        955,       10.1,        101,       5.05   ,   0.403136
          2,  496,        881,        244,       10.1,        101,       5.05   ,  -0.028742
          2,  497,        558,        167,       10.1,        101,       5.05   ,   0.344734
          2,  498,        722,        875,       10.1,        101,       5.05   ,    1.28973
          2,  499,        850,        239,       10.1,        101,       5.05   ,    1.47772
          2,  500,         96,        982,       10.1,        101,       5.05   ,   -1.37582
          2,  501,        586,        637,       10.1,        101,       5.05   ,   -1.11537
          2,  502,        277,        800,       10.1,        101,       5.05   ,   0.368029
          2,  503,        188,        178,       10.1,        101,       5.05   ,   -0.22495
          2,  504,        795,        251,       10.1,        101,       5.05   ,    -1.0424
          2,  505,        319,        511,       10.1,        101,       5.05   ,   0.896577
          2,  506,        227,        781,       10.1,        101,       5.05   ,    0.78789
          2,  507,        388,        983,       10.1,        101,       5.05   ,    1.42833
          2,  508,        714,        884,       10.1,        101,       5.05   ,  0.0707441
          2,  509,        354,        244,       10.1,        101,       5.05   ,   0.678971
          2,  510,        201,        771,       10.1,        101,       5.05   ,    1.25686
          2,  511,        986,        475,       10.1,        101,       5.05   ,   0.339812
          2,  512,        542,        286,       10.1,        101,       5.05   ,   -1.19257
          2,  513,        900,        863,       10.1,        101,       5.05   ,    1.51867
          2,  514,        562,        960,       10.1,        101,       5.05   ,    1.39727
          2,  515,        545,        174,       10.1,        101,       5.05   ,    1.52443
          2,  516,        431,        882,       10.1,        101,       5.05   ,    1.32723
          2,  517,        101,        338,       10.1,        101,       5.05   ,    1.46702
          2,  518,        102,        584,       10.1,        101,       5.05   ,   -1.53915
          2,  519,        918,        794,       10.1,        101,       5.05   ,   0.556363
          2,  520,        348,        666,       10.1,        101,       5.05   ,   0.422236
          2,  521,        651,        683,       10.1,        101,       5.05   ,    1.03534
          2,  522,        535,        398,       10.1,        101,       5.05   ,   0.335786
          2,  523,        974,        669,       10.1,        101,       5.05   ,    1.22376
          2,  524,        386,        846,       10.1,        101,       5.05   ,   -1.06413
          2,  525,          4,        453,       10.1,        101,       5.05   ,   0.943882
          2,  526,        781,        681,       10.1,        101,       5.05   ,  -0.627088
          2,  527,         93,        520,       10.1,        101,       5.05   ,   0.563644
          2,  528,        467,        348,       10.1,        101,       5.05   ,   0.331965
          2,  529,        435,        447,       10.1,        101,       5.05   ,  -0.685599
          2,  530,        576,        189,       10.1,        101,       5.05   ,  -0.772122
          2,  531,         88,         85,       10.1,        101,       5.05   ,   0.498177
          2,  532,        646,        237,       10.1,        101,       5.05   ,   -1.46811
          2,  533,        401,        426,       10.1,        101,       5.05   ,    1.00554
          2,  534,        397,        157,       10.1,        101,       5.05   ,  -0.321491
          2,  535,        195,        454,       10.1,        101,       5.05   ,   0.367171
          2,  536,        250,        199,       10.1,        101,       5.05   ,    -1.3594
          2,  537,        319,        264,       10.1,        101,       5.05   ,    1.12719
          2,  538,        201,        334,       10.1,        101,       5.05   ,   0.906213
          2,  539,         83,          2,       10.1,        101,       5.05   ,    -1.5443
          2,  540,        807,        556,       10.1,        101,       5.05   ,    1.43984
          2,  541,         19,        268,       10.1,        101,       5.05   ,    1.36927
          2,  542,        767,        522,       10.1,        101,       5.05   ,    1.29485
          2,  543,        442,        256,       10.1,        101,       5.05   ,  -0.679632
          2,  544,         21,         59,       10.1,        101,       5.05   ,  -0.836388
          2,  545,        862,         16,       10.1,        101,       5.05   ,   0.693678
          2,  546,        503,        558,       10.1,        101,       5.05   , 0.00860345
          2,  547,        674,         98,       10.1,        101,       5.05   ,    -1.1789
          2,  548,        796,        464,       10.1,        101,       5.05   ,  -0.643571
          2,  549,        763,        775,       10.1,        101,       5.05   ,    1.44242
          2,  550,        815,        342,       10.1,        101,       5.05   ,  -0.101908
          2,  551,        271,        364,       10.1,        101,       5.05   ,  -0.642141
          2,  552,        575,        494,       10.1,        101,       5.05   ,    1.26005
          2,  553,        978,        734,       10.1,        101,       5.05   ,   -0.71204
          2,  554,        788,        113,       10.1,        101,       5.05   , -0.0797836
          2,  555,        966,        229,       10.1,        101,       5.05   ,   -1.14297
          2,  556,        627,         80,       10.1,        101,       5.05   ,   0.560131
          2,  557,        793,        176,       10.1,        101,       5.05   ,   0.790179
          2,  558,        441,        537,       10.1,        101,       5.05   ,    -1.4711
          2,  559,        887,        446,       10.1,        101,       5.05   ,     0.3369
          2,  560,        528,        839,       10.1,        101,       5.05   ,    1.30022
          2,  561,        496,        283,       10.1,        101,       5.05   ,   -1.52946
          2,  562,        486,        908,       10.1,        101,       5.05   ,  -0.686697
          2,  563,        170,        842,       10.1,        101,       5.05   ,   -1.40066
          2,  564,        341,        926,       10.1,        101,       5.05   ,   0.947115
          2,  565,        593,        760,       10.1,        101,       5.05   ,   0.671512
          2,  566,        815,        622,       10.1,        101,       5.05   ,   0.647842
          2,  567,        811,        174,       10.1,        101,       5.05   ,   0.899786
          2,  568,        473,        598,       10.1,        101,       5.05   ,    1.44781
          2,  569,        313,        819,       10.1,        101,       5.05   ,  -0.180778
          2,  570,        887,        733,       10.1,        101,       5.05   ,    -1.4382
          2,  571,        628,        887,       10.1,        101,       5.05   ,    1.22853
          2,  572,        892,        761,       10.1,        101,       5.05   ,  -0.346678
          2,  573,        735,        241,       10.1,        101,       5.05   ,   -1.46244
          2,  574,        542,        341,       10.1,        101,       5.05   ,  -0.422647
          2,  575,        136,        363,       10.1,        101,       5.05   ,    0.86941
          2,  576,        282,        361,       10.1,        101,       5.05   ,   -1.49668
          2,  577,        286,        408,       10.1,        101,       5.05   ,  -0.588856
          2,  578,        345,        147,       10.1,        101,       5.05   ,   -0.55525
          2,  579,        132,         93,       10.1,        101,       5.05   ,    1.14874
          2,  580,        681,        443,       10.1,        101,       5.05   ,   0.645145
          2,  581,         99,        153,       10.1,        101,       5.05   ,    1.09654
          2,  582,         19,        333,       10.1,        101,       5.05   ,  -0.725087
          2,  583,        244,        525,       10.1,        101,       5.05   ,  -0.829837
          2,  584,        896,        206,       10.1,        101,       5.05   ,    1.09568
          2,  585,        739,        274,       10.1,        101,       5.05   ,   0.812624
          2,  586,        138,        544,       10.1,        101,       5.05   ,   -1.13255
          2,  587,        610,        444,       10.1,        101,       5.05   ,   0.795953
          2,  588,        532,        384,       10.1,        101,       5.05   ,   0.894716
          2,  589,        737,        893,       10.1,        101,       5.05   ,   0.507772
          2,  590,        837,        948,       10.1,        101,       5.05   ,  -0.694687
          2,  591,        188,        738,       10.1,        101,       5.05   ,   0.943749
          2,  592,         28,        298,       10.1,        101,       5.05   ,   0.903495
          2,  593,        203,        476,       10.1,        101,       5.05   ,    -1.4296
          2,  594,        848,        440,       10.1,        101,       5.05   ,   -1.45631
          2,  595,        970,        903,       10.1,        101,       5.05   ,   0.336802
          2,  596,        190,        696,       10.1,        101,       5.05   ,  -0.820083
          2,  597,        299,        252,       10.1,        101,       5.05   ,    1.08168
          2,  598,        916,        110,       10.1,        101,       5.05   ,    1.25601
          2,  599,        484,        605,       10.1,        101,       5.05   ,  -0.895759
          2,  600,        747,        860,       10.1,        101,       5.05   ,   0.624856
          2,  601,        636,        272,       10.1,        101,       5.05   ,   0.487748
          2,  602,        350,        287,       10.1,        101,       5.05   ,     1.5538
          2,  603,        244,        266,       10.1,        101,       5.05   ,  -0.690008
          2,  604,        677,        813,       10.1,        101,       5.05   ,  -0.941119
          2,  605,        335,        371,       10.1,        101,       5.05   ,   0.237939
          2,  606,        635,         34,       10.1,        101,       5.05   ,  -0.610642
          2,  607,        270,        339,       10.1,        101,       5.05   ,    1.44361
          2,  608,        190,         45,       10.1,        101,       5.05   ,   0.463291
          2,  609,        546,        758,       10.1,        101,       5.05   ,    0.79605
          2,  610,        867,        902,       10.1,        101,       5.05   ,   0.266955
          2,  611,        658,        594,       10.1,        101,       5.05   ,   -1.34059
          2,  612,        386,        546,       10.1,        101,       5.05   ,  -0.237528
          2,  613,        826,          2,       10.1,        101,       5.05   ,   0.723258
          2,  614,        700,        476,       10.1,        101,       5.05   ,    1.18796
          2,  615,        280,        321,       10.1,        101,       5.05   ,   0.343305
          2,  616,        871,        841,       10.1,        101,       5.05   ,   0.480131
          2,  617,        175,        402,       10.1,        101,       5.05   ,   -1.52267
          2,  618,         93,        924,       10.1,        101,       5.05   ,  -0.234158
          2,  619,        513,        794,       10.1,        101,       5.05   ,  0.0129198
          2,  620,        424,        706,       10.1,        101,       5.05   ,   -1.07814
          2,  621,        137,        330,       10.1,        101,       5.05   ,   0.839123
          2,  622,        918,        759,       10.1,        101,       5.05   ,  -0.255074
          2,  623,        285,        645,       10.1,        101,       5.05   ,    -1.5421
          2,  624,        199,        952,       10.1,        101,       5.05   ,   -1.32543
          2,  625,        411,        390,       10.1,        101,       5.05   , -0.0976212
          2,  626,        853,         46,       10.1,        101,       5.05   ,   -1.45065
          2,  627,        278,          2,       10.1,        101,       5.05   ,  -0.617692
          2,  628,        667,         16,       10.1,        101,       5.05   ,  -0.802984
          2,  629,        472,        765,       10.1,        101,       5.05   ,   0.848946
          2,  630,        969,        320,       10.1,        101,       5.05   ,    1.25159
          2,  631,        533,        461,       10.1,        101,       5.05   ,   -0.67016
          2,  632,        946,        134,       10.1,        101,       5.05   ,   0.615669
          2,  633,        195,        596,       10.1,        101,       5.05   ,  -0.224946
          2,  634,        225,         85,       10.1,        101,       5.05   ,    1.08521
          2,  635,         54,        983,       10.1,        101,       5.05   ,  0.0370802
          2,  636,        733,        390,       10.1,        101,       5.05   ,  -0.427752
          2,  637,        781,        601,       10.1,        101,       5.05   ,  -0.902554
          2,  638,        573,        877,       10.1,        101,       5.05   ,   0.343754
          2,  639,        379,        705,       10.1,        101,       5.05   ,    1.09879
          2,  640,        373,        154,       10.1,        101,       5.05   ,  -0.370813
          2,  641,        632,        792,       10.1,        101,       5.05   ,   -1.16263
          2,  642,        453,        284,       10.1,        101,       5.05   ,  -0.391008
          2,  643,        652,        760,       10.1,        101,       5.05   ,  -0.760247
          2,  644,        330,        261,       10.1,        101,       5.05   ,   0.838179
          2,  645,        904,        625,       10.1,        101,       5.05   ,   -1.21671
          2,  646,        418,        477,       10.1,        101,       5.05   ,    1.17636
          2,  647,        135,        285,       10.1,        101,       5.05   ,   0.244962
          2,  648,        407,        741,       10.1,        101,       5.05   ,   -1.15971
          2,  649,        254,        273,       10.1,        101,       5.05   ,   -0.30671
          2,  650,        703,        874,       10.1,        101,       5.05   ,  -0.100498
          2,  651,        446,        741,       10.1,        101,       5.05   ,   -1.26563
          2,  652,        342,        202,       10.1,        101,       5.05   ,  -0.277164
          2,  653,        741,         84,       10.1,        101,       5.05   ,   0.815709
          2,  654,        989,        775,       10.1,        101,       5.05   ,   -0.53656
          2,  655,        866,        321,       10.1,        101,       5.05   ,    1.41835
          2,  656,        228,         15,       10.1,        101,       5.05   ,  -0.533374
          2,  657,        811,        685,       10.1,        101,       5.05   ,    1.14898
          2,  658,        243,        230,       10.1,        101,       5.05   ,   0.492954
          2,  659,        295,        209,       10.1,        101,       5.05   ,   0.949071
          2,  660,        101,        925,       10.1,        101,       5.05   ,  -0.373117
          2,  661,        616,         53,       10.1,        101,       5.05   ,   -1.43358
          2,  662,        226,        307,       10.1,        101,       5.05   ,   0.197527
          2,  663,        662,        776,       10.1,        101,       5.05   ,  -0.865047
          2,  664,        780,        156,       10.1,        101,       5.05   ,  0.0643422
          2,  665,        983,        323,       10.1,        101,       5.05   ,   0.145177
          2,  666,        345,        264,       10.1,        101,       5.05   ,  -0.168114
          2,  667,        137,        905,       10.1,        101,       5.05   ,    1.25127
          2,  668,          7,        213,       10.1,        101,       5.05   ,   0.831756
          2,  669,        573,        911,       10.1,        101,       5.05   ,   0.763366
          2,  670,        908,        196,       10.1,        101,       5.05   ,   0.420422
          2,  671,        821,        529,       10.1,        101,       5.05   ,    -1.3747
          2,  672,        971,        175,       10.1,        101,       5.05   ,  -0.467125
          2,  673,        112,        676,       10.1,        101,       5.05   ,   -1.37146
          2,  674,        880,        149,       10.1,        101,       5.05   ,    1.41253
          2,  675,        801,        755,       10.1,        101,       5.05   ,  -0.809076
          2,  676,        858,         86,       10.1,        101,       5.05   ,   0.193941
          2,  677,        159,        836,       10.1,        101,       5.05   ,    1.24521
          2,  678,        348,        506,       10.1,        101,       5.05   ,   0.392036
          2,  679,        350,        526,       10.1,        101,       5.05   ,   0.254104
          2,  680,        173,        138,       10.1,        101,       5.05   , -0.0774788
          2,  681,         35,        658,       10.1,        101,       5.05   ,    -1.0818
          2,  682,        199,        872,       10.1,        101,       5.05   ,  -0.286568
          2,  683,        634,        336,       10.1,        101,       5.05   ,     1.4419
          2,  684,        214,        908,       10.1,        101,       5.05   ,   -1.48533
          2,  685,        496,        352,       10.1,        101,       5.05   ,  -0.102101
          2,  686,        726,        847,       10.1,        101,       5.05   ,   -1.29304
          2,  687,        236,        753,       10.1,        101,       5.05   ,   -1.36835
          2,  688,        522,        132,       10.1,        101,       5.05   ,  -0.831974
          2,  689,        631,         15,       10.1,        101,       5.05   ,   0.384419
          2,  690,        661,        353,       10.1,        101,       5.05   ,  -0.687103
          2,  691,        331,        833,       10.1,        101,       5.05   ,   -0.82472
          2,  692,        165,        175,       10.1,        101,       5.05   ,  -0.422967
          2,  693,        379,        729,       10.1,        101,       5.05   ,   -1.10868
          2,  694,        526,        665,       10.1,        101,       5.05   ,     1.2319
          2,  695,        566,          5,       10.1,        101,       5.05   ,   -0.73911
          2,  696,        900,        637,       10.1,        101,       5.05   ,  -0.938412
          2,  697,        381,        193,       10.1,        101,       5.05   ,   0.332254
          2,  698,        529,        985,       10.1,        101,       5.05   ,   -1.53291
          2,  699,        836,        106,       10.1,        101,       5.05   ,  -0.971942
          2,  700,        880,        731,       10.1,        101,       5.05   ,    0.27115
          2,  701,        119,        354,       10.1,        101,       5.05   ,   -1.03155
          2,  702,        434,        340,       10.1,        101,       5.05   ,  -0.626664
          2,  703,        608,        251,       10.1,        101,       5.05   ,   -1.13915
          2,  704,         43,        640,       10.1,        101,       5.05   ,   -1.17595
          2,  705,        573,        439,       10.1,        101,       5.05   ,   0.640485
          2,  706,        720,         94,       10.1,        101,       5.05   ,   -1.39406
          2,  707,        454,        673,       10.1,        101,       5.05   ,   -1.49719
          2,  708,        690,        648,       10.1,        101,       5.05   ,   -1.43399
          2,  709,        242,        203,       10.1,        101,       5.05   ,   0.694888
          2,  710,        567,        497,       10.1,        101,       5.05   ,  -0.759812
          2,  711,        123,        987,       10.1,        101,       5.05   ,   -0.63174
          2,  712,        498,        935,       10.1,        101,       5.05   ,   -1.21189
          2,  713,        537,        901,       10.1,        101,       5.05   ,    1.48611
          2,  714,        657,        180,       10.1,        101,       5.05   ,   0.255884
          2,  715,        130,         52,       10.1,        101,       5.05   ,   -0.14188
          2,  716,        439,        379,       10.1,        101,       5.05   ,    1.06242
          2,  717,        873,        372,       10.1,        101,       5.05   ,  -0.111797
          2,  718,        696,        835,       10.1,        101,       5.05   ,   0.263191
          2,  719,        650,        212,       10.1,        101,       5.05   ,   -1.16926
          2,  720,        996,        389,       10.1,        101,       5.05   ,    -1.1056
          2,  721,        509,        865,       10.1,        101,       5.05   ,  -0.873827
          2,  722,        855,        311,       10.1,        101,       5.05   ,     1.1225
          2,  723,        782,        630,       10.1,        101,       5.05   ,   -1.48386
          2,  724,        298,         23,       10.1,        101,       5.05   ,-0.00836359
          2,  725,        696,        942,       10.1,        101,       5.05   ,  -0.323509
          2,  726,        805,        344,       10.1,        101,       5.05   ,  -0.480244
          2,  727,        259,        632,       10.1,        101,       5.05   ,   0.896986
          2,  728,         44,        308,       10.1,        101,       5.05   ,    1.10347
          2,  729,        344,        366,       10.1,        101,       5.05   ,   0.946245
          2,  730,        460,        202,       10.1,        101,       5.05   ,   0.994548
          2,  731,        532,        179,       10.1,        101,       5.05   ,   -1.17678
          2,  732,        406,        535,       10.1,        101,       5.05   ,   0.246217
          2,  733,        256,        283,       10.1,        101,       5.05   ,   0.771053
          2,  734,        181,        222,       10.1,        101,       5.05   ,    0.22696
          2,  735,        613,        764,       10.1,        101,       5.05   ,   0.308879
          2,  736,        448,         95,       10.1,        101,       5.05   ,    1.02105
          2,  737,        512,        794,       10.1,        101,       5.05   ,   -0.97543
          2,  738,        237,          5,       10.1,        101,       5.05   ,     1.5468
          2,  739,        681,         14,       10.1,        101,       5.05   ,    1.44771
          2,  740,        872,        320,       10.1,        101,       5.05   ,   0.187707
          2,  741,        435,        665,       10.1,        101,       5.05   ,  -0.203852
          2,  742,        142,        908,       10.1,        101,       5.05   ,    1.28983
          2,  743,        936,        520,       10.1,        101,       5.05   ,  0.0696736
          2,  744,        909,        996,       10.1,        101,       5.05   ,  0.0875068
          2,  745,        928,         13,       10.1,        101,       5.05   ,    1.39245
          2,  746,        554,        562,       10.1,        101,       5.05   ,   -1.26356
          2,  747,        937,        217,       10.1,        101,       5.05   ,    1.54763
          2,  748,        437,        548,       10.1,        101,       5.05   ,      1.256
          2,  749,        718,        134,       10.1,        101,       5.05   ,   -1.10424
          2,  750,        194,        850,       10.1,        101,       5.05   ,   0.192604
          2,  751,        152,        806,       10.1,        101,       5.05   ,   -0.81964
          2,  752,        305,        489,       10.1,        101,       5.05   ,   -1.27314
          2,  753,        502,        178,       10.1,        101,       5.05   ,   -0.43437
          2,  754,        400,        778,       10.1,        101,       5.05   ,  -0.727141
          2,  755,        488,        381,       10.1,        101,       5.05   ,   -1.36072
          2,  756,        562,        382,       10.1,        101,       5.05   ,    1.33086
          2,  757,        227,        160,       10.1,        101,       5.05   ,   0.939396
          2,  758,        529,        393,       10.1,        101,       5.05   ,  -0.657234
          2,  759,        584,        394,       10.1,        101,       5.05   ,    -1.2646
          2,  760,        273,        383,       10.1,        101,       5.05   ,  -0.626203
          2,  761,        151,        795,       10.1,        101,       5.05   ,   0.984294
          2,  762,        612,        796,       10.1,        101,       5.05   ,   0.326424
          2,  763,        110,        865,       10.1,        101,       5.05   ,   -1.32785
          2,  764,        993,        165,       10.1,        101,       5.05   ,    1.16866
          2,  765,        477,        416,       10.1,        101,       5.05   ,   -1.09229
          2,  766,        992,        534,       10.1,        101,       5.05   ,   0.858064
          2,  767,        292,        968,       10.1,        101,       5.05   ,   0.297206
          2,  768,        105,        362,       10.1,        101,       5.05   ,    1.52565
          2,  769,        666,        113,       10.1,        101,       5.05   ,   0.497879
          2,  770,        286,        672,       10.1,        101,       5.05   ,   0.784694
          2,  771,        311,        456,       10.1,        101,       5.05   ,  -0.441413
          2,  772,        160,        711,       10.1,        101,       5.05   ,   0.738458
          2,  773,        393,        245,       10.1,        101,       5.05   ,  -0.825811
          2,  774,        650,        167,       10.1,        101,       5.05   ,   -1.05609
          2,  775,        303,        167,       10.1,        101,       5.05   ,    1.45374
          2,  776,        328,         29,       10.1,        101,       5.05   ,   0.213536
          2,  777,        408,        700,       10.1,        101,       5.05   ,   -1.45841
          2,  778,         93,        303,       10.1,        101,       5.05   ,   0.613697
          2,  779,        116,        592,       10.1,        101,       5.05   ,  0.0821798
          2,  780,        412,        492,       10.1,        101,       5.05   ,   0.935368
          2,  781,        292,        179,       10.1,        101,       5.05   ,   0.630896
          2,  782,        492,        356,       10.1,        101,       5.05   ,  -0.735133
          2,  783,        845,        486,       10.1,        101,       5.05   ,   0.353406
          2,  784,        483,        429,       10.1,        101,       5.05   , -0.0366009
          2,  785,        335,        284,       10.1,        101,       5.05   ,    1.39562
          2,  786,        170,        834,       10.1,        101,       5.05   ,  -0.812384
          2,  787,        428,        368,       10.1,        101,       5.05   ,  -0.107835
          2,  788,          4,          4,       10.1,        101,       5.05   ,  -0.875362
          2,  789,        206,        687,       10.1,        101,       5.05   ,   -1.43504
          2,  790,        377,        777,       10.1,        101,       5.05   ,  -0.152493
          2,  791,        748,        734,       10.1,        101,       5.05   ,    1.13605
          2,  792,         22,        844,       10.1,        101,       5.05   ,   -1.19439
          2,  793,        605,        707,       10.1,        101,       5.05   ,    1.33319
          2,  794,        679,        653,       10.1,        101,       5.05   ,    1.54978
          2,  795,        273,        300,       10.1,        101,       5.05   ,   -0.88953
          2,  796,        854,        623,       10.1,        101,       5.05   ,   0.467562
          2,  797,        923,        976,       10.1,        101,       5.05   ,   -0.86177
          2,  798,         13,        979,       10.1,        101,       5.05   ,  -0.490053
          2,  799,        549,        891,       10.1,        101,       5.05   ,  -0.823515
          2,  800,        789,        768,       10.1,        101,       5.05   ,  -0.259326
          2,  801,        749,        373,       10.1,        101,       5.05   ,  -0.608851
          2,  802,        422,        874,       10.1,        101,       5.05   ,  -0.557985
          2,  803,        584,        357,       10.1,        101,       5.05   ,   -1.42308
          2,  804,        912,        122,       10.1,        101,       5.05   , 0.00202979
          2,  805,         18,        113,       10.1,        101,       5.05   ,      1.329
          2,  806,        618,        198,       10.1,        101,       5.05   ,   -1.48058
          2,  807,        929,        436,       10.1,        101,       5.05   ,  -0.730457
          2,  808,         14,         10,       10.1,        101,       5.05   ,   -0.70321
          2,  809,        314,        234,       10.1,        101,       5.05   ,   -0.63828
          2,  810,        277,        118,       10.1,        101,       5.05   ,  -0.821198
          2,  811,         18,         23,       10.1,        101,       5.05   ,    1.16303
          2,  812,        515,        938,       10.1,        101,       5.05   ,   0.347579
          2,  813,        407,        570,       10.1,        101,       5.05   , -0.0249726
          2,  814,        280,        179,       10.1,        101,       5.05   ,    1.00166
          2,  815,        730,        592,       10.1,        101,       5.05   ,    1.43476
          2,  816,        168,        484,       10.1,        101,       5.05   ,   -1.08915
------------------------------------------------------------------------------
Component[2] Total Sloped Parallelepiped = 816