Component 1 maximum area=0.36 [on 300x300]
Component type: Circle
---------------------------------------------------------------------------------------
--------------|------- Center-----|----- dimensions---------|----------------------
component| id|    X       |     Y      |  Width/a     | height/b |   hoop   |   Slope   
---------------------------------------------------------------------------------------
          1,    1,         29,         21,       50.5,       50.5,          0   ,          0
          1,    2,        136,        151,       50.5,       50.5,          0   ,          0
          1,    3,        283,          6,       50.5,       50.5,          0   ,          0
          1,    4,        123,         44,       50.5,       50.5,          0   ,          0
          1,    5,        143,        187,       50.5,       50.5,          0   ,          0
          1,    6,         85,         25,       50.5,       50.5,          0   ,          0
          1,    7,        151,         33,       50.5,       50.5,          0   ,          0
          1,    8,         24,          4,       50.5,       50.5,          0   ,          0
          1,    9,         25,        281,       50.5,       50.5,          0   ,          0
------------------------------------------------------------------------------
Component[1] Total Spheres = 9