Component 1 maximum area=0.36 [on 300x300]
Component type: Circle
---------------------------------------------------------------------------------------
--------------|------- Center-----|----- dimensions---------|----------------------
component| id|    X       |     Y      |  Width/a     | height/b |   hoop   |   Slope   
---------------------------------------------------------------------------------------
          1,    1,         48,         63,       50.5,       50.5,          0   ,          0
          1,    2,         25,        271,       50.5,       50.5,          0   ,          0
          1,    3,        145,        240,       50.5,       50.5,          0   ,          0
          1,    4,          8,        294,       50.5,       50.5,          0   ,          0
          1,    5,         30,        116,       50.5,       50.5,          0   ,          0
          1,    6,         29,        212,       50.5,       50.5,          0   ,          0
          1,    7,          4,        256,       50.5,       50.5,          0   ,          0
          1,    8,          1,         95,       50.5,       50.5,          0   ,          0
          1,    9,        286,         26,       50.5,       50.5,          0   ,          0
------------------------------------------------------------------------------
Component[1] Total Spheres = 9