Component 1 maximum area=0.34 [on 300x300]
Component type: Circle
---------------------------------------------------------------------------------------
--------------|------- Center-----|----- dimensions---------|----------------------
component| id|    X       |     Y      |  Width/a     | height/b |   hoop   |   Slope   
---------------------------------------------------------------------------------------
          1,    1,        131,        226,       50.5,       50.5,          0   ,          0
          1,    2,        193,          8,       50.5,       50.5,          0   ,          0
          1,    3,        147,        191,       50.5,       50.5,          0   ,          0
          1,    4,        145,        179,       50.5,       50.5,          0   ,          0
          1,    5,        136,        214,       50.5,       50.5,          0   ,          0
          1,    6,        100,        278,       50.5,       50.5,          0   ,          0
          1,    7,        171,        231,       50.5,       50.5,          0   ,          0
          1,    8,         81,        195,       50.5,       50.5,          0   ,          0
          1,    9,          4,        188,       50.5,       50.5,          0   ,          0
------------------------------------------------------------------------------
Component[1] Total Spheres = 9