Component 1 maximum area=0.34 [on 300x300]
Component type: Circle
---------------------------------------------------------------------------------------
--------------|------- Center-----|----- dimensions---------|----------------------
component| id|    X       |     Y      |  Width/a     | height/b |   hoop   |   Slope   
---------------------------------------------------------------------------------------
          1,    1,        219,        263,       50.5,       50.5,          0   ,          0
          1,    2,        231,        218,       50.5,       50.5,          0   ,          0
          1,    3,        111,        196,       50.5,       50.5,          0   ,          0
          1,    4,        152,        232,       50.5,       50.5,          0   ,          0
          1,    5,        184,        273,       50.5,       50.5,          0   ,          0
          1,    6,        183,        284,       50.5,       50.5,          0   ,          0
          1,    7,        195,        214,       50.5,       50.5,          0   ,          0
          1,    8,         10,        202,       50.5,       50.5,          0   ,          0
          1,    9,        257,         69,       50.5,       50.5,          0   ,          0
------------------------------------------------------------------------------
Component[1] Total Spheres = 9