Component 1 maximum area=0.42 [on 300x300]
Component type: Circle
---------------------------------------------------------------------------------------
--------------|------- Center-----|----- dimensions---------|----------------------
component| id|    X       |     Y      |  Width/a     | height/b |   hoop   |   Slope   
---------------------------------------------------------------------------------------
          1,    1,        183,        251,       50.5,       50.5,          0   ,          0
          1,    2,        192,        285,       50.5,       50.5,          0   ,          0
          1,    3,        279,        168,       50.5,       50.5,          0   ,          0
          1,    4,        275,        264,       50.5,       50.5,          0   ,          0
          1,    5,        280,         74,       50.5,       50.5,          0   ,          0
          1,    6,        163,          6,       50.5,       50.5,          0   ,          0
          1,    7,        257,        240,       50.5,       50.5,          0   ,          0
          1,    8,        212,         43,       50.5,       50.5,          0   ,          0
          1,    9,        185,         24,       50.5,       50.5,          0   ,          0
          1,   10,         60,         23,       50.5,       50.5,          0   ,          0
------------------------------------------------------------------------------
Component[1] Total Spheres = 10