Component 1 maximum area=0.42 [on 300x300]
Component type: Circle
---------------------------------------------------------------------------------------
--------------|------- Center-----|----- dimensions---------|----------------------
component| id|    X       |     Y      |  Width/a     | height/b |   hoop   |   Slope   
---------------------------------------------------------------------------------------
          1,    1,        124,         17,       50.5,       50.5,          0   ,          0
          1,    2,        181,        297,       50.5,       50.5,          0   ,          0
          1,    3,        145,         82,       50.5,       50.5,          0   ,          0
          1,    4,        192,        283,       50.5,       50.5,          0   ,          0
          1,    5,        191,        145,       50.5,       50.5,          0   ,          0
          1,    6,        153,        285,       50.5,       50.5,          0   ,          0
          1,    7,        254,        118,       50.5,       50.5,          0   ,          0
          1,    8,         95,         17,       50.5,       50.5,          0   ,          0
          1,    9,         48,         13,       50.5,       50.5,          0   ,          0
------------------------------------------------------------------------------
Component[1] Total Spheres = 9