Component 1 maximum area=0.42 [on 300x300]
Component type: Circle
---------------------------------------------------------------------------------------
--------------|------- Center-----|----- dimensions---------|----------------------
component| id|    X       |     Y      |  Width/a     | height/b |   hoop   |   Slope   
---------------------------------------------------------------------------------------
          1,    1,        268,        294,       50.5,       50.5,          0   ,          0
          1,    2,         12,        118,       50.5,       50.5,          0   ,          0
          1,    3,         34,         63,       50.5,       50.5,          0   ,          0
          1,    4,        233,        237,       50.5,       50.5,          0   ,          0
          1,    5,        131,        180,       50.5,       50.5,          0   ,          0
          1,    6,         13,         17,       50.5,       50.5,          0   ,          0
          1,    7,        112,        269,       50.5,       50.5,          0   ,          0
          1,    8,          0,        140,       50.5,       50.5,          0   ,          0
          1,    9,        206,         53,       50.5,       50.5,          0   ,          0
------------------------------------------------------------------------------
Component[1] Total Spheres = 9