Component 1 maximum area=0.42 [on 300x300]
Component type: Circle
---------------------------------------------------------------------------------------
--------------|------- Center-----|----- dimensions---------|----------------------
component| id|    X       |     Y      |  Width/a     | height/b |   hoop   |   Slope   
---------------------------------------------------------------------------------------
          1,    1,        113,        141,       50.5,       50.5,          0   ,          0
          1,    2,        297,         22,       50.5,       50.5,          0   ,          0
          1,    3,        284,        114,       50.5,       50.5,          0   ,          0
          1,    4,         58,        124,       50.5,       50.5,          0   ,          0
          1,    5,          5,         44,       50.5,       50.5,          0   ,          0
          1,    6,        272,         83,       50.5,       50.5,          0   ,          0
          1,    7,         55,         80,       50.5,       50.5,          0   ,          0
          1,    8,         83,        201,       50.5,       50.5,          0   ,          0
          1,    9,        186,        280,       50.5,       50.5,          0   ,          0
------------------------------------------------------------------------------
Component[1] Total Spheres = 9