Component 1 maximum area=0.42 [on 300x300]
Component type: Circle
---------------------------------------------------------------------------------------
--------------|------- Center-----|----- dimensions---------|----------------------
component| id|    X       |     Y      |  Width/a     | height/b |   hoop   |   Slope   
---------------------------------------------------------------------------------------
          1,    1,        267,        236,       50.5,       50.5,          0   ,          0
          1,    2,        222,        224,       50.5,       50.5,          0   ,          0
          1,    3,        120,        189,       50.5,       50.5,          0   ,          0
          1,    4,         27,         84,       50.5,       50.5,          0   ,          0
          1,    5,         23,        152,       50.5,       50.5,          0   ,          0
          1,    6,        263,        290,       50.5,       50.5,          0   ,          0
          1,    7,         10,         21,       50.5,       50.5,          0   ,          0
          1,    8,        241,        286,       50.5,       50.5,          0   ,          0
          1,    9,        227,        237,       50.5,       50.5,          0   ,          0
          1,   10,          6,         87,       50.5,       50.5,          0   ,          0
          1,   11,        170,        152,       50.5,       50.5,          0   ,          0
------------------------------------------------------------------------------
Component[1] Total Spheres = 11