Component 1 maximum area=0.42 [on 300x300]
Component type: Circle
---------------------------------------------------------------------------------------
--------------|------- Center-----|----- dimensions---------|----------------------
component| id|    X       |     Y      |  Width/a     | height/b |   hoop   |   Slope   
---------------------------------------------------------------------------------------
          1,    1,        271,         92,       50.5,       50.5,          0   ,          0
          1,    2,         28,         15,       50.5,       50.5,          0   ,          0
          1,    3,        175,        154,       50.5,       50.5,          0   ,          0
          1,    4,        294,        292,       50.5,       50.5,          0   ,          0
          1,    5,        221,        166,       50.5,       50.5,          0   ,          0
          1,    6,         10,        206,       50.5,       50.5,          0   ,          0
          1,    7,        240,        219,       50.5,       50.5,          0   ,          0
          1,    8,        217,        203,       50.5,       50.5,          0   ,          0
          1,    9,         82,         88,       50.5,       50.5,          0   ,          0
------------------------------------------------------------------------------
Component[1] Total Spheres = 9