Component 1 maximum area=0.42 [on 300x300]
Component type: Circle
---------------------------------------------------------------------------------------
--------------|------- Center-----|----- dimensions---------|----------------------
component| id|    X       |     Y      |  Width/a     | height/b |   hoop   |   Slope   
---------------------------------------------------------------------------------------
          1,    1,        125,        101,       50.5,       50.5,          0   ,          0
          1,    2,         33,        286,       50.5,       50.5,          0   ,          0
          1,    3,        197,        100,       50.5,       50.5,          0   ,          0
          1,    4,         78,         54,       50.5,       50.5,          0   ,          0
          1,    5,        288,        176,       50.5,       50.5,          0   ,          0
          1,    6,        234,         88,       50.5,       50.5,          0   ,          0
          1,    7,        153,         90,       50.5,       50.5,          0   ,          0
          1,    8,         73,         27,       50.5,       50.5,          0   ,          0
          1,    9,         54,        167,       50.5,       50.5,          0   ,          0
------------------------------------------------------------------------------
Component[1] Total Spheres = 9