Component 1 maximum area=0.42 [on 300x300]
Component type: Circle
---------------------------------------------------------------------------------------
--------------|------- Center-----|----- dimensions---------|----------------------
component| id|    X       |     Y      |  Width/a     | height/b |   hoop   |   Slope   
---------------------------------------------------------------------------------------
          1,    1,         79,        119,       50.5,       50.5,          0   ,          0
          1,    2,        211,         15,       50.5,       50.5,          0   ,          0
          1,    3,        138,         13,       50.5,       50.5,          0   ,          0
          1,    4,        291,        161,       50.5,       50.5,          0   ,          0
          1,    5,        252,          7,       50.5,       50.5,          0   ,          0
          1,    6,         12,        299,       50.5,       50.5,          0   ,          0
          1,    7,         14,         96,       50.5,       50.5,          0   ,          0
          1,    8,        267,         79,       50.5,       50.5,          0   ,          0
          1,    9,         34,        239,       50.5,       50.5,          0   ,          0
------------------------------------------------------------------------------
Component[1] Total Spheres = 9