Component 1 maximum area=0.42 [on 300x300]
Component type: Circle
---------------------------------------------------------------------------------------
--------------|------- Center-----|----- dimensions---------|----------------------
component| id|    X       |     Y      |  Width/a     | height/b |   hoop   |   Slope   
---------------------------------------------------------------------------------------
          1,    1,         37,         12,       50.5,       50.5,          0   ,          0
          1,    2,        223,        152,       50.5,       50.5,          0   ,          0
          1,    3,        182,        134,       50.5,       50.5,          0   ,          0
          1,    4,        255,        135,       50.5,       50.5,          0   ,          0
          1,    5,        148,         26,       50.5,       50.5,          0   ,          0
          1,    6,        255,         87,       50.5,       50.5,          0   ,          0
          1,    7,        268,         50,       50.5,       50.5,          0   ,          0
          1,    8,        235,         63,       50.5,       50.5,          0   ,          0
          1,    9,        296,         90,       50.5,       50.5,          0   ,          0
          1,   10,        197,         88,       50.5,       50.5,          0   ,          0
          1,   11,        223,        266,       50.5,       50.5,          0   ,          0
------------------------------------------------------------------------------
Component[1] Total Spheres = 11