Component 1 maximum area=0.42 [on 300x300]
Component type: Circle
---------------------------------------------------------------------------------------
--------------|------- Center-----|----- dimensions---------|----------------------
component| id|    X       |     Y      |  Width/a     | height/b |   hoop   |   Slope   
---------------------------------------------------------------------------------------
          1,    1,        244,        240,       50.5,       50.5,          0   ,          0
          1,    2,         37,         18,       50.5,       50.5,          0   ,          0
          1,    3,        142,        138,       50.5,       50.5,          0   ,          0
          1,    4,        202,        196,       50.5,       50.5,          0   ,          0
          1,    5,        281,        224,       50.5,       50.5,          0   ,          0
          1,    6,        148,        121,       50.5,       50.5,          0   ,          0
          1,    7,        126,        146,       50.5,       50.5,          0   ,          0
          1,    8,        174,        188,       50.5,       50.5,          0   ,          0
          1,    9,          2,        255,       50.5,       50.5,          0   ,          0
          1,   10,         73,         25,       50.5,       50.5,          0   ,          0
------------------------------------------------------------------------------
Component[1] Total Spheres = 10