Component 1 maximum area=0.42 [on 300x300]
Component type: Circle
---------------------------------------------------------------------------------------
--------------|------- Center-----|----- dimensions---------|----------------------
component| id|    X       |     Y      |  Width/a     | height/b |   hoop   |   Slope   
---------------------------------------------------------------------------------------
          1,    1,        191,        280,       50.5,       50.5,          0   ,          0
          1,    2,        235,         52,       50.5,       50.5,          0   ,          0
          1,    3,        229,        108,       50.5,       50.5,          0   ,          0
          1,    4,          9,        209,       50.5,       50.5,          0   ,          0
          1,    5,         82,        177,       50.5,       50.5,          0   ,          0
          1,    6,        213,         93,       50.5,       50.5,          0   ,          0
          1,    7,        247,         34,       50.5,       50.5,          0   ,          0
          1,    8,        195,        273,       50.5,       50.5,          0   ,          0
          1,    9,         62,        135,       50.5,       50.5,          0   ,          0
------------------------------------------------------------------------------
Component[1] Total Spheres = 9