Component 1 maximum area=0.42 [on 300x300]
Component type: Circle
---------------------------------------------------------------------------------------
--------------|------- Center-----|----- dimensions---------|----------------------
component| id|    X       |     Y      |  Width/a     | height/b |   hoop   |   Slope   
---------------------------------------------------------------------------------------
          1,    1,          9,         15,       50.5,       50.5,          0   ,          0
          1,    2,        252,        167,       50.5,       50.5,          0   ,          0
          1,    3,        143,        141,       50.5,       50.5,          0   ,          0
          1,    4,        294,        290,       50.5,       50.5,          0   ,          0
          1,    5,          5,        180,       50.5,       50.5,          0   ,          0
          1,    6,         57,        163,       50.5,       50.5,          0   ,          0
          1,    7,        210,        200,       50.5,       50.5,          0   ,          0
          1,    8,        167,        142,       50.5,       50.5,          0   ,          0
          1,    9,        228,         45,       50.5,       50.5,          0   ,          0
------------------------------------------------------------------------------
Component[1] Total Spheres = 9