Component 1 maximum area=0.42 [on 300x300]
Component type: Circle
---------------------------------------------------------------------------------------
--------------|------- Center-----|----- dimensions---------|----------------------
component| id|    X       |     Y      |  Width/a     | height/b |   hoop   |   Slope   
---------------------------------------------------------------------------------------
          1,    1,        277,        146,       50.5,       50.5,          0   ,          0
          1,    2,        109,        243,       50.5,       50.5,          0   ,          0
          1,    3,        261,         46,       50.5,       50.5,          0   ,          0
          1,    4,        271,         14,       50.5,       50.5,          0   ,          0
          1,    5,        173,        260,       50.5,       50.5,          0   ,          0
          1,    6,        148,        268,       50.5,       50.5,          0   ,          0
          1,    7,        270,          3,       50.5,       50.5,          0   ,          0
          1,    8,         79,        159,       50.5,       50.5,          0   ,          0
          1,    9,         29,         94,       50.5,       50.5,          0   ,          0
------------------------------------------------------------------------------
Component[1] Total Spheres = 9