Component 1 maximum area=0.42 [on 300x300]
Component type: Circle
---------------------------------------------------------------------------------------
--------------|------- Center-----|----- dimensions---------|----------------------
component| id|    X       |     Y      |  Width/a     | height/b |   hoop   |   Slope   
---------------------------------------------------------------------------------------
          1,    1,        111,        186,       50.5,       50.5,          0   ,          0
          1,    2,        134,        141,       50.5,       50.5,          0   ,          0
          1,    3,        145,        130,       50.5,       50.5,          0   ,          0
          1,    4,        164,        219,       50.5,       50.5,          0   ,          0
          1,    5,         21,        161,       50.5,       50.5,          0   ,          0
          1,    6,        225,        213,       50.5,       50.5,          0   ,          0
          1,    7,        171,        220,       50.5,       50.5,          0   ,          0
          1,    8,        140,         77,       50.5,       50.5,          0   ,          0
          1,    9,        104,        241,       50.5,       50.5,          0   ,          0
------------------------------------------------------------------------------
Component[1] Total Spheres = 9