Component 1 maximum area=0.42 [on 300x300]
Component type: Circle
---------------------------------------------------------------------------------------
--------------|------- Center-----|----- dimensions---------|----------------------
component| id|    X       |     Y      |  Width/a     | height/b |   hoop   |   Slope   
---------------------------------------------------------------------------------------
          1,    1,        296,        281,       50.5,       50.5,          0   ,          0
          1,    2,        288,         26,       50.5,       50.5,          0   ,          0
          1,    3,         85,        196,       50.5,       50.5,          0   ,          0
          1,    4,         99,        143,       50.5,       50.5,          0   ,          0
          1,    5,        144,        130,       50.5,       50.5,          0   ,          0
          1,    6,        190,        127,       50.5,       50.5,          0   ,          0
          1,    7,         98,        221,       50.5,       50.5,          0   ,          0
          1,    8,         62,        279,       50.5,       50.5,          0   ,          0
          1,    9,        268,        202,       50.5,       50.5,          0   ,          0
------------------------------------------------------------------------------
Component[1] Total Spheres = 9