Component 1 maximum area=0.42 [on 300x300]
Component type: Circle
---------------------------------------------------------------------------------------
--------------|------- Center-----|----- dimensions---------|----------------------
component| id|    X       |     Y      |  Width/a     | height/b |   hoop   |   Slope   
---------------------------------------------------------------------------------------
          1,    1,        256,        161,       50.5,       50.5,          0   ,          0
          1,    2,         21,         68,       50.5,       50.5,          0   ,          0
          1,    3,        184,         73,       50.5,       50.5,          0   ,          0
          1,    4,          7,         70,       50.5,       50.5,          0   ,          0
          1,    5,        242,         74,       50.5,       50.5,          0   ,          0
          1,    6,         57,        131,       50.5,       50.5,          0   ,          0
          1,    7,        177,         91,       50.5,       50.5,          0   ,          0
          1,    8,         68,        111,       50.5,       50.5,          0   ,          0
          1,    9,          3,        103,       50.5,       50.5,          0   ,          0
          1,   10,        152,        154,       50.5,       50.5,          0   ,          0
------------------------------------------------------------------------------
Component[1] Total Spheres = 10