Component 1 maximum area=0.42 [on 300x300]
Component type: Circle
---------------------------------------------------------------------------------------
--------------|------- Center-----|----- dimensions---------|----------------------
component| id|    X       |     Y      |  Width/a     | height/b |   hoop   |   Slope   
---------------------------------------------------------------------------------------
          1,    1,        271,        152,       50.5,       50.5,          0   ,          0
          1,    2,        248,         90,       50.5,       50.5,          0   ,          0
          1,    3,         31,        200,       50.5,       50.5,          0   ,          0
          1,    4,        229,        162,       50.5,       50.5,          0   ,          0
          1,    5,        275,        180,       50.5,       50.5,          0   ,          0
          1,    6,        264,        167,       50.5,       50.5,          0   ,          0
          1,    7,        209,         92,       50.5,       50.5,          0   ,          0
          1,    8,        294,        207,       50.5,       50.5,          0   ,          0
          1,    9,         99,        294,       50.5,       50.5,          0   ,          0
          1,   10,         35,        233,       50.5,       50.5,          0   ,          0
          1,   11,         88,        288,       50.5,       50.5,          0   ,          0
          1,   12,        211,        231,       50.5,       50.5,          0   ,          0
------------------------------------------------------------------------------
Component[1] Total Spheres = 12