Component 1 maximum area=0.42 [on 300x300]
Component type: Circle
---------------------------------------------------------------------------------------
--------------|------- Center-----|----- dimensions---------|----------------------
component| id|    X       |     Y      |  Width/a     | height/b |   hoop   |   Slope   
---------------------------------------------------------------------------------------
          1,    1,        164,        199,       50.5,       50.5,          0   ,          0
          1,    2,        283,        127,       50.5,       50.5,          0   ,          0
          1,    3,        259,        272,       50.5,       50.5,          0   ,          0
          1,    4,         11,         65,       50.5,       50.5,          0   ,          0
          1,    5,        286,        171,       50.5,       50.5,          0   ,          0
          1,    6,        149,        212,       50.5,       50.5,          0   ,          0
          1,    7,         20,        241,       50.5,       50.5,          0   ,          0
          1,    8,        290,        289,       50.5,       50.5,          0   ,          0
          1,    9,        160,        242,       50.5,       50.5,          0   ,          0
------------------------------------------------------------------------------
Component[1] Total Spheres = 9