Component 1 maximum area=0.42 [on 300x300]
Component type: Circle
---------------------------------------------------------------------------------------
--------------|------- Center-----|----- dimensions---------|----------------------
component| id|    X       |     Y      |  Width/a     | height/b |   hoop   |   Slope   
---------------------------------------------------------------------------------------
          1,    1,        147,         68,       50.5,       50.5,          0   ,          0
          1,    2,        291,        273,       50.5,       50.5,          0   ,          0
          1,    3,        184,         51,       50.5,       50.5,          0   ,          0
          1,    4,        223,        233,       50.5,       50.5,          0   ,          0
          1,    5,        206,         36,       50.5,       50.5,          0   ,          0
          1,    6,        216,        260,       50.5,       50.5,          0   ,          0
          1,    7,        112,        264,       50.5,       50.5,          0   ,          0
          1,    8,        137,         94,       50.5,       50.5,          0   ,          0
          1,    9,        244,         47,       50.5,       50.5,          0   ,          0
------------------------------------------------------------------------------
Component[1] Total Spheres = 9