Rerclolation 2d
Version 1.6 Cluster Analysis - Electric, Thermal properties - Mechanical properties calculation in progress...Report starting: Thu Jul 18 13:03:39 2024

---------------------------------------------------------------------------------------------------
Inputs
|#  ,%Weights,%Spec. Weights,X Dimension,Y Dimension,Type,Size type,      Area,hoop Dist
   0,     0.35,              1,       1e-08,       1e-08,    4,         3,       0.35,        0
   1,     0.65,              1,       1e-08,       1e-08,    2,         0,       0.65,        0
Pixels Per minimum Size:101
Factor [pixelsPerMinimumCircle / minimumSize]:1.01e+10
Maximum Dimension:1e-08
Minimum Dimension:1e-08
Grid size =[500x500]
Total iterations: 300
---------------------------------------------------------------------------------------------------
Realiazation No,Percolate Y[1]/N[0], Process Time, Setup Time   ,% Area Comp[0]  ,% Area Comp[1],Electric Conductivity, Thermal Conductivity, Young Modulus, Poisson Ratio ,Total Conductive Paths,Mean Real Path Length,Current Electric Conductivity
      1,                  1,      0.02,           0.01            ,1            ,0,  21.60423512,  21.60423512,678795.63470335,   0.01086073,  14.00000000,1048.78571429,   0.00129604
      2,                  1,0.02200000,     0.00900000            ,1.00000000            ,0.00000000,  16.99020787,  16.99020787,894252.09018242,   0.01430803,  18.00000000,1011.50000000,   0.00211887
      3,                  1,0.02000000,     0.00900000            ,1.00000000            ,0.00000000,  16.24978684,  16.24978684,882657.09803449,   0.01412251,  18.00000000, 983.55555556,   0.00221541
      4,                  1,0.02100000,     0.01100000            ,1.00000000            ,0.00000000,  19.83616008,  19.83616008,789110.63322374,   0.01262577,  16.00000000,1063.62500000,   0.00161322
      5,                  1,0.02100000,     0.00900000            ,1.00000000            ,0.00000000,  17.01147799,  17.01147799,926176.89717567,   0.01481883,  19.00000000,1091.84210526,   0.00223379
      6,                  1,0.02100000,     0.01000000            ,1.00000000            ,0.00000000,  16.22766941,  16.22766941,936097.72407425,   0.01497756,  19.00000000,1029.05263158,   0.00234168
      7,                  1,0.01900000,     0.00800000            ,1.00000000            ,0.00000000,  21.04730732,  21.04730732,684913.72558579,   0.01095862,  14.00000000,1019.42857143,   0.00133034
      8,                  1,0.02300000,     0.00900000            ,1.00000000            ,0.00000000,  17.66352325,  17.66352325,830013.27454523,   0.01328021,  17.00000000,1008.17647059,   0.00192487
      9,                  1,0.02000000,     0.00900000            ,1.00000000            ,0.00000000,  17.26285482,  17.26285482,826897.48152080,   0.01323036,  17.00000000, 987.41176471,   0.00196955
     10,                  1,0.02000000,     0.00800000            ,1.00000000            ,0.00000000,  26.25257712,  26.25257712,570057.01688438,   0.00912091,  12.00000000,1112.91666667,   0.00091420
     11,                  1,0.02200000,     0.00900000            ,1.00000000            ,0.00000000,  17.31518280,  17.31518280,824317.46484688,   0.01318908,  17.00000000,1013.23529412,   0.00196359
     12,                  1,0.02200000,     0.00900000            ,1.00000000            ,0.00000000,  17.75183610,  17.75183610,845450.25992239,   0.01352720,  17.00000000,1016.47058824,   0.00191529
     13,                  1,0.02200000,     0.00900000            ,1.00000000            ,0.00000000,  14.27111422,  14.27111422,1002361.50822538,   0.01603778,  20.00000000, 961.45000000,   0.00280286
     14,                  1,0.01900000,     0.00900000            ,1.00000000            ,0.00000000,  18.32447508,  18.32447508,791035.96418611,   0.01265658,  16.00000000,1007.37500000,   0.00174630
     15,                  1,0.01900000,     0.00900000            ,1.00000000            ,0.00000000,  16.77953561,  16.77953561,889516.84760852,   0.01423227,  18.00000000,1028.77777778,   0.00214547
     16,                  1,0.01900000,     0.00900000            ,1.00000000            ,0.00000000,  15.65887292,  15.65887292,989561.74568019,   0.01583299,  20.00000000,1019.55000000,   0.00255446
     17,                  1,0.02400000,     0.00800000            ,1.00000000            ,0.00000000,  15.65134452,  15.65134452,965028.17616117,   0.01544045,  20.00000000,1055.35000000,   0.00255569
     18,                  1,0.01700000,     0.00900000            ,1.00000000            ,0.00000000,  17.95421964,  17.95421964,875269.57909079,   0.01400431,  18.00000000,1067.61111111,   0.00200510
     19,                  1,0.01800000,     0.00900000            ,1.00000000            ,0.00000000,  22.52931595,  22.52931595,692081.73497455,   0.01107331,  14.00000000,1067.78571429,   0.00124283
     20,                  1,0.01700000,     0.00800000            ,1.00000000            ,0.00000000,  22.83958221,  22.83958221,630356.90131212,   0.01008571,  13.00000000,1050.30769231,   0.00113837
     21,                  1,0.02200000,     0.00900000            ,1.00000000            ,0.00000000,  22.76822806,  22.76822806,625715.68878046,   0.01001145,  13.00000000,1040.84615385,   0.00114194
     22,                  1,0.02300000,     0.00900000            ,1.00000000            ,0.00000000,  20.43408500,  20.43408500,713767.29057089,   0.01142028,  15.00000000,1068.46666667,   0.00146814
     23,                  1,0.02000000,     0.00900000            ,1.00000000            ,0.00000000,  16.17156241,  16.17156241,928595.43893721,   0.01485753,  19.00000000,1039.84210526,   0.00234980
     24,                  1,0.02100000,     0.00900000            ,1.00000000            ,0.00000000,  17.38156511,  17.38156511,826897.62835616,   0.01323036,  17.00000000,1031.47058824,   0.00195610
     25,                  1,0.02700000,     0.01000000            ,1.00000000            ,0.00000000,  15.44813222,  15.44813222,938983.47000289,   0.01502374,  19.00000000,1000.52631579,   0.00245984
     26,                  1,0.01900000,     0.01100000            ,1.00000000            ,0.00000000,  19.30293158,  19.30293158,768104.62137681,   0.01228967,  16.00000000,1043.43750000,   0.00165778
     27,                  1,0.02100000,     0.00900000            ,1.00000000            ,0.00000000,  16.04434589,  16.04434589,935653.85330298,   0.01497046,  19.00000000,1030.10526316,   0.00236844
     28,                  1,0.02400000,     0.00900000            ,1.00000000            ,0.00000000,  17.86625146,  17.86625146,843268.09661525,   0.01349229,  17.00000000,1007.88235294,   0.00190303
     29,                  1,0.02100000,     0.01000000            ,1.00000000            ,0.00000000,  15.37742487,  15.37742487,993177.14850150,   0.01589083,  20.00000000,1023.30000000,   0.00260122
     30,                  1,0.01800000,     0.00900000            ,1.00000000            ,0.00000000,  17.45202863,  17.45202863,828557.79507275,   0.01325692,  17.00000000,1014.47058824,   0.00194820
     31,                  1,0.01700000,     0.00800000            ,1.00000000            ,0.00000000,  22.23860143,  22.23860143,687464.75960232,   0.01099944,  14.00000000,1074.57142857,   0.00125907
     32,                  1,0.02000000,     0.01100000            ,1.00000000            ,0.00000000,  20.60392812,  20.60392812,732341.51184227,   0.01171746,  15.00000000,1077.86666667,   0.00145603
     33,                  1,0.01900000,     0.00800000            ,1.00000000            ,0.00000000,  17.78868910,  17.78868910,845155.81234669,   0.01352249,  17.00000000,1016.41176471,   0.00191133
     34,                  1,0.01800000,     0.00900000            ,1.00000000            ,0.00000000,  19.20903287,  19.20903287,774103.99119083,   0.01238566,  16.00000000,1051.18750000,   0.00166588
     35,                  1,0.01700000,     0.00900000            ,1.00000000            ,0.00000000,  18.13697578,  18.13697578,866664.85569388,   0.01386664,  18.00000000,1130.22222222,   0.00198490
     36,                  1,0.01900000,     0.00900000            ,1.00000000            ,0.00000000,  17.56347505,  17.56347505,866417.43359708,   0.01386268,  18.00000000,1087.00000000,   0.00204971
     37,                  1,0.01900000,     0.00900000            ,1.00000000            ,0.00000000,  16.81784497,  16.81784497,885144.15220103,   0.01416231,  18.00000000,1015.33333333,   0.00214058
     38,                  1,0.02100000,     0.00900000            ,1.00000000            ,0.00000000,  14.50946212,  14.50946212,984144.58362658,   0.01574631,  20.00000000,1014.05000000,   0.00275682
     39,                  1,0.02500000,     0.01000000            ,1.00000000            ,0.00000000,  15.40295630,  15.40295630,926207.12547687,   0.01481931,  19.00000000,1018.10526316,   0.00246706
     40,                  1,0.02100000,     0.00900000            ,1.00000000            ,0.00000000,  17.83026574,  17.83026574,866883.33451363,   0.01387013,  18.00000000,1086.05555556,   0.00201904
     41,                  1,0.02400000,     0.00800000            ,1.00000000            ,0.00000000,  17.98164822,  17.98164822,768089.15115958,   0.01228943,  16.00000000, 995.12500000,   0.00177959
     42,                  1,0.02100000,     0.00900000            ,1.00000000            ,0.00000000,  21.12462301,  21.12462301,727090.47570011,   0.01163345,  15.00000000,1090.06666667,   0.00142014
     43,                  1,0.02100000,     0.00800000            ,1.00000000            ,0.00000000,  15.94265411,  15.94265411,943244.53499197,   0.01509191,  19.00000000,1009.73684211,   0.00238354
     44,                  1,0.01900000,     0.00900000            ,1.00000000            ,0.00000000,  18.31421802,  18.31421802,825345.80444860,   0.01320553,  17.00000000,1066.52941176,   0.00185648
     45,                  1,0.01900000,     0.00900000            ,1.00000000            ,0.00000000,  23.32604453,  23.32604453,637116.06297767,   0.01019386,  13.00000000,1049.15384615,   0.00111463
     46,                  1,0.02200000,     0.00800000            ,1.00000000            ,0.00000000,  16.97573060,  16.97573060,868695.18814309,   0.01389912,  18.00000000,1048.22222222,   0.00212067
     47,                  1,0.01900000,     0.00900000            ,1.00000000            ,0.00000000,  17.61766415,  17.61766415,872228.18903178,   0.01395565,  18.00000000,1084.00000000,   0.00204340
     48,                  1,0.01800000,     0.00900000            ,1.00000000            ,0.00000000,  17.74189994,  17.74189994,832014.03802334,   0.01331222,  17.00000000,1029.41176471,   0.00191637
     49,                  1,0.01800000,     0.00900000            ,1.00000000            ,0.00000000,  17.99348009,  17.99348009,826607.15843137,   0.01322571,  17.00000000,1029.70588235,   0.00188957
     50,                  1,0.02400000,     0.00900000            ,1.00000000            ,0.00000000,  14.20083272,  14.20083272,1046804.26325561,   0.01674887,  21.00000000, 976.14285714,   0.00295757
     51,                  1,0.02000000,     0.00900000            ,1.00000000            ,0.00000000,  19.67747894,  19.67747894,724220.17199769,   0.01158752,  15.00000000,1028.26666667,   0.00152459
     52,                  1,0.02100000,     0.00900000            ,1.00000000            ,0.00000000,  16.64214269,  16.64214269,889451.12371476,   0.01423122,  18.00000000,1001.83333333,   0.00216318
     53,                  1,0.01900000,     0.01000000            ,1.00000000            ,0.00000000,  18.65701821,  18.65701821,786333.76842417,   0.01258134,  16.00000000,1039.00000000,   0.00171517
     54,                  1,0.02200000,     0.00900000            ,1.00000000            ,0.00000000,  14.36800065,  14.36800065,977186.90066156,   0.01563499,  20.00000000, 998.05000000,   0.00278396
     55,                  1,0.01800000,     0.00800000            ,1.00000000            ,0.00000000,  21.76660527,  21.76660527,679789.02349095,   0.01087662,  14.00000000,1031.14285714,   0.00128637
     56,                  1,0.01400000,     0.00900000            ,1.00000000            ,0.00000000,  22.14765246,  22.14765246,685636.95294035,   0.01097019,  14.00000000,1039.50000000,   0.00126424
     57,                  1,0.02100000,     0.00900000            ,1.00000000            ,0.00000000,  18.41413473,  18.41413473,782595.08270940,   0.01252152,  16.00000000, 989.87500000,   0.00173780
     58,                  1,0.02100000,     0.00900000            ,1.00000000            ,0.00000000,  15.12665497,  15.12665497,936724.06175517,   0.01498758,  19.00000000, 983.84210526,   0.00251212
     59,                  1,0.01900000,     0.00900000            ,1.00000000            ,0.00000000,  21.34453804,  21.34453804,720707.72645363,   0.01153132,  15.00000000,1096.53333333,   0.00140551
     60,                  1,0.02200000,     0.00900000            ,1.00000000            ,0.00000000,  17.57592452,  17.57592452,830574.56189864,   0.01328919,  17.00000000,1019.29411765,   0.00193446
     61,                  1,0.01800000,     0.01000000            ,1.00000000            ,0.00000000,  19.01762497,  19.01762497,774280.30602029,   0.01238848,  16.00000000,1046.06250000,   0.00168265
     62,                  1,0.01700000,     0.00900000            ,1.00000000            ,0.00000000,  25.91581545,  25.91581545,569308.59068802,   0.00910894,  12.00000000,1074.75000000,   0.00092608
     63,                  1,0.02200000,     0.00900000            ,1.00000000            ,0.00000000,  15.18008070,  15.18008070,992874.44787130,   0.01588599,  20.00000000, 981.85000000,   0.00263503
     64,                  1,0.02200000,     0.01000000            ,1.00000000            ,0.00000000,  21.77507118,  21.77507118,680472.06153765,   0.01088755,  14.00000000,1051.92857143,   0.00128587
     65,                  1,0.01600000,     0.01100000            ,1.00000000            ,0.00000000,  22.71068427,  22.71068427,682692.11331712,   0.01092307,  14.00000000,1090.07142857,   0.00123290
     66,                  1,0.02400000,     0.01100000            ,1.00000000            ,0.00000000,  19.13063997,  19.13063997,777480.18695270,   0.01243968,  16.00000000,1040.31250000,   0.00167271
     67,                  1,0.02100000,     0.01100000            ,1.00000000            ,0.00000000,  18.99064763,  18.99064763,766478.27055159,   0.01226365,  16.00000000,1083.62500000,   0.00168504
     68,                  1,0.02100000,     0.01300000            ,1.00000000            ,0.00000000,  15.13817049,  15.13817049,1000789.96311066,   0.01601264,  20.00000000, 984.20000000,   0.00264233
     69,                  1,0.01900000,     0.00900000            ,1.00000000            ,0.00000000,  16.72912270,  16.72912270,940454.31187429,   0.01504727,  19.00000000,1053.42105263,   0.00227149
     70,                  1,0.01900000,     0.00900000            ,1.00000000            ,0.00000000,  16.90163164,  16.90163164,871783.06338997,   0.01394853,  18.00000000,1064.16666667,   0.00212997
     71,                  1,0.02400000,     0.00900000            ,1.00000000            ,0.00000000,  21.02552951,  21.02552951,677477.45567824,   0.01083964,  14.00000000,1025.78571429,   0.00133171
     72,                  1,0.02000000,     0.00900000            ,1.00000000            ,0.00000000,  19.18840643,  19.18840643,769229.34080817,   0.01230767,  16.00000000,1037.12500000,   0.00166767
     73,                  1,0.02000000,     0.00800000            ,1.00000000            ,0.00000000,  18.82177698,  18.82177698,782657.25692337,   0.01252252,  16.00000000,1029.12500000,   0.00170016
     74,                  1,0.02000000,     0.00800000            ,1.00000000            ,0.00000000,  19.42692207,  19.42692207,780447.76719834,   0.01248716,  16.00000000,1075.37500000,   0.00164720
     75,                  1,0.02100000,     0.00900000            ,1.00000000            ,0.00000000,  18.05503334,  18.05503334,824057.52847475,   0.01318492,  17.00000000,1039.76470588,   0.00188313
     76,                  1,0.02400000,     0.00800000            ,1.00000000            ,0.00000000,  18.97644460,  18.97644460,730014.88290098,   0.01168024,  15.00000000, 986.86666667,   0.00158091
     77,                  1,0.02000000,     0.00800000            ,1.00000000            ,0.00000000,  20.42396064,  20.42396064,676308.49797662,   0.01082094,  14.00000000,1010.21428571,   0.00137094
     78,                  1,0.02000000,     0.00900000            ,1.00000000            ,0.00000000,  16.02815187,  16.02815187,920934.51293619,   0.01473495,  19.00000000,1057.42105263,   0.00237083
     79,                  1,0.02100000,     0.01100000            ,1.00000000            ,0.00000000,  16.65156685,  16.65156685,921791.37596303,   0.01474866,  19.00000000,1060.68421053,   0.00228207
     80,                  1,0.02000000,     0.01000000            ,1.00000000            ,0.00000000,  21.94791683,  21.94791683,679247.95649177,   0.01086797,  14.00000000,1069.92857143,   0.00127575
     81,                  1,0.02000000,     0.00900000            ,1.00000000            ,0.00000000,  15.33962513,  15.33962513,993234.24133230,   0.01589175,  20.00000000,1027.85000000,   0.00260763
     82,                  1,0.02000000,     0.00800000            ,1.00000000            ,0.00000000,  18.97621529,  18.97621529,785161.02411687,   0.01256258,  16.00000000,1035.43750000,   0.00168632
     83,                  1,0.01900000,     0.00900000            ,1.00000000            ,0.00000000,  19.20341198,  19.20341198,768814.33390058,   0.01230103,  16.00000000,1063.43750000,   0.00166637
     84,                  1,0.02000000,     0.00900000            ,1.00000000            ,0.00000000,  15.55268585,  15.55268585,968006.11201867,   0.01548810,  20.00000000,1045.70000000,   0.00257190
     85,                  1,0.01500000,     0.00900000            ,1.00000000            ,0.00000000,  23.44145912,  23.44145912,663712.03813536,   0.01061939,  14.00000000,1149.64285714,   0.00119446
     86,                  1,0.02200000,     0.00900000            ,1.00000000            ,0.00000000,  20.83290297,  20.83290297,674270.02024474,   0.01078832,  14.00000000,1033.92857143,   0.00134403
     87,                  1,0.01600000,     0.00900000            ,1.00000000            ,0.00000000,  22.02961305,  22.02961305,685612.02813659,   0.01096979,  14.00000000,1060.21428571,   0.00127102
     88,                  1,0.02200000,     0.00800000            ,1.00000000            ,0.00000000,  13.79080188,  13.79080188,1087367.29857536,   0.01739788,  22.00000000,1001.18181818,   0.00319053
     89,                  1,0.02000000,     0.00900000            ,1.00000000            ,0.00000000,  32.70401035,  32.70401035,428260.40961632,   0.00685217,   9.00000000,1042.88888889,   0.00055039
     90,                  1,0.01700000,     0.00800000            ,1.00000000            ,0.00000000,  23.44003698,  23.44003698,633364.14091457,   0.01013383,  13.00000000,1071.84615385,   0.00110921
     91,                  1,0.02000000,     0.00900000            ,1.00000000            ,0.00000000,  18.13701044,  18.13701044,836675.65809084,   0.01338681,  17.00000000,1039.52941176,   0.00187462
     92,                  1,0.02100000,     0.00800000            ,1.00000000            ,0.00000000,  14.31994490,  14.31994490,1046486.97585574,   0.01674379,  21.00000000, 990.95238095,   0.00293297
     93,                  1,0.02000000,     0.00800000            ,1.00000000            ,0.00000000,  18.91077651,  18.91077651,767556.36046856,   0.01228090,  16.00000000,1044.06250000,   0.00169216
     94,                  1,0.02200000,     0.00900000            ,1.00000000            ,0.00000000,  16.12240124,  16.12240124,878111.00792670,   0.01404978,  18.00000000, 988.27777778,   0.00223292
     95,                  1,0.01800000,     0.00900000            ,1.00000000            ,0.00000000,  17.22385318,  17.22385318,881571.58935435,   0.01410515,  18.00000000,1061.22222222,   0.00209012
     96,                  1,0.01700000,     0.00900000            ,1.00000000            ,0.00000000,  20.54780719,  20.54780719,744720.41363984,   0.01191553,  15.00000000,1063.00000000,   0.00146001
     97,                  1,0.01700000,     0.00900000            ,1.00000000            ,0.00000000,  21.88527506,  21.88527506,678366.79246913,   0.01085387,  14.00000000,1045.92857143,   0.00127940
     98,                  1,0.01900000,     0.01000000            ,1.00000000            ,0.00000000,  19.04122440,  19.04122440,772197.69152754,   0.01235516,  16.00000000,1053.56250000,   0.00168056
     99,                  1,0.01700000,     0.00900000            ,1.00000000            ,0.00000000,  17.47250739,  17.47250739,832575.07274361,   0.01332120,  17.00000000,1011.70588235,   0.00194591
    100,                  1,0.02000000,     0.00900000            ,1.00000000            ,0.00000000,  17.12578531,  17.12578531,878422.37033028,   0.01405476,  18.00000000,1037.22222222,   0.00210209
    101,                  1,0.01800000,     0.00900000            ,1.00000000            ,0.00000000,  23.82744027,  23.82744027,627004.05697569,   0.01003206,  13.00000000,1064.76923077,   0.00109118
    102,                  1,0.02100000,     0.00900000            ,1.00000000            ,0.00000000,  19.91269989,  19.91269989,757009.96036103,   0.01211216,  16.00000000,1092.93750000,   0.00160701
    103,                  1,0.02200000,     0.00800000            ,1.00000000            ,0.00000000,  19.30044316,  19.30044316,777532.78939358,   0.01244052,  16.00000000,1048.62500000,   0.00165799
    104,                  1,0.02200000,     0.01100000            ,1.00000000            ,0.00000000,  19.13280070,  19.13280070,781174.63373596,   0.01249879,  16.00000000,1039.75000000,   0.00167252
    105,                  1,0.02200000,     0.01000000            ,1.00000000            ,0.00000000,  18.13192544,  18.13192544,820746.11501910,   0.01313194,  17.00000000,1038.11764706,   0.00187515
    106,                  1,0.01900000,     0.01000000            ,1.00000000            ,0.00000000,  21.82929577,  21.82929577,664791.28838707,   0.01063666,  14.00000000,1099.85714286,   0.00128268
    107,                  1,0.02100000,     0.01000000            ,1.00000000            ,0.00000000,  20.43535196,  20.43535196,739649.35270802,   0.01183439,  15.00000000,1063.40000000,   0.00146804
    108,                  1,0.01700000,     0.01000000            ,1.00000000            ,0.00000000,  19.18720097,  19.18720097,779426.21000386,   0.01247082,  16.00000000,1064.43750000,   0.00166778
    109,                  1,0.02000000,     0.00900000            ,1.00000000            ,0.00000000,  14.47940374,  14.47940374,1049773.25153170,   0.01679637,  21.00000000,1012.76190476,   0.00290067
    110,                  1,0.01900000,     0.00900000            ,1.00000000            ,0.00000000,  21.81980404,  21.81980404,671169.76429506,   0.01073872,  14.00000000,1087.85714286,   0.00128324
    111,                  1,0.02200000,     0.00900000            ,1.00000000            ,0.00000000,  17.77873374,  17.77873374,838372.73872941,   0.01341396,  17.00000000,1042.17647059,   0.00191240
    112,                  1,0.02000000,     0.00800000            ,1.00000000            ,0.00000000,  16.18158121,  16.18158121,929992.81351439,   0.01487988,  19.00000000,1044.89473684,   0.00234835
    113,                  1,0.02000000,     0.01000000            ,1.00000000            ,0.00000000,  17.85869047,  17.85869047,826365.54716702,   0.01322185,  17.00000000,1049.52941176,   0.00190384
    114,                  1,0.01900000,     0.00900000            ,1.00000000            ,0.00000000,  16.72753669,  16.72753669,899654.86904354,   0.01439448,  18.00000000,1028.77777778,   0.00215214
    115,                  1,0.02000000,     0.00800000            ,1.00000000            ,0.00000000,  17.73558306,  17.73558306,831578.73944295,   0.01330526,  17.00000000,1031.70588235,   0.00191705
    116,                  1,0.01600000,     0.00900000            ,1.00000000            ,0.00000000,  26.21760228,  26.21760228,582616.66867386,   0.00932187,  12.00000000,1099.33333333,   0.00091542
    117,                  1,0.02300000,     0.01000000            ,1.00000000            ,0.00000000,  14.65052959,  14.65052959,996187.93000459,   0.01593901,  20.00000000, 986.50000000,   0.00273028
    118,                  1,0.02000000,     0.00900000            ,1.00000000            ,0.00000000,  18.81352687,  18.81352687,780830.36937956,   0.01249329,  16.00000000,1025.62500000,   0.00170090
    119,                  1,0.02000000,     0.00800000            ,1.00000000            ,0.00000000,  19.28605070,  19.28605070,772903.87821609,   0.01236646,  16.00000000,1057.00000000,   0.00165923
    120,                  1,0.02100000,     0.00900000            ,1.00000000            ,0.00000000,  16.02089333,  16.02089333,932355.49491752,   0.01491769,  19.00000000,1011.89473684,   0.00237190
    121,                  1,0.01900000,     0.01000000            ,1.00000000            ,0.00000000,  18.03730373,  18.03730373,834392.02894913,   0.01335027,  17.00000000,1032.64705882,   0.00188498
    122,                  1,0.02000000,     0.01000000            ,1.00000000            ,0.00000000,  18.07033634,  18.07033634,830397.22213433,   0.01328636,  17.00000000,1030.52941176,   0.00188154
    123,                  1,0.02100000,     0.00900000            ,1.00000000            ,0.00000000,  16.19058104,  16.19058104,933489.04315376,   0.01493582,  19.00000000,1031.21052632,   0.00234704
    124,                  1,0.01900000,     0.00900000            ,1.00000000            ,0.00000000,  17.59655102,  17.59655102,845135.39273875,   0.01352217,  17.00000000,1009.64705882,   0.00193220
    125,                  1,0.01900000,     0.01200000            ,1.00000000            ,0.00000000,  20.09390798,  20.09390798,722820.44311283,   0.01156513,  15.00000000,1037.60000000,   0.00149299
    126,                  1,0.02000000,     0.00800000            ,1.00000000            ,0.00000000,  17.65016561,  17.65016561,877904.04504733,   0.01404646,  18.00000000,1076.33333333,   0.00203964
    127,                  1,0.02200000,     0.00900000            ,1.00000000            ,0.00000000,  16.34888676,  16.34888676,888200.35538913,   0.01421121,  18.00000000,1019.88888889,   0.00220198
    128,                  1,0.02200000,     0.00900000            ,1.00000000            ,0.00000000,  14.66856182,  14.66856182,1002269.96460307,   0.01603632,  20.00000000, 978.85000000,   0.00272692
    129,                  1,0.02200000,     0.00900000            ,1.00000000            ,0.00000000,  23.39399012,  23.39399012,628317.67979612,   0.01005308,  13.00000000,1034.30769231,   0.00111140
    130,                  1,0.02200000,     0.00800000            ,1.00000000            ,0.00000000,  17.33553972,  17.33553972,824749.37062415,   0.01319599,  17.00000000,1012.23529412,   0.00196129
    131,                  1,0.02000000,     0.00800000            ,1.00000000            ,0.00000000,  19.61527937,  19.61527937,766731.10515242,   0.01226770,  16.00000000,1099.75000000,   0.00163138
    132,                  1,0.01900000,     0.01000000            ,1.00000000            ,0.00000000,  19.11258138,  19.11258138,779895.46211738,   0.01247833,  16.00000000,1053.31250000,   0.00167429
    133,                  1,0.01900000,     0.00900000            ,1.00000000            ,0.00000000,  20.09717254,  20.09717254,777107.21541767,   0.01243372,  16.00000000,1075.68750000,   0.00159226
    134,                  1,0.01900000,     0.00800000            ,1.00000000            ,0.00000000,  17.00045775,  17.00045775,879958.95436693,   0.01407934,  18.00000000,1026.22222222,   0.00211759
    135,                  1,0.01500000,     0.00900000            ,1.00000000            ,0.00000000,  20.90192053,  20.90192053,735178.82362797,   0.01176286,  15.00000000,1074.26666667,   0.00143527
    136,                  1,0.02100000,     0.00900000            ,1.00000000            ,0.00000000,  16.44579578,  16.44579578,925991.49116824,   0.01481586,  19.00000000,1041.10526316,   0.00231062
    137,                  1,0.02000000,     0.00900000            ,1.00000000            ,0.00000000,  18.10171903,  18.10171903,802308.21638769,   0.01283693,  17.00000000,1081.17647059,   0.00187827
    138,                  1,0.01500000,     0.00900000            ,1.00000000            ,0.00000000,  23.02924672,  23.02924672,664529.71868656,   0.01063248,  14.00000000,1118.50000000,   0.00121585
    139,                  1,0.02000000,     0.01000000            ,1.00000000            ,0.00000000,  18.71491915,  18.71491915,760241.41862543,   0.01216386,  16.00000000,1052.31250000,   0.00170987
    140,                  1,0.01800000,     0.00800000            ,1.00000000            ,0.00000000,  18.56656528,  18.56656528,839844.52125462,   0.01343751,  17.00000000,1064.58823529,   0.00183125
    141,                  1,0.01700000,     0.00800000            ,1.00000000            ,0.00000000,  21.50548260,  21.50548260,717276.30396066,   0.01147642,  15.00000000,1116.60000000,   0.00139499
    142,                  1,0.02000000,     0.00800000            ,1.00000000            ,0.00000000,  17.72472167,  17.72472167,845197.71978417,   0.01352316,  17.00000000,1004.35294118,   0.00191822
    143,                  1,0.02000000,     0.00900000            ,1.00000000            ,0.00000000,  21.92317392,  21.92317392,678851.96159527,   0.01086163,  14.00000000,1029.85714286,   0.00127719
    144,                  1,0.01800000,     0.01000000            ,1.00000000            ,0.00000000,  19.54006953,  19.54006953,778833.49828729,   0.01246134,  16.00000000,1087.37500000,   0.00163766
    145,                  1,0.02100000,     0.01000000            ,1.00000000            ,0.00000000,  17.53246043,  17.53246043,826209.10972388,   0.01321935,  17.00000000,1033.29411765,   0.00193926
    146,                  1,0.02100000,     0.01200000            ,1.00000000            ,0.00000000,  18.55977695,  18.55977695,837051.94630263,   0.01339283,  17.00000000,1060.58823529,   0.00183192
    147,                  1,0.02000000,     0.01100000            ,1.00000000            ,0.00000000,  19.21372833,  19.21372833,784381.47209791,   0.01255010,  16.00000000,1062.00000000,   0.00166548
    148,                  1,0.02100000,     0.01000000            ,1.00000000            ,0.00000000,  19.16239300,  19.16239300,790473.38186588,   0.01264757,  16.00000000,1013.06250000,   0.00166994
    149,                  1,0.01900000,     0.00900000            ,1.00000000            ,0.00000000,  17.96826282,  17.96826282,830933.79620830,   0.01329494,  17.00000000,1041.52941176,   0.00189223
    150,                  1,0.02000000,     0.00900000            ,1.00000000            ,0.00000000,  16.74418740,  16.74418740,877934.25036915,   0.01404695,  18.00000000,1044.55555556,   0.00215000
    151,                  1,0.02000000,     0.00900000            ,1.00000000            ,0.00000000,  15.52340846,  15.52340846,935472.24948087,   0.01496756,  19.00000000, 991.89473684,   0.00244792
    152,                  1,0.01900000,     0.00900000            ,1.00000000            ,0.00000000,  23.05784263,  23.05784263,670635.61462137,   0.01073017,  14.00000000,1089.07142857,   0.00121434
    153,                  1,0.02300000,     0.01000000            ,1.00000000            ,0.00000000,  16.60271154,  16.60271154,893698.21157748,   0.01429917,  18.00000000,1006.11111111,   0.00216832
    154,                  1,0.01600000,     0.00900000            ,1.00000000            ,0.00000000,  21.46918579,  21.46918579,717416.02807293,   0.01147866,  15.00000000,1113.06666667,   0.00139735
    155,                  1,0.02000000,     0.00800000            ,1.00000000            ,0.00000000,  16.59024870,  16.59024870,871828.36529896,   0.01394925,  18.00000000,1045.38888889,   0.00216995
    156,                  1,0.01900000,     0.00900000            ,1.00000000            ,0.00000000,  21.80849469,  21.80849469,677908.89926322,   0.01084654,  14.00000000,1055.57142857,   0.00128390
    157,                  1,0.02000000,     0.00800000            ,1.00000000            ,0.00000000,  22.40938269,  22.40938269,663155.45668456,   0.01061049,  14.00000000,1104.07142857,   0.00124948
    158,                  1,0.01500000,     0.00900000            ,1.00000000            ,0.00000000,  26.97368425,  26.97368425,571430.40544171,   0.00914289,  12.00000000,1111.66666667,   0.00088976
    159,                  1,0.01900000,     0.00900000            ,1.00000000            ,0.00000000,  19.21883417,  19.21883417,784684.02690426,   0.01255494,  16.00000000,1019.62500000,   0.00166503
    160,                  1,0.02200000,     0.00800000            ,1.00000000            ,0.00000000,  16.59699375,  16.59699375,866006.87909868,   0.01385611,  18.00000000,1025.88888889,   0.00216907
    161,                  1,0.01900000,     0.01000000            ,1.00000000            ,0.00000000,  21.37703731,  21.37703731,667120.76117657,   0.01067393,  14.00000000,1041.28571429,   0.00130982
    162,                  1,0.02000000,     0.01000000            ,1.00000000            ,0.00000000,  19.64401741,  19.64401741,764151.27936944,   0.01222642,  16.00000000,1099.56250000,   0.00162899
    163,                  1,0.01900000,     0.00900000            ,1.00000000            ,0.00000000,  20.44886591,  20.44886591,741169.43120949,   0.01185871,  15.00000000,1040.00000000,   0.00146707
    164,                  1,0.02100000,     0.00800000            ,1.00000000            ,0.00000000,  15.40647398,  15.40647398,951295.09574271,   0.01522072,  19.00000000, 991.52631579,   0.00246650
    165,                  1,0.02000000,     0.00900000            ,1.00000000            ,0.00000000,  17.54660822,  17.54660822,884536.85160866,   0.01415259,  18.00000000,1053.16666667,   0.00205168
    166,                  1,0.02100000,     0.00900000            ,1.00000000            ,0.00000000,  20.01752090,  20.01752090,728330.08629563,   0.01165328,  15.00000000,1056.93333333,   0.00149869
    167,                  1,0.01700000,     0.00800000            ,1.00000000            ,0.00000000,  19.69546991,  19.69546991,776025.57633207,   0.01241641,  16.00000000,1070.93750000,   0.00162474
    168,                  1,0.01800000,     0.00900000            ,1.00000000            ,0.00000000,  24.47475095,  24.47475095,623844.59044308,   0.00998151,  13.00000000,1105.69230769,   0.00106232
    169,                  1,0.02000000,     0.00900000            ,1.00000000            ,0.00000000,  15.85377062,  15.85377062,942844.74599740,   0.01508552,  19.00000000,1020.78947368,   0.00239691
    170,                  1,0.02200000,     0.00900000            ,1.00000000            ,0.00000000,  15.21462590,  15.21462590,944925.67436638,   0.01511881,  19.00000000, 973.47368421,   0.00249760
    171,                  1,0.02300000,     0.00800000            ,1.00000000            ,0.00000000,  17.11360996,  17.11360996,822124.52893012,   0.01315399,  17.00000000, 984.29411765,   0.00198672
    172,                  1,0.01800000,     0.00900000            ,1.00000000            ,0.00000000,  20.28096036,  20.28096036,717481.37175286,   0.01147970,  15.00000000,1087.20000000,   0.00147922
    173,                  1,0.01900000,     0.00900000            ,1.00000000            ,0.00000000,  19.21525541,  19.21525541,771352.09012306,   0.01234163,  16.00000000,1067.81250000,   0.00166534
    174,                  1,0.02100000,     0.00900000            ,1.00000000            ,0.00000000,  21.92963737,  21.92963737,660786.42138854,   0.01057258,  14.00000000,1091.35714286,   0.00127681
    175,                  1,0.01800000,     0.00900000            ,1.00000000            ,0.00000000,  18.17651787,  18.17651787,815167.27462249,   0.01304268,  17.00000000,1052.64705882,   0.00187055
    176,                  1,0.02000000,     0.00900000            ,1.00000000            ,0.00000000,  24.64455244,  24.64455244,574928.49651611,   0.00919886,  12.00000000,1038.16666667,   0.00097385
    177,                  1,0.02200000,     0.00800000            ,1.00000000            ,0.00000000,  17.69243640,  17.69243640,834243.02149945,   0.01334789,  17.00000000,1028.70588235,   0.00192173
    178,                  1,0.02000000,     0.00900000            ,1.00000000            ,0.00000000,  17.73348492,  17.73348492,850643.54790368,   0.01361030,  17.00000000, 998.94117647,   0.00191728
    179,                  1,0.02000000,     0.00900000            ,1.00000000            ,0.00000000,  18.10647722,  18.10647722,833149.52651352,   0.01333039,  17.00000000,1035.52941176,   0.00187778
    180,                  1,0.02000000,     0.00900000            ,1.00000000            ,0.00000000,  17.44529906,  17.44529906,841391.83421073,   0.01346227,  17.00000000,1001.94117647,   0.00194895
    181,                  1,0.02300000,     0.00800000            ,1.00000000            ,0.00000000,  17.10392494,  17.10392494,876296.77429833,   0.01402075,  18.00000000,1053.33333333,   0.00210478
    182,                  1,0.02000000,     0.00900000            ,1.00000000            ,0.00000000,  21.86468323,  21.86468323,667842.10581180,   0.01068547,  14.00000000,1087.35714286,   0.00128060
    183,                  1,0.01900000,     0.01000000            ,1.00000000            ,0.00000000,  21.98093510,  21.98093510,683838.52712231,   0.01094142,  14.00000000,1068.28571429,   0.00127383
    184,                  1,0.02200000,     0.01000000            ,1.00000000            ,0.00000000,  19.12087130,  19.12087130,783775.89110344,   0.01254041,  16.00000000,1042.43750000,   0.00167356
    185,                  1,0.02100000,     0.01000000            ,1.00000000            ,0.00000000,  17.69317937,  17.69317937,879387.46639556,   0.01407020,  18.00000000,1069.27777778,   0.00203468
    186,                  1,0.02300000,     0.00900000            ,1.00000000            ,0.00000000,  16.44218651,  16.44218651,893406.91500882,   0.01429451,  18.00000000, 987.27777778,   0.00218949
    187,                  1,0.01700000,     0.01100000            ,1.00000000            ,0.00000000,  25.09104798,  25.09104798,576146.57695672,   0.00921835,  12.00000000,1063.50000000,   0.00095652
    188,                  1,0.02100000,     0.00900000            ,1.00000000            ,0.00000000,  22.97976301,  22.97976301,626335.03152528,   0.01002136,  13.00000000,1021.53846154,   0.00113143
    189,                  1,0.02200000,     0.00900000            ,1.00000000            ,0.00000000,  19.32516542,  19.32516542,735840.48394507,   0.01177345,  15.00000000,1001.06666667,   0.00155238
    190,                  1,0.01900000,     0.00900000            ,1.00000000            ,0.00000000,  16.90844960,  16.90844960,880515.18392701,   0.01408824,  18.00000000,1006.44444444,   0.00212911
    191,                  1,0.01800000,     0.00800000            ,1.00000000            ,0.00000000,  20.96968415,  20.96968415,727057.76737464,   0.01163292,  15.00000000,1080.26666667,   0.00143064
    192,                  1,0.02000000,     0.00900000            ,1.00000000            ,0.00000000,  20.71278960,  20.71278960,719091.56277137,   0.01150546,  15.00000000,1069.33333333,   0.00144838
    193,                  1,0.01400000,     0.00900000            ,1.00000000            ,0.00000000,  20.69229650,  20.69229650,738248.32982715,   0.01181197,  15.00000000,1053.13333333,   0.00144981
    194,                  1,0.02100000,     0.00900000            ,1.00000000            ,0.00000000,  16.74547048,  16.74547048,867595.09310409,   0.01388152,  18.00000000,1070.16666667,   0.00214984
    195,                  1,0.01900000,     0.01000000            ,1.00000000            ,0.00000000,  15.12428934,  15.12428934,977585.75519660,   0.01564137,  20.00000000,1024.25000000,   0.00264475
    196,                  1,0.02200000,     0.01000000            ,1.00000000            ,0.00000000,  18.54715043,  18.54715043,778790.02764178,   0.01246064,  16.00000000,1023.68750000,   0.00172533
    197,                  1,0.01600000,     0.00800000            ,1.00000000            ,0.00000000,  21.13595390,  21.13595390,738603.69362420,   0.01181766,  15.00000000,1030.13333333,   0.00141938
    198,                  1,0.02000000,     0.00800000            ,1.00000000            ,0.00000000,  17.20247070,  17.20247070,846397.64832357,   0.01354236,  17.00000000, 996.94117647,   0.00197646
    199,                  1,0.01900000,     0.01000000            ,1.00000000            ,0.00000000,  17.96023614,  17.96023614,833260.74136127,   0.01333217,  17.00000000,1028.70588235,   0.00189307
    200,                  1,0.02300000,     0.00900000            ,1.00000000            ,0.00000000,  17.09518384,  17.09518384,843784.41684304,   0.01350055,  17.00000000, 967.29411765,   0.00198886
    201,                  1,0.02100000,     0.00900000            ,1.00000000            ,0.00000000,  15.83105602,  15.83105602,892396.53067120,   0.01427834,  18.00000000, 955.05555556,   0.00227401
    202,                  1,0.02300000,     0.00900000            ,1.00000000            ,0.00000000,  19.49527102,  19.49527102,727097.78952043,   0.01163356,  15.00000000,1013.40000000,   0.00153883
    203,                  1,0.02100000,     0.01000000            ,1.00000000            ,0.00000000,  15.92530950,  15.92530950,927123.36335512,   0.01483397,  19.00000000,1021.68421053,   0.00238614
    204,                  1,0.01700000,     0.01000000            ,1.00000000            ,0.00000000,  18.23857501,  18.23857501,838688.19780688,   0.01341901,  17.00000000,1050.35294118,   0.00186418
    205,                  1,0.02000000,     0.01000000            ,1.00000000            ,0.00000000,  20.96698764,  20.96698764,690276.24772445,   0.01104442,  14.00000000, 977.78571429,   0.00133543
    206,                  1,0.02000000,     0.01000000            ,1.00000000            ,0.00000000,  19.39372785,  19.39372785,775994.36419158,   0.01241591,  16.00000000,1035.75000000,   0.00165002
    207,                  1,0.02200000,     0.01000000            ,1.00000000            ,0.00000000,  19.70588088,  19.70588088,731042.47685660,   0.01169668,  15.00000000,1022.46666667,   0.00152239
    208,                  1,0.01800000,     0.00800000            ,1.00000000            ,0.00000000,  19.16413828,  19.16413828,777274.38922353,   0.01243639,  16.00000000,1058.81250000,   0.00166979
    209,                  1,0.02000000,     0.00800000            ,1.00000000            ,0.00000000,  19.00460274,  19.00460274,787920.31145436,   0.01260672,  16.00000000,1005.00000000,   0.00168380
    210,                  1,0.02200000,     0.00900000            ,1.00000000            ,0.00000000,  17.42384820,  17.42384820,881888.92820231,   0.01411022,  18.00000000,1078.77777778,   0.00206613
    211,                  1,0.01900000,     0.00900000            ,1.00000000            ,0.00000000,  17.07894508,  17.07894508,883688.82696505,   0.01413902,  18.00000000,1046.72222222,   0.00210786
    212,                  1,0.01600000,     0.00900000            ,1.00000000            ,0.00000000,  19.48387196,  19.48387196,792485.35164943,   0.01267977,  16.00000000,1035.56250000,   0.00164238
    213,                  1,0.02000000,     0.00800000            ,1.00000000            ,0.00000000,  17.51081152,  17.51081152,882706.66389089,   0.01412331,  18.00000000,1048.38888889,   0.00205587
    214,                  1,0.02200000,     0.00900000            ,1.00000000            ,0.00000000,  16.47011455,  16.47011455,884305.67400424,   0.01414889,  18.00000000,1000.83333333,   0.00218578
    215,                  1,0.02100000,     0.01000000            ,1.00000000            ,0.00000000,  15.31990931,  15.31990931,996941.06113300,   0.01595106,  20.00000000,1001.40000000,   0.00261098
    216,                  1,0.01800000,     0.00900000            ,1.00000000            ,0.00000000,  19.01927196,  19.01927196,772573.46605018,   0.01236118,  16.00000000,1080.62500000,   0.00168250
    217,                  1,0.02100000,     0.00800000            ,1.00000000            ,0.00000000,  16.60171094,  16.60171094,932637.54160639,   0.01492220,  19.00000000,1025.73684211,   0.00228892
    218,                  1,0.02000000,     0.00900000            ,1.00000000            ,0.00000000,  18.62094958,  18.62094958,830141.16037014,   0.01328226,  17.00000000,1065.23529412,   0.00182590
    219,                  1,0.01800000,     0.00900000            ,1.00000000            ,0.00000000,  21.85524508,  21.85524508,653478.65744075,   0.01045566,  14.00000000,1133.85714286,   0.00128116
    220,                  1,0.02000000,     0.00800000            ,1.00000000            ,0.00000000,  14.31848406,  14.31848406,1036902.67021365,   0.01659044,  21.00000000,1008.47619048,   0.00293327
    221,                  1,0.02100000,     0.00900000            ,1.00000000            ,0.00000000,  16.83074637,  16.83074637,893440.47682596,   0.01429505,  18.00000000,1024.50000000,   0.00213894
    222,                  1,0.02100000,     0.01000000            ,1.00000000            ,0.00000000,  18.22055117,  18.22055117,794680.09482977,   0.01271488,  16.00000000,1006.25000000,   0.00175626
    223,                  1,0.02200000,     0.00900000            ,1.00000000            ,0.00000000,  17.97658632,  17.97658632,828309.83334834,   0.01325296,  17.00000000,1039.47058824,   0.00189135
    224,                  1,0.01900000,     0.00900000            ,1.00000000            ,0.00000000,  15.58272896,  15.58272896,982724.87168979,   0.01572360,  20.00000000,1041.20000000,   0.00256694
    225,                  1,0.02200000,     0.00800000            ,1.00000000            ,0.00000000,  18.58297704,  18.58297704,769013.44564299,   0.01230421,  16.00000000,1060.81250000,   0.00172201
    226,                  1,0.01900000,     0.00900000            ,1.00000000            ,0.00000000,  18.69973169,  18.69973169,779047.08048812,   0.01246475,  16.00000000,1031.37500000,   0.00171125
    227,                  1,0.02000000,     0.00900000            ,1.00000000            ,0.00000000,  18.53280991,  18.53280991,784788.47656419,   0.01255662,  16.00000000,1005.56250000,   0.00172667
    228,                  1,0.02100000,     0.00900000            ,1.00000000            ,0.00000000,  17.67992245,  17.67992245,840003.70260128,   0.01344006,  17.00000000,1026.64705882,   0.00192309
    229,                  1,0.02000000,     0.00800000            ,1.00000000            ,0.00000000,  19.30620708,  19.30620708,780942.15541036,   0.01249507,  16.00000000,1057.56250000,   0.00165750
    230,                  1,0.02100000,     0.00900000            ,1.00000000            ,0.00000000,  15.44426600,  15.44426600,991159.18629862,   0.01585855,  20.00000000,1036.20000000,   0.00258996
    231,                  1,0.02200000,     0.00900000            ,1.00000000            ,0.00000000,  19.50871039,  19.50871039,739049.63856079,   0.01182479,  15.00000000,1005.13333333,   0.00153777
    232,                  1,0.02300000,     0.01100000            ,1.00000000            ,0.00000000,  16.22702101,  16.22702101,880667.96258555,   0.01409069,  18.00000000, 992.88888889,   0.00221852
    233,                  1,0.02000000,     0.01000000            ,1.00000000            ,0.00000000,  15.90230336,  15.90230336,927124.47961475,   0.01483399,  19.00000000,1032.42105263,   0.00238959
    234,                  1,0.02000000,     0.01000000            ,1.00000000            ,0.00000000,  17.23009625,  17.23009625,863042.11049181,   0.01380867,  18.00000000,1087.44444444,   0.00208937
    235,                  1,0.01800000,     0.01100000            ,1.00000000            ,0.00000000,  18.20062962,  18.20062962,845887.96734594,   0.01353421,  17.00000000,1029.64705882,   0.00186807
    236,                  1,0.02100000,     0.01000000            ,1.00000000            ,0.00000000,  20.85125433,  20.85125433,676695.77508311,   0.01082713,  14.00000000,1032.21428571,   0.00134284
    237,                  1,0.01800000,     0.00900000            ,1.00000000            ,0.00000000,  27.24217074,  27.24217074,581581.89592856,   0.00930531,  12.00000000,1119.50000000,   0.00088099
    238,                  1,0.01800000,     0.00900000            ,1.00000000            ,0.00000000,  19.64914024,  19.64914024,746041.08268489,   0.01193666,  15.00000000, 992.06666667,   0.00152678
    239,                  1,0.01700000,     0.01000000            ,1.00000000            ,0.00000000,  27.05062049,  27.05062049,562932.91886298,   0.00900693,  12.00000000,1168.66666667,   0.00088723
    240,                  1,0.02000000,     0.00800000            ,1.00000000            ,0.00000000,  15.80982877,  15.80982877,986494.15742568,   0.01578391,  20.00000000,1028.20000000,   0.00253007
    241,                  1,0.01900000,     0.00900000            ,1.00000000            ,0.00000000,  16.46115826,  16.46115826,947346.96275618,   0.01515755,  19.00000000,1029.89473684,   0.00230846
    242,                  1,0.02000000,     0.00900000            ,1.00000000            ,0.00000000,  17.91778470,  17.91778470,841114.97216114,   0.01345784,  17.00000000,1054.94117647,   0.00189756
    243,                  1,0.02000000,     0.01000000            ,1.00000000            ,0.00000000,  19.20496277,  19.20496277,734842.01947377,   0.01175747,  15.00000000,1029.86666667,   0.00156210
    244,                  1,0.01900000,     0.00900000            ,1.00000000            ,0.00000000,  18.04692776,  18.04692776,829099.38963954,   0.01326559,  17.00000000,1038.88235294,   0.00188398
    245,                  1,0.02000000,     0.00900000            ,1.00000000            ,0.00000000,  19.16842533,  19.16842533,780826.75789192,   0.01249323,  16.00000000,1056.12500000,   0.00166941
    246,                  1,0.01800000,     0.00900000            ,1.00000000            ,0.00000000,  18.37444738,  18.37444738,793386.59376626,   0.01269419,  16.00000000,1000.00000000,   0.00174155
    247,                  1,0.02100000,     0.01000000            ,1.00000000            ,0.00000000,  18.35376254,  18.35376254,826951.98414032,   0.01323123,  17.00000000,1077.11764706,   0.00185248
    248,                  1,0.01900000,     0.00800000            ,1.00000000            ,0.00000000,  24.07234101,  24.07234101,621864.48353650,   0.00994983,  13.00000000,1080.76923077,   0.00108008
    249,                  1,0.02100000,     0.01000000            ,1.00000000            ,0.00000000,  14.15196864,  14.15196864,1091779.79401569,   0.01746848,  22.00000000,1008.90909091,   0.00310911
    250,                  1,0.02100000,     0.00900000            ,1.00000000            ,0.00000000,  17.80875697,  17.80875697,839324.85978333,   0.01342920,  17.00000000,1015.17647059,   0.00190917
    251,                  1,0.02000000,     0.00900000            ,1.00000000            ,0.00000000,  17.51370684,  17.51370684,827755.56195931,   0.01324409,  17.00000000,1034.11764706,   0.00194134
    252,                  1,0.02000000,     0.00900000            ,1.00000000            ,0.00000000,  17.12909722,  17.12909722,835006.21338545,   0.01336010,  17.00000000,1009.64705882,   0.00198493
    253,                  1,0.02100000,     0.00900000            ,1.00000000            ,0.00000000,  22.79345145,  22.79345145,641712.39971622,   0.01026740,  13.00000000,1014.00000000,   0.00114068
    254,                  1,0.02100000,     0.01000000            ,1.00000000            ,0.00000000,  17.45065887,  17.45065887,835282.34812247,   0.01336452,  17.00000000,1012.47058824,   0.00194835
    255,                  1,0.02200000,     0.00900000            ,1.00000000            ,0.00000000,  16.73853145,  16.73853145,883947.89428915,   0.01414317,  18.00000000,1027.11111111,   0.00215073
    256,                  1,0.02200000,     0.00900000            ,1.00000000            ,0.00000000,  15.73307546,  15.73307546,942890.70093368,   0.01508625,  19.00000000,1019.42105263,   0.00241529
    257,                  1,0.02400000,     0.01000000            ,1.00000000            ,0.00000000,  19.13915365,  19.13915365,780345.91777597,   0.01248553,  16.00000000,1027.93750000,   0.00167197
    258,                  1,0.03000000,     0.00900000            ,1.00000000            ,0.00000000,  16.93984218,  16.93984218,830087.87818888,   0.01328141,  17.00000000,1003.76470588,   0.00200710
    259,                  1,0.01800000,     0.01000000            ,1.00000000            ,0.00000000,  17.95360827,  17.95360827,838974.66878139,   0.01342359,  17.00000000,1018.47058824,   0.00189377
    260,                  1,0.02200000,     0.00900000            ,1.00000000            ,0.00000000,  16.85495269,  16.85495269,880312.74010121,   0.01408500,  18.00000000,1037.88888889,   0.00213587
    261,                  1,0.01500000,     0.00900000            ,1.00000000            ,0.00000000,  21.13445703,  21.13445703,720828.23196519,   0.01153325,  15.00000000,1089.33333333,   0.00141948
    262,                  1,0.01900000,     0.00900000            ,1.00000000            ,0.00000000,  20.66776022,  20.66776022,724928.65322368,   0.01159886,  15.00000000,1079.06666667,   0.00145154
    263,                  1,0.01600000,     0.00900000            ,1.00000000            ,0.00000000,  22.52849707,  22.52849707,672542.62740333,   0.01076068,  14.00000000,1105.21428571,   0.00124287
    264,                  1,0.01900000,     0.00900000            ,1.00000000            ,0.00000000,  20.60822302,  20.60822302,737424.77256003,   0.01179880,  15.00000000,1021.20000000,   0.00145573
    265,                  1,0.01900000,     0.00900000            ,1.00000000            ,0.00000000,  18.85988893,  18.85988893,782860.52519973,   0.01252577,  16.00000000,1040.75000000,   0.00169672
    266,                  1,0.02400000,     0.00900000            ,1.00000000            ,0.00000000,  16.14394022,  16.14394022,924079.61445558,   0.01478527,  19.00000000,1033.42105263,   0.00235382
    267,                  1,0.01900000,     0.00900000            ,1.00000000            ,0.00000000,  15.87735342,  15.87735342,937430.05771978,   0.01499888,  19.00000000,1005.63157895,   0.00239335
    268,                  1,0.01900000,     0.00900000            ,1.00000000            ,0.00000000,  16.73220830,  16.73220830,879337.56988565,   0.01406940,  18.00000000,1033.61111111,   0.00215154
    269,                  1,0.02000000,     0.01000000            ,1.00000000            ,0.00000000,  17.97282064,  17.97282064,827345.49479395,   0.01323753,  17.00000000,1042.00000000,   0.00189175
    270,                  1,0.01600000,     0.01000000            ,1.00000000            ,0.00000000,  17.93475315,  17.93475315,825168.26014311,   0.01320269,  17.00000000,1048.17647059,   0.00189576
    271,                  1,0.02100000,     0.01000000            ,1.00000000            ,0.00000000,  16.85676622,  16.85676622,892358.19264371,   0.01427773,  18.00000000,1024.38888889,   0.00213564
    272,                  1,0.01800000,     0.01000000            ,1.00000000            ,0.00000000,  20.85686062,  20.85686062,729682.23152015,   0.01167492,  15.00000000,1061.86666667,   0.00143838
    273,                  1,0.02000000,     0.01000000            ,1.00000000            ,0.00000000,  16.78970446,  16.78970446,887204.42400045,   0.01419527,  18.00000000,1000.50000000,   0.00214417
    274,                  1,0.02200000,     0.01100000            ,1.00000000            ,0.00000000,  19.07118322,  19.07118322,775453.14539481,   0.01240725,  16.00000000,1079.87500000,   0.00167792
    275,                  1,0.01800000,     0.00900000            ,1.00000000            ,0.00000000,  18.88155707,  18.88155707,762252.65210234,   0.01219604,  16.00000000,1062.43750000,   0.00169478
    276,                  1,0.01900000,     0.00900000            ,1.00000000            ,0.00000000,  19.53524855,  19.53524855,770166.18713934,   0.01232266,  16.00000000,1078.12500000,   0.00163806
    277,                  1,0.01700000,     0.00900000            ,1.00000000            ,0.00000000,  15.41331900,  15.41331900,988089.88317007,   0.01580944,  20.00000000,1025.50000000,   0.00259516
    278,                  1,0.02300000,     0.01000000            ,1.00000000            ,0.00000000,  22.39145366,  22.39145366,627494.34820870,   0.01003991,  13.00000000,1042.38461538,   0.00116116
    279,                  1,0.02200000,     0.01000000            ,1.00000000            ,0.00000000,  18.03044771,  18.03044771,824036.59237711,   0.01318459,  17.00000000,1042.94117647,   0.00188570
    280,                  1,0.02400000,     0.01100000            ,1.00000000            ,0.00000000,  16.93616215,  16.93616215,891576.00878080,   0.01426522,  18.00000000,1003.94444444,   0.00212563
    281,                  1,0.02100000,     0.01100000            ,1.00000000            ,0.00000000,  17.87985118,  17.87985118,840332.40199266,   0.01344532,  17.00000000,1029.52941176,   0.00190158
    282,                  1,0.02100000,     0.01000000            ,1.00000000            ,0.00000000,  19.13475063,  19.13475063,795734.95698328,   0.01273176,  16.00000000,1043.50000000,   0.00167235
    283,                  1,0.02300000,     0.01100000            ,1.00000000            ,0.00000000,  17.34373548,  17.34373548,837201.78612927,   0.01339523,  17.00000000,1005.35294118,   0.00196036
    284,                  1,0.01900000,     0.01100000            ,1.00000000            ,0.00000000,  20.12458329,  20.12458329,790541.15009962,   0.01264866,  16.00000000,1058.37500000,   0.00159010
    285,                  1,0.01900000,     0.00900000            ,1.00000000            ,0.00000000,  23.92908809,  23.92908809,622784.14450144,   0.00996455,  13.00000000,1074.92307692,   0.00108654
    286,                  1,0.02100000,     0.00900000            ,1.00000000            ,0.00000000,  20.96311673,  20.96311673,732473.06934671,   0.01171957,  15.00000000,1066.66666667,   0.00143108
    287,                  1,0.02600000,     0.01000000            ,1.00000000            ,0.00000000,  21.78646133,  21.78646133,681661.85233460,   0.01090659,  14.00000000,1087.85714286,   0.00128520
    288,                  1,0.01900000,     0.01000000            ,1.00000000            ,0.00000000,  21.51001640,  21.51001640,720158.82257368,   0.01152254,  15.00000000,1117.46666667,   0.00139470
    289,                  1,0.01900000,     0.01000000            ,1.00000000            ,0.00000000,  24.86437271,  24.86437271,609558.17291015,   0.00975293,  13.00000000,1163.15384615,   0.00104567
    290,                  1,0.02300000,     0.01000000            ,1.00000000            ,0.00000000,  16.49336405,  16.49336405,925687.90583481,   0.01481101,  19.00000000,1035.52631579,   0.00230396
    291,                  1,0.02400000,     0.01000000            ,1.00000000            ,0.00000000,  19.12297868,  19.12297868,730988.20939949,   0.01169581,  15.00000000,1002.00000000,   0.00156879
    292,                  1,0.01900000,     0.01100000            ,1.00000000            ,0.00000000,  18.23304417,  18.23304417,842023.65917817,   0.01347238,  17.00000000,1025.64705882,   0.00186475
    293,                  1,0.02000000,     0.01000000            ,1.00000000            ,0.00000000,  21.47010381,  21.47010381,725746.78467260,   0.01161195,  15.00000000,1127.73333333,   0.00139729
    294,                  1,0.02100000,     0.01200000            ,1.00000000            ,0.00000000,  17.47293862,  17.47293862,880348.00305591,   0.01408557,  18.00000000,1047.61111111,   0.00206033
    295,                  1,0.02400000,     0.01100000            ,1.00000000            ,0.00000000,  16.10532065,  16.10532065,886113.73251938,   0.01417782,  18.00000000,1009.72222222,   0.00223529
    296,                  1,0.01900000,     0.01100000            ,1.00000000            ,0.00000000,  17.91707782,  17.91707782,827519.76152350,   0.01324032,  17.00000000,1040.29411765,   0.00189763
    297,                  1,0.02400000,     0.01000000            ,1.00000000            ,0.00000000,  16.40674348,  16.40674348,883809.10246538,   0.01414095,  18.00000000, 989.66666667,   0.00219422
    298,                  1,0.01900000,     0.01100000            ,1.00000000            ,0.00000000,  17.30046552,  17.30046552,874866.06494593,   0.01399786,  18.00000000,1044.61111111,   0.00208087
    299,                  1,0.01900000,     0.00900000            ,1.00000000            ,0.00000000,  19.09364270,  19.09364270,776867.74822661,   0.01242988,  16.00000000,1057.68750000,   0.00167595
    300,                  1,0.01800000,     0.00900000            ,1.00000000            ,0.00000000,  23.01807342,  23.01807342,634422.90355945,   0.01015077,  13.00000000,1051.61538462,   0.00112955
---------------------------------------------------------------------------------------------------
Mean Percolation=1.00000000
Mean Processing Time=0.02006667
Mean set up time=0.00923000
Mean correlation Length=0.00000000
Mean Area of component[0]=0.00000000
Mean Area of component[1]=0.00000000
