Component 1 maximum area=0.45 [on 300x300]
Component type: Circle
---------------------------------------------------------------------------------------
--------------|------- Center-----|----- dimensions---------|----------------------
component| id|    X       |     Y      |  Width/a     | height/b |   hoop   |   Slope   
---------------------------------------------------------------------------------------
          1,    1,         96,         81,       50.5,       50.5,          0   ,          0
          1,    2,         26,         44,       50.5,       50.5,          0   ,          0
          1,    3,         35,        108,       50.5,       50.5,          0   ,          0
          1,    4,        103,         38,       50.5,       50.5,          0   ,          0
          1,    5,        246,         32,       50.5,       50.5,          0   ,          0
          1,    6,        284,         18,       50.5,       50.5,          0   ,          0
          1,    7,         41,        193,       50.5,       50.5,          0   ,          0
          1,    8,        133,         68,       50.5,       50.5,          0   ,          0
          1,    9,        294,        293,       50.5,       50.5,          0   ,          0
------------------------------------------------------------------------------
Component[1] Total Spheres = 9