Component 1 maximum area=0.45 [on 300x300]
Component type: Circle
---------------------------------------------------------------------------------------
--------------|------- Center-----|----- dimensions---------|----------------------
component| id|    X       |     Y      |  Width/a     | height/b |   hoop   |   Slope   
---------------------------------------------------------------------------------------
          1,    1,        149,        260,       50.5,       50.5,          0   ,          0
          1,    2,        215,        125,       50.5,       50.5,          0   ,          0
          1,    3,        178,         23,       50.5,       50.5,          0   ,          0
          1,    4,        171,        166,       50.5,       50.5,          0   ,          0
          1,    5,        174,         27,       50.5,       50.5,          0   ,          0
          1,    6,          2,        191,       50.5,       50.5,          0   ,          0
          1,    7,        141,        197,       50.5,       50.5,          0   ,          0
          1,    8,         40,          1,       50.5,       50.5,          0   ,          0
          1,    9,         57,         99,       50.5,       50.5,          0   ,          0
------------------------------------------------------------------------------
Component[1] Total Spheres = 9