Component 1 maximum area=0.45 [on 300x300]
Component type: Circle
---------------------------------------------------------------------------------------
--------------|------- Center-----|----- dimensions---------|----------------------
component| id|    X       |     Y      |  Width/a     | height/b |   hoop   |   Slope   
---------------------------------------------------------------------------------------
          1,    1,          6,        290,       50.5,       50.5,          0   ,          0
          1,    2,          3,        276,       50.5,       50.5,          0   ,          0
          1,    3,        110,        232,       50.5,       50.5,          0   ,          0
          1,    4,        224,        266,       50.5,       50.5,          0   ,          0
          1,    5,        133,        237,       50.5,       50.5,          0   ,          0
          1,    6,         17,         84,       50.5,       50.5,          0   ,          0
          1,    7,         42,        120,       50.5,       50.5,          0   ,          0
          1,    8,        257,         48,       50.5,       50.5,          0   ,          0
          1,    9,        142,        122,       50.5,       50.5,          0   ,          0
------------------------------------------------------------------------------
Component[1] Total Spheres = 9