Component 1 maximum area=0.45 [on 300x300]
Component type: Circle
---------------------------------------------------------------------------------------
--------------|------- Center-----|----- dimensions---------|----------------------
component| id|    X       |     Y      |  Width/a     | height/b |   hoop   |   Slope   
---------------------------------------------------------------------------------------
          1,    1,         13,        210,       50.5,       50.5,          0   ,          0
          1,    2,        180,        181,       50.5,       50.5,          0   ,          0
          1,    3,        284,        207,       50.5,       50.5,          0   ,          0
          1,    4,        214,        150,       50.5,       50.5,          0   ,          0
          1,    5,         64,        248,       50.5,       50.5,          0   ,          0
          1,    6,         77,         15,       50.5,       50.5,          0   ,          0
          1,    7,         13,        186,       50.5,       50.5,          0   ,          0
          1,    8,         31,        243,       50.5,       50.5,          0   ,          0
          1,    9,        262,         70,       50.5,       50.5,          0   ,          0
------------------------------------------------------------------------------
Component[1] Total Spheres = 9