Component 1 maximum area=0.45 [on 300x300]
Component type: Circle
---------------------------------------------------------------------------------------
--------------|------- Center-----|----- dimensions---------|----------------------
component| id|    X       |     Y      |  Width/a     | height/b |   hoop   |   Slope   
---------------------------------------------------------------------------------------
          1,    1,        120,        137,       50.5,       50.5,          0   ,          0
          1,    2,        264,         17,       50.5,       50.5,          0   ,          0
          1,    3,        213,        264,       50.5,       50.5,          0   ,          0
          1,    4,        218,          2,       50.5,       50.5,          0   ,          0
          1,    5,        230,        201,       50.5,       50.5,          0   ,          0
          1,    6,        113,         45,       50.5,       50.5,          0   ,          0
          1,    7,        100,         85,       50.5,       50.5,          0   ,          0
          1,    8,        141,         87,       50.5,       50.5,          0   ,          0
          1,    9,        284,        209,       50.5,       50.5,          0   ,          0
------------------------------------------------------------------------------
Component[1] Total Spheres = 9