Component 1 maximum area=0.45 [on 300x300]
Component type: Circle
---------------------------------------------------------------------------------------
--------------|------- Center-----|----- dimensions---------|----------------------
component| id|    X       |     Y      |  Width/a     | height/b |   hoop   |   Slope   
---------------------------------------------------------------------------------------
          1,    1,        294,         48,       50.5,       50.5,          0   ,          0
          1,    2,        171,        222,       50.5,       50.5,          0   ,          0
          1,    3,        116,        253,       50.5,       50.5,          0   ,          0
          1,    4,        264,        228,       50.5,       50.5,          0   ,          0
          1,    5,         16,        131,       50.5,       50.5,          0   ,          0
          1,    6,        102,        260,       50.5,       50.5,          0   ,          0
          1,    7,        275,         42,       50.5,       50.5,          0   ,          0
          1,    8,         44,         19,       50.5,       50.5,          0   ,          0
          1,    9,        105,        287,       50.5,       50.5,          0   ,          0
          1,   10,        251,        189,       50.5,       50.5,          0   ,          0
------------------------------------------------------------------------------
Component[1] Total Spheres = 10