Component 1 maximum area=0.45 [on 300x300]
Component type: Circle
---------------------------------------------------------------------------------------
--------------|------- Center-----|----- dimensions---------|----------------------
component| id|    X       |     Y      |  Width/a     | height/b |   hoop   |   Slope   
---------------------------------------------------------------------------------------
          1,    1,        231,        187,       50.5,       50.5,          0   ,          0
          1,    2,         40,        203,       50.5,       50.5,          0   ,          0
          1,    3,        112,          9,       50.5,       50.5,          0   ,          0
          1,    4,         23,        279,       50.5,       50.5,          0   ,          0
          1,    5,         10,        275,       50.5,       50.5,          0   ,          0
          1,    6,        184,        195,       50.5,       50.5,          0   ,          0
          1,    7,        128,         49,       50.5,       50.5,          0   ,          0
          1,    8,        148,        205,       50.5,       50.5,          0   ,          0
          1,    9,         75,        100,       50.5,       50.5,          0   ,          0
------------------------------------------------------------------------------
Component[1] Total Spheres = 9