Component 1 maximum area=0.45 [on 300x300]
Component type: Circle
---------------------------------------------------------------------------------------
--------------|------- Center-----|----- dimensions---------|----------------------
component| id|    X       |     Y      |  Width/a     | height/b |   hoop   |   Slope   
---------------------------------------------------------------------------------------
          1,    1,        228,        139,       50.5,       50.5,          0   ,          0
          1,    2,        285,        283,       50.5,       50.5,          0   ,          0
          1,    3,        274,        236,       50.5,       50.5,          0   ,          0
          1,    4,        160,        190,       50.5,       50.5,          0   ,          0
          1,    5,        209,        210,       50.5,       50.5,          0   ,          0
          1,    6,        209,        173,       50.5,       50.5,          0   ,          0
          1,    7,         19,         61,       50.5,       50.5,          0   ,          0
          1,    8,        122,        278,       50.5,       50.5,          0   ,          0
          1,    9,         68,        281,       50.5,       50.5,          0   ,          0
------------------------------------------------------------------------------
Component[1] Total Spheres = 9