Component 1 maximum area=0.45 [on 300x300]
Component type: Circle
---------------------------------------------------------------------------------------
--------------|------- Center-----|----- dimensions---------|----------------------
component| id|    X       |     Y      |  Width/a     | height/b |   hoop   |   Slope   
---------------------------------------------------------------------------------------
          1,    1,         82,        193,       50.5,       50.5,          0   ,          0
          1,    2,        128,        260,       50.5,       50.5,          0   ,          0
          1,    3,         66,         32,       50.5,       50.5,          0   ,          0
          1,    4,        267,         96,       50.5,       50.5,          0   ,          0
          1,    5,         86,         61,       50.5,       50.5,          0   ,          0
          1,    6,         69,        235,       50.5,       50.5,          0   ,          0
          1,    7,         11,         67,       50.5,       50.5,          0   ,          0
          1,    8,         84,        183,       50.5,       50.5,          0   ,          0
          1,    9,        127,        285,       50.5,       50.5,          0   ,          0
          1,   10,        177,        163,       50.5,       50.5,          0   ,          0
------------------------------------------------------------------------------
Component[1] Total Spheres = 10