Component 1 maximum area=0.45 [on 300x300]
Component type: Circle
---------------------------------------------------------------------------------------
--------------|------- Center-----|----- dimensions---------|----------------------
component| id|    X       |     Y      |  Width/a     | height/b |   hoop   |   Slope   
---------------------------------------------------------------------------------------
          1,    1,        134,        116,       50.5,       50.5,          0   ,          0
          1,    2,        250,        216,       50.5,       50.5,          0   ,          0
          1,    3,        232,        192,       50.5,       50.5,          0   ,          0
          1,    4,        256,        189,       50.5,       50.5,          0   ,          0
          1,    5,         69,        108,       50.5,       50.5,          0   ,          0
          1,    6,        163,         16,       50.5,       50.5,          0   ,          0
          1,    7,        230,         18,       50.5,       50.5,          0   ,          0
          1,    8,         31,         95,       50.5,       50.5,          0   ,          0
          1,    9,        208,        129,       50.5,       50.5,          0   ,          0
------------------------------------------------------------------------------
Component[1] Total Spheres = 9