Component 1 maximum area=0.45 [on 300x300]
Component type: Circle
---------------------------------------------------------------------------------------
--------------|------- Center-----|----- dimensions---------|----------------------
component| id|    X       |     Y      |  Width/a     | height/b |   hoop   |   Slope   
---------------------------------------------------------------------------------------
          1,    1,        231,         32,       50.5,       50.5,          0   ,          0
          1,    2,        287,        288,       50.5,       50.5,          0   ,          0
          1,    3,        218,        267,       50.5,       50.5,          0   ,          0
          1,    4,        210,        298,       50.5,       50.5,          0   ,          0
          1,    5,        298,        295,       50.5,       50.5,          0   ,          0
          1,    6,        198,        270,       50.5,       50.5,          0   ,          0
          1,    7,        123,        130,       50.5,       50.5,          0   ,          0
          1,    8,        135,         57,       50.5,       50.5,          0   ,          0
          1,    9,         48,        287,       50.5,       50.5,          0   ,          0
          1,   10,        176,        249,       50.5,       50.5,          0   ,          0
------------------------------------------------------------------------------
Component[1] Total Spheres = 10