Component 1 maximum area=0.45 [on 300x300]
Component type: Circle
---------------------------------------------------------------------------------------
--------------|------- Center-----|----- dimensions---------|----------------------
component| id|    X       |     Y      |  Width/a     | height/b |   hoop   |   Slope   
---------------------------------------------------------------------------------------
          1,    1,          5,        164,       50.5,       50.5,          0   ,          0
          1,    2,        274,        145,       50.5,       50.5,          0   ,          0
          1,    3,         77,         73,       50.5,       50.5,          0   ,          0
          1,    4,         13,          2,       50.5,       50.5,          0   ,          0
          1,    5,         47,        222,       50.5,       50.5,          0   ,          0
          1,    6,        222,         87,       50.5,       50.5,          0   ,          0
          1,    7,         78,         92,       50.5,       50.5,          0   ,          0
          1,    8,         38,        200,       50.5,       50.5,          0   ,          0
          1,    9,        139,        237,       50.5,       50.5,          0   ,          0
------------------------------------------------------------------------------
Component[1] Total Spheres = 9