Component 1 maximum area=0.45 [on 300x300]
Component type: Circle
---------------------------------------------------------------------------------------
--------------|------- Center-----|----- dimensions---------|----------------------
component| id|    X       |     Y      |  Width/a     | height/b |   hoop   |   Slope   
---------------------------------------------------------------------------------------
          1,    1,         35,         75,       50.5,       50.5,          0   ,          0
          1,    2,         82,         61,       50.5,       50.5,          0   ,          0
          1,    3,         10,        238,       50.5,       50.5,          0   ,          0
          1,    4,        118,        202,       50.5,       50.5,          0   ,          0
          1,    5,        117,        211,       50.5,       50.5,          0   ,          0
          1,    6,        122,        221,       50.5,       50.5,          0   ,          0
          1,    7,        156,        212,       50.5,       50.5,          0   ,          0
          1,    8,        222,         22,       50.5,       50.5,          0   ,          0
          1,    9,        110,        269,       50.5,       50.5,          0   ,          0
          1,   10,         17,        127,       50.5,       50.5,          0   ,          0
------------------------------------------------------------------------------
Component[1] Total Spheres = 10