Component 1 maximum area=0.45 [on 300x300]
Component type: Circle
---------------------------------------------------------------------------------------
--------------|------- Center-----|----- dimensions---------|----------------------
component| id|    X       |     Y      |  Width/a     | height/b |   hoop   |   Slope   
---------------------------------------------------------------------------------------
          1,    1,         53,        117,       50.5,       50.5,          0   ,          0
          1,    2,        110,        291,       50.5,       50.5,          0   ,          0
          1,    3,        131,        243,       50.5,       50.5,          0   ,          0
          1,    4,        239,        298,       50.5,       50.5,          0   ,          0
          1,    5,        118,        285,       50.5,       50.5,          0   ,          0
          1,    6,        192,         15,       50.5,       50.5,          0   ,          0
          1,    7,        170,         21,       50.5,       50.5,          0   ,          0
          1,    8,         20,        284,       50.5,       50.5,          0   ,          0
          1,    9,        227,        202,       50.5,       50.5,          0   ,          0
------------------------------------------------------------------------------
Component[1] Total Spheres = 9