Component 1 maximum area=0.45 [on 300x300]
Component type: Circle
---------------------------------------------------------------------------------------
--------------|------- Center-----|----- dimensions---------|----------------------
component| id|    X       |     Y      |  Width/a     | height/b |   hoop   |   Slope   
---------------------------------------------------------------------------------------
          1,    1,         48,        286,       50.5,       50.5,          0   ,          0
          1,    2,        275,          5,       50.5,       50.5,          0   ,          0
          1,    3,        283,         89,       50.5,       50.5,          0   ,          0
          1,    4,        280,        146,       50.5,       50.5,          0   ,          0
          1,    5,        176,         25,       50.5,       50.5,          0   ,          0
          1,    6,        142,        223,       50.5,       50.5,          0   ,          0
          1,    7,        209,         34,       50.5,       50.5,          0   ,          0
          1,    8,        242,         16,       50.5,       50.5,          0   ,          0
          1,    9,        247,        276,       50.5,       50.5,          0   ,          0
          1,   10,        191,         75,       50.5,       50.5,          0   ,          0
------------------------------------------------------------------------------
Component[1] Total Spheres = 10