Component 1 maximum area=0.45 [on 300x300]
Component type: Circle
---------------------------------------------------------------------------------------
--------------|------- Center-----|----- dimensions---------|----------------------
component| id|    X       |     Y      |  Width/a     | height/b |   hoop   |   Slope   
---------------------------------------------------------------------------------------
          1,    1,        143,        140,       50.5,       50.5,          0   ,          0
          1,    2,         74,         96,       50.5,       50.5,          0   ,          0
          1,    3,        196,         68,       50.5,       50.5,          0   ,          0
          1,    4,          1,         71,       50.5,       50.5,          0   ,          0
          1,    5,        296,        270,       50.5,       50.5,          0   ,          0
          1,    6,         40,         95,       50.5,       50.5,          0   ,          0
          1,    7,         87,        133,       50.5,       50.5,          0   ,          0
          1,    8,         76,         90,       50.5,       50.5,          0   ,          0
          1,    9,        251,        297,       50.5,       50.5,          0   ,          0
          1,   10,        296,        111,       50.5,       50.5,          0   ,          0
          1,   11,        133,          6,       50.5,       50.5,          0   ,          0
------------------------------------------------------------------------------
Component[1] Total Spheres = 11