Component 1 maximum area=0.45 [on 300x300]
Component type: Circle
---------------------------------------------------------------------------------------
--------------|------- Center-----|----- dimensions---------|----------------------
component| id|    X       |     Y      |  Width/a     | height/b |   hoop   |   Slope   
---------------------------------------------------------------------------------------
          1,    1,        287,        117,       50.5,       50.5,          0   ,          0
          1,    2,         10,        277,       50.5,       50.5,          0   ,          0
          1,    3,        231,        224,       50.5,       50.5,          0   ,          0
          1,    4,        278,         46,       50.5,       50.5,          0   ,          0
          1,    5,        233,        206,       50.5,       50.5,          0   ,          0
          1,    6,        177,        198,       50.5,       50.5,          0   ,          0
          1,    7,        103,         17,       50.5,       50.5,          0   ,          0
          1,    8,        271,          5,       50.5,       50.5,          0   ,          0
          1,    9,         76,         26,       50.5,       50.5,          0   ,          0
          1,   10,         56,        143,       50.5,       50.5,          0   ,          0
------------------------------------------------------------------------------
Component[1] Total Spheres = 10