Component 1 maximum area=0.45 [on 300x300]
Component type: Circle
---------------------------------------------------------------------------------------
--------------|------- Center-----|----- dimensions---------|----------------------
component| id|    X       |     Y      |  Width/a     | height/b |   hoop   |   Slope   
---------------------------------------------------------------------------------------
          1,    1,        152,        208,       50.5,       50.5,          0   ,          0
          1,    2,        274,        148,       50.5,       50.5,          0   ,          0
          1,    3,        174,        239,       50.5,       50.5,          0   ,          0
          1,    4,        277,          1,       50.5,       50.5,          0   ,          0
          1,    5,        299,         82,       50.5,       50.5,          0   ,          0
          1,    6,        241,         58,       50.5,       50.5,          0   ,          0
          1,    7,         83,        188,       50.5,       50.5,          0   ,          0
          1,    8,        114,        287,       50.5,       50.5,          0   ,          0
          1,    9,        128,         10,       50.5,       50.5,          0   ,          0
------------------------------------------------------------------------------
Component[1] Total Spheres = 9