Component 1 maximum area=0.45 [on 300x300]
Component type: Circle
---------------------------------------------------------------------------------------
--------------|------- Center-----|----- dimensions---------|----------------------
component| id|    X       |     Y      |  Width/a     | height/b |   hoop   |   Slope   
---------------------------------------------------------------------------------------
          1,    1,         97,        256,       50.5,       50.5,          0   ,          0
          1,    2,        142,        247,       50.5,       50.5,          0   ,          0
          1,    3,        251,        294,       50.5,       50.5,          0   ,          0
          1,    4,        170,        267,       50.5,       50.5,          0   ,          0
          1,    5,        294,        101,       50.5,       50.5,          0   ,          0
          1,    6,         59,        210,       50.5,       50.5,          0   ,          0
          1,    7,        128,        251,       50.5,       50.5,          0   ,          0
          1,    8,         76,        263,       50.5,       50.5,          0   ,          0
          1,    9,          3,         31,       50.5,       50.5,          0   ,          0
          1,   10,         77,        115,       50.5,       50.5,          0   ,          0
------------------------------------------------------------------------------
Component[1] Total Spheres = 10