Component 1 maximum area=0.45 [on 300x300]
Component type: Circle
---------------------------------------------------------------------------------------
--------------|------- Center-----|----- dimensions---------|----------------------
component| id|    X       |     Y      |  Width/a     | height/b |   hoop   |   Slope   
---------------------------------------------------------------------------------------
          1,    1,        157,        299,       50.5,       50.5,          0   ,          0
          1,    2,         11,         83,       50.5,       50.5,          0   ,          0
          1,    3,        123,        199,       50.5,       50.5,          0   ,          0
          1,    4,        152,        155,       50.5,       50.5,          0   ,          0
          1,    5,         10,         44,       50.5,       50.5,          0   ,          0
          1,    6,        124,        232,       50.5,       50.5,          0   ,          0
          1,    7,        296,        243,       50.5,       50.5,          0   ,          0
          1,    8,        255,         39,       50.5,       50.5,          0   ,          0
          1,    9,        126,        109,       50.5,       50.5,          0   ,          0
------------------------------------------------------------------------------
Component[1] Total Spheres = 9