Component 1 maximum area=0.45 [on 300x300]
Component type: Circle
---------------------------------------------------------------------------------------
--------------|------- Center-----|----- dimensions---------|----------------------
component| id|    X       |     Y      |  Width/a     | height/b |   hoop   |   Slope   
---------------------------------------------------------------------------------------
          1,    1,        248,        244,       50.5,       50.5,          0   ,          0
          1,    2,        295,         49,       50.5,       50.5,          0   ,          0
          1,    3,        237,         77,       50.5,       50.5,          0   ,          0
          1,    4,         34,        100,       50.5,       50.5,          0   ,          0
          1,    5,          5,         19,       50.5,       50.5,          0   ,          0
          1,    6,        287,        185,       50.5,       50.5,          0   ,          0
          1,    7,         40,         67,       50.5,       50.5,          0   ,          0
          1,    8,        264,        274,       50.5,       50.5,          0   ,          0
          1,    9,          9,         24,       50.5,       50.5,          0   ,          0
          1,   10,        155,        180,       50.5,       50.5,          0   ,          0
------------------------------------------------------------------------------
Component[1] Total Spheres = 10