Component 1 maximum area=0.45 [on 300x300]
Component type: Circle
---------------------------------------------------------------------------------------
--------------|------- Center-----|----- dimensions---------|----------------------
component| id|    X       |     Y      |  Width/a     | height/b |   hoop   |   Slope   
---------------------------------------------------------------------------------------
          1,    1,        195,        298,       50.5,       50.5,          0   ,          0
          1,    2,        258,        297,       50.5,       50.5,          0   ,          0
          1,    3,         68,         77,       50.5,       50.5,          0   ,          0
          1,    4,         46,        113,       50.5,       50.5,          0   ,          0
          1,    5,         76,         39,       50.5,       50.5,          0   ,          0
          1,    6,        262,        110,       50.5,       50.5,          0   ,          0
          1,    7,        206,        109,       50.5,       50.5,          0   ,          0
          1,    8,        176,        119,       50.5,       50.5,          0   ,          0
          1,    9,         64,        237,       50.5,       50.5,          0   ,          0
------------------------------------------------------------------------------
Component[1] Total Spheres = 9