Component 1 maximum area=0.45 [on 300x300]
Component type: Circle
---------------------------------------------------------------------------------------
--------------|------- Center-----|----- dimensions---------|----------------------
component| id|    X       |     Y      |  Width/a     | height/b |   hoop   |   Slope   
---------------------------------------------------------------------------------------
          1,    1,         74,        115,       50.5,       50.5,          0   ,          0
          1,    2,        104,        108,       50.5,       50.5,          0   ,          0
          1,    3,        296,         18,       50.5,       50.5,          0   ,          0
          1,    4,         32,        290,       50.5,       50.5,          0   ,          0
          1,    5,         15,         80,       50.5,       50.5,          0   ,          0
          1,    6,        152,        188,       50.5,       50.5,          0   ,          0
          1,    7,        220,        142,       50.5,       50.5,          0   ,          0
          1,    8,         35,        129,       50.5,       50.5,          0   ,          0
          1,    9,        223,        249,       50.5,       50.5,          0   ,          0
------------------------------------------------------------------------------
Component[1] Total Spheres = 9