Component 1 maximum area=0.45 [on 300x300]
Component type: Circle
---------------------------------------------------------------------------------------
--------------|------- Center-----|----- dimensions---------|----------------------
component| id|    X       |     Y      |  Width/a     | height/b |   hoop   |   Slope   
---------------------------------------------------------------------------------------
          1,    1,         81,        214,       50.5,       50.5,          0   ,          0
          1,    2,        119,        112,       50.5,       50.5,          0   ,          0
          1,    3,        283,        119,       50.5,       50.5,          0   ,          0
          1,    4,         40,        196,       50.5,       50.5,          0   ,          0
          1,    5,         83,        162,       50.5,       50.5,          0   ,          0
          1,    6,        215,        265,       50.5,       50.5,          0   ,          0
          1,    7,        267,         90,       50.5,       50.5,          0   ,          0
          1,    8,         19,        153,       50.5,       50.5,          0   ,          0
          1,    9,        180,         79,       50.5,       50.5,          0   ,          0
------------------------------------------------------------------------------
Component[1] Total Spheres = 9