Component 1 maximum area=0.45 [on 300x300]
Component type: Circle
---------------------------------------------------------------------------------------
--------------|------- Center-----|----- dimensions---------|----------------------
component| id|    X       |     Y      |  Width/a     | height/b |   hoop   |   Slope   
---------------------------------------------------------------------------------------
          1,    1,        109,        268,       50.5,       50.5,          0   ,          0
          1,    2,        263,         24,       50.5,       50.5,          0   ,          0
          1,    3,        121,        285,       50.5,       50.5,          0   ,          0
          1,    4,         47,         15,       50.5,       50.5,          0   ,          0
          1,    5,         53,         26,       50.5,       50.5,          0   ,          0
          1,    6,        104,        178,       50.5,       50.5,          0   ,          0
          1,    7,        262,         24,       50.5,       50.5,          0   ,          0
          1,    8,        201,        187,       50.5,       50.5,          0   ,          0
          1,    9,        175,         88,       50.5,       50.5,          0   ,          0
------------------------------------------------------------------------------
Component[1] Total Spheres = 9